0	0	0	0	0.383909413427505	0	0	0	0	0	0	0	0.365092988036789	0	0.357543483437963	0.358187059930907	0	0	0	0	0	0	0.354600739801556	0	0	0	0	0	0	0	0	0	0	0	0	0	0	0	0	0	0.344277130015263	0	0	0	0	0	0	0	0	0	0	0	0.348603244380363	0	0	0	0	0.375448038983549	0	0	0.389265935371609	0	0.348438890733961	0	0	0	0	0
0	0	0.355526800250403	0	0	0	0	0	0	0	0	0	0	0.384039710468495	0	0.398530317852732	0	0	0	0	0	0	0	0	0	0	0	0	0	0	0	0	0	0	0	0	0	0	0	0	0	0	0	0	0	0	0	0	0	0.373697716561365	0	0.37061832110878	0	0	0	0	0	0	0.389230073021622	0	0	0	0	0	0	0	0	0
0	0.355526800250403	0	0.363550631950667	0	0	0	0	0	0	0	0	0	0	0	0	0	0	0	0.361983525197518	0	0	0.368072744664946	0	0	0.352900215856159	0	0	0.33794710857691	0	0	0.395768726806462	0.376235865347709	0	0	0	0	0	0	0	0	0	0	0	0	0	0.367282211892025	0	0	0.368365015957965	0	0	0	0	0	0	0	0.351741690454017	0	0	0	0	0.396354458715948	0	0.378431728796263	0.345602586677588	0	0
0	0	0.363550631950667	0	0.353191824695793	0	0	0	0	0	0.340528679414038	0.347538418199212	0	0	0	0	0	0	0	0	0	0	0	0	0	0	0	0	0.39518276751672	0	0	0.354920724131876	0	0.39236346539183	0	0	0	0	0.364612756145807	0	0	0.390813209009378	0	0	0	0	0	0	0	0	0	0	0	0.371958028770393	0	0	0	0	0	0.377776009453995	0	0	0	0	0	0	0	0.369209448334074
0.383909413427505	0	0	0.353191824695793	0	0	0.365922395520372	0.387321676264034	0	0	0	0.360305073687567	0	0	0.3720683599835	0.37635927051891	0	0.397605018927604	0.388454210017449	0.34872853997806	0	0.352281833206757	0	0	0	0	0	0	0	0	0	0.349826709794155	0	0	0	0	0	0	0	0.340941916603218	0	0	0	0	0	0	0	0.353497226811669	0	0	0	0	0	0	0	0	0	0	0	0	0	0	0	0	0	0	0.381369298883148	0
0	0	0	0	0	0	0.371656763399743	0	0	0	0.352644558391033	0	0	0	0	0	0	0	0	0.383713096939322	0	0	0	0	0	0	0	0	0.348461751020223	0	0	0	0	0.340218633174878	0	0	0	0.395267874279488	0	0	0	0	0	0	0	0	0	0	0	0.389226680226357	0	0	0	0	0.353582432514305	0	0	0	0	0.383425519229952	0	0	0	0	0	0	0	0
0	0	0	0	0.365922395520372	0.371656763399743	0	0	0	0	0	0	0.399732945069046	0	0	0	0	0	0	0	0	0	0	0	0.352004327859505	0.345103470668021	0	0	0	0	0	0	0	0	0	0	0	0	0	0	0	0	0	0	0	0.358981910496443	0	0	0	0	0	0	0	0	0	0	0	0	0	0.361527263899677	0	0	0	0	0	0.398250689665128	0	0
0	0	0	0	0.387321676264034	0	0	0	0	0.34250148240163	0.366945839147863	0	0	0	0	0	0	0	0	0	0	0	0	0	0	0	0	0	0	0	0	0	0	0	0	0	0	0	0	0	0	0	0	0	0	0	0.370534645239175	0	0	0	0	0	0	0	0	0	0	0	0	0.370237992782838	0	0	0.346936231717981	0	0	0	0	0
0	0	0	0	0	0	0	0	0	0	0	0	0	0	0.362934992604636	0	0	0	0.381480155530016	0	0	0	0	0	0	0	0	0	0	0	0	0	0	0	0	0	0	0	0	0	0	0.385233624347112	0	0	0	0	0.394012787949901	0	0	0	0	0	0	0	0	0	0.365131718776497	0	0	0	0	0	0	0	0	0	0	0
0	0	0	0	0	0	0	0.34250148240163	0	0	0	0.392458535106523	0	0	0.394047359966217	0	0.374371965041033	0	0	0	0	0	0	0	0	0	0.350735232550303	0.345906300206725	0	0	0.379742670727609	0	0	0.374000411172937	0	0	0	0	0	0	0.392293789144228	0	0	0	0	0	0	0	0	0	0.367198838480317	0	0	0.359702287924228	0.352063535518763	0	0	0	0	0.349268703501278	0	0	0	0.385104440786604	0	0	0	0.353102687358805
0	0	0	0.340528679414038	0	0.352644558391033	0	0.366945839147863	0	0	0	0	0	0	0	0.349817988070536	0	0	0	0	0	0.378497185199148	0	0	0	0	0	0	0	0	0	0	0	0.390674179465715	0.393740417993863	0.372142337305332	0	0	0	0	0	0	0	0	0	0	0	0	0	0	0	0.365067518032813	0.378811121281826	0	0	0	0	0	0	0	0	0	0	0	0	0	0	0.363655872730091
0	0	0	0.347538418199212	0.360305073687567	0	0	0	0	0.392458535106523	0	0	0	0	0.382628673678709	0	0	0	0	0	0	0	0	0	0	0	0	0.374088497733676	0	0	0	0	0	0	0	0	0	0.398087454073215	0	0	0	0	0	0	0	0	0	0	0.367119515193342	0.357227981845699	0	0	0	0	0.342204768678288	0	0.350474847022099	0.389160865144129	0	0	0	0	0	0	0	0	0	0.354065382053644
0.365092988036789	0	0	0	0	0	0.399732945069046	0	0	0	0	0	0	0	0	0	0	0	0.397617084355898	0	0	0	0	0	0	0	0.369526823407042	0	0	0	0	0	0	0	0	0	0	0	0	0	0	0.392913080010522	0	0	0.359053000621427	0	0	0	0	0	0	0	0	0	0.338702981076773	0	0	0	0	0	0	0	0.385902141953737	0	0	0	0	0
0	0.384039710468495	0	0	0	0	0	0	0	0	0	0	0	0	0.372860917866215	0	0	0.379755531444559	0	0	0	0	0	0	0	0	0.355821134503158	0	0	0	0	0.399807326335712	0	0	0	0	0.359277566809841	0	0.394884172983219	0	0	0	0.355048631610963	0	0	0	0	0.373090841501309	0	0	0	0	0	0	0	0	0	0	0	0	0	0	0.365651491853933	0	0	0	0	0
0.357543483437963	0	0	0	0.3720683599835	0	0	0	0.362934992604636	0.394047359966217	0	0.382628673678709	0	0.372860917866215	0	0	0.383114104457004	0	0	0	0	0.34392793637799	0.384478716897894	0	0	0	0	0	0	0	0	0	0	0	0	0	0	0	0	0	0	0.391555963355651	0	0	0	0	0	0.387550656345907	0	0	0.376104562956402	0	0	0	0	0.339145814582098	0	0	0.351338832379632	0	0	0	0	0	0.352748239770033	0.388992295864695	0	0
0.358187059930907	0.398530317852732	0	0	0.37635927051891	0	0	0	0	0	0.349817988070536	0	0	0	0	0	0	0	0	0	0.394310636492315	0	0.393344285315945	0	0.396002693676386	0	0	0	0	0	0	0	0.38462358140164	0	0	0	0	0	0	0.375573098272717	0	0	0	0	0	0	0	0	0	0	0	0.351551835446674	0	0	0.368802571352833	0	0	0.397382912941821	0	0	0	0	0.392339603754161	0	0	0	0	0
0	0	0	0	0	0	0	0	0	0.374371965041033	0	0	0	0	0.383114104457004	0	0	0	0	0	0.34431822094633	0	0	0	0	0	0	0	0	0	0	0	0	0	0	0	0	0	0	0	0	0	0	0	0	0	0	0	0	0	0	0.340749458084725	0	0	0.363167359415692	0	0	0	0	0	0	0.365831514833351	0.38773558754406	0	0	0	0	0
0	0	0	0	0.397605018927604	0	0	0	0	0	0	0	0	0.379755531444559	0	0	0	0	0	0	0	0	0	0	0.39027112733782	0	0	0.358695502355471	0	0.358420957924647	0	0.364203699859641	0	0	0	0	0	0	0	0	0	0	0	0	0	0	0	0	0	0	0	0	0	0	0	0	0	0	0	0	0	0	0	0	0.36159685267042	0	0	0.381605811118462
0	0	0	0	0.388454210017449	0	0	0	0.381480155530016	0	0	0	0.397617084355898	0	0	0	0	0	0	0.338679632178303	0	0	0	0	0	0	0	0	0	0	0	0	0	0	0	0	0	0	0	0	0.373424795714347	0	0	0	0	0.377017849041934	0	0	0	0	0.346641019263076	0	0	0	0	0	0	0.356235769940695	0	0.391843554000762	0.389942460584872	0	0	0	0.342485044763489	0	0	0
0	0	0.361983525197518	0	0.34872853997806	0.383713096939322	0	0	0	0	0	0	0	0	0	0	0	0	0.338679632178303	0	0.365107576226293	0	0	0	0	0	0	0	0	0	0	0	0.342176833259079	0	0	0	0	0	0	0	0	0	0	0	0	0	0	0	0	0	0	0	0	0.388100359267552	0	0	0	0	0	0	0	0	0	0.372511122909428	0.376996837469195	0	0	0
0	0	0	0	0	0	0	0	0	0	0	0	0	0	0	0.394310636492315	0.34431822094633	0	0	0.365107576226293	0	0	0	0	0	0	0	0.337877562783578	0.394950149436819	0	0	0	0.355352818237428	0	0	0	0	0	0	0	0	0	0	0	0.357397820993109	0	0	0	0.389348064673865	0	0	0	0.354934937918567	0	0	0	0	0	0	0	0.340763426986679	0	0	0	0	0	0	0
0	0	0	0	0.352281833206757	0	0	0	0	0	0.378497185199148	0	0	0	0.34392793637799	0	0	0	0	0	0	0	0	0	0	0	0	0	0	0	0	0	0	0	0	0.393306187419392	0	0	0	0	0	0	0	0	0	0	0	0	0	0	0	0.346137594708536	0.364273416228585	0	0	0	0.338594734466436	0	0	0	0	0	0	0	0	0	0	0
0.354600739801556	0	0.368072744664946	0	0	0	0	0	0	0	0	0	0	0	0.384478716897894	0.393344285315945	0	0	0	0	0	0	0	0	0	0	0	0	0	0	0	0	0	0	0.379457536752045	0	0.378888050489779	0	0	0	0.345240920295026	0	0.354848766144861	0	0	0	0	0	0.34855990636696	0	0	0	0.359093059317975	0	0	0	0.388630429116336	0	0	0	0	0	0	0	0.399446516139486	0	0	0
0	0	0	0	0	0	0	0	0	0	0	0	0	0	0	0	0	0	0	0	0	0	0	0	0	0	0	0	0	0	0.388610470510681	0	0	0	0	0	0.351341289080369	0.380783200577678	0	0.381404437398555	0	0	0	0	0	0	0	0	0	0	0	0	0	0	0.337698468387762	0	0	0	0	0.34532966301859	0.340710289733566	0	0	0	0	0	0	0
0	0	0	0	0	0	0.352004327859505	0	0	0	0	0	0	0	0	0.396002693676386	0	0.39027112733782	0	0	0	0	0	0	0	0	0	0.345017492572787	0	0	0	0	0	0	0	0	0	0	0	0	0	0	0	0	0	0	0	0.370399802119584	0	0	0	0	0	0	0	0	0	0.356248229509246	0	0	0	0.397950819605519	0	0	0	0	0	0
0	0	0.352900215856159	0	0	0	0.345103470668021	0	0	0	0	0	0	0	0	0	0	0	0	0	0	0	0	0	0	0	0	0	0	0	0	0	0	0	0	0	0	0	0	0	0	0	0	0	0	0	0	0	0	0.37517802129244	0.342193834123194	0	0	0	0	0	0	0.35333470608021	0	0	0	0	0	0	0	0	0	0
0	0	0	0	0	0	0	0	0	0.350735232550303	0	0	0.369526823407042	0.355821134503158	0	0	0	0	0	0	0	0	0	0	0	0	0	0	0	0	0	0	0	0	0	0	0	0	0	0.385901102483067	0	0	0	0	0	0	0	0	0	0	0	0	0	0	0	0	0	0	0	0	0	0	0	0	0	0	0	0.337823039272603
0	0	0	0	0	0	0	0	0	0.345906300206725	0	0.374088497733676	0	0	0	0	0	0.358695502355471	0	0	0.337877562783578	0	0	0	0.345017492572787	0	0	0	0.387970048553357	0	0	0.345777696550506	0	0	0	0	0	0.381996483485365	0	0.391952505267231	0	0	0	0.384473431676498	0	0	0	0	0	0	0.340592426527545	0	0	0	0	0	0	0	0	0.350931386756192	0	0	0	0	0	0	0.364020950593968	0
0	0	0.33794710857691	0.39518276751672	0	0.348461751020223	0	0	0	0	0	0	0	0	0	0	0	0	0	0	0.394950149436819	0	0	0	0	0	0	0.387970048553357	0	0	0	0	0	0.389854338737049	0.381777790655004	0	0	0	0.368109273740745	0	0	0	0	0	0	0	0	0	0	0.391486216344354	0	0	0.382565446225133	0.363522087197523	0	0	0	0	0	0	0	0	0	0	0	0	0	0
0	0	0	0	0	0	0	0	0	0	0	0	0	0	0	0	0	0.358420957924647	0	0	0	0	0	0	0	0	0	0	0	0	0	0	0	0	0	0.377530620214962	0	0	0.385263250423829	0.351395360286251	0	0	0	0.352516561202288	0	0	0	0	0	0	0	0	0	0	0	0	0	0	0	0.374025542079262	0	0	0.353863537290752	0	0	0	0	0
0	0	0	0	0	0	0	0	0	0.379742670727609	0	0	0	0	0	0	0	0	0	0	0	0	0	0.388610470510681	0	0	0	0	0	0	0	0	0	0.397609372653797	0	0	0.380937593444702	0	0	0	0	0	0.342388413874286	0	0	0.34949476426125	0	0	0	0	0	0	0	0	0	0	0	0	0	0	0	0	0	0	0	0	0	0
0	0	0.395768726806462	0.354920724131876	0.349826709794155	0	0	0	0	0	0	0	0	0.399807326335712	0	0	0	0.364203699859641	0	0	0	0	0	0	0	0	0	0.345777696550506	0	0	0	0	0	0.389585987661665	0	0	0	0	0	0	0	0.359581042801079	0.37321426807056	0	0	0	0.397807049028784	0	0	0	0	0	0	0	0.348849608167248	0	0.361639442723328	0	0	0.343215633477127	0	0	0.37629204332585	0	0.351674666551285	0	0.384524392797807	0
0	0	0.376235865347709	0	0	0	0	0	0	0	0	0	0	0	0	0.38462358140164	0	0	0	0.342176833259079	0.355352818237428	0	0	0	0	0	0	0	0	0	0	0	0	0	0	0.349713588336652	0.351196940316536	0	0	0.347024634393439	0	0	0	0	0	0	0.344397956501889	0	0	0	0	0	0	0.360022456134269	0	0	0	0	0.387029665691647	0	0.382444207618716	0.348119689367676	0	0	0	0	0.35782196602521	0
0	0	0	0.39236346539183	0	0.340218633174878	0	0	0	0.374000411172937	0.390674179465715	0	0	0	0	0	0	0	0	0	0	0	0	0	0	0	0	0	0.389854338737049	0	0.397609372653797	0.389585987661665	0	0	0.364741316952536	0	0	0	0	0.362439989860404	0	0	0	0	0	0	0	0	0	0	0	0	0	0	0	0	0	0	0	0	0	0	0.350332383373913	0	0	0	0.366823932291821	0.384102414344496
0	0	0	0	0	0	0	0	0	0	0.393740417993863	0	0	0	0	0	0	0	0	0	0	0	0.379457536752045	0	0	0	0	0	0.381777790655004	0	0	0	0	0.364741316952536	0	0	0	0.363429818136303	0	0	0	0	0.344853869627332	0	0	0	0.338948588704514	0.363649609716447	0	0.361893919623625	0.353336037718427	0	0	0	0	0	0	0	0	0	0.361595043321245	0.36977568208864	0	0	0	0	0	0
0	0	0	0	0	0	0	0	0	0	0.372142337305332	0	0	0	0	0	0	0	0	0	0	0.393306187419392	0	0	0	0	0	0	0	0.377530620214962	0	0	0.349713588336652	0	0	0	0	0	0	0.352756444010326	0	0	0	0	0.382461628460642	0	0	0	0.349014247790383	0	0	0	0.377766354086677	0.387657541554236	0	0	0.368910244664539	0	0	0	0	0	0	0	0.364285528122123	0	0	0
0	0	0	0	0	0	0	0	0	0	0	0	0	0.359277566809841	0	0	0	0	0	0	0	0	0.378888050489779	0.351341289080369	0	0	0	0	0	0	0.380937593444702	0	0.351196940316536	0	0	0	0	0	0	0	0	0	0	0	0	0	0	0	0	0	0	0.348229915543792	0	0	0	0	0	0	0	0	0	0	0	0.375192862853409	0	0	0	0
0	0	0	0	0	0.395267874279488	0	0	0	0	0	0.398087454073215	0	0	0	0	0	0	0	0	0	0	0	0.380783200577678	0	0	0	0.381996483485365	0	0	0	0	0	0	0.363429818136303	0	0	0	0	0	0	0	0.397379861759398	0	0	0	0	0	0.354838765266585	0	0	0	0	0	0	0	0	0	0.389002672944863	0	0	0	0	0	0	0	0	0
0	0	0	0.364612756145807	0	0	0	0	0	0	0	0	0	0.394884172983219	0	0	0	0	0	0	0	0	0	0	0	0	0	0	0.368109273740745	0.385263250423829	0	0	0	0	0	0	0	0	0	0.39117252919453	0	0	0	0	0	0	0	0.362055013660718	0	0	0.350772593532915	0.390202829968988	0	0	0	0	0	0	0	0	0	0	0	0.353943862923581	0	0.394889131673599	0	0
0	0	0	0	0.340941916603218	0	0	0	0	0	0	0	0	0	0	0.375573098272717	0	0	0	0	0	0	0	0.381404437398555	0	0	0.385901102483067	0.391952505267231	0	0.351395360286251	0	0	0.347024634393439	0.362439989860404	0	0.352756444010326	0	0	0.39117252919453	0	0	0	0	0	0	0	0	0.365967105939625	0	0	0	0	0	0	0	0	0	0	0	0	0	0	0	0	0	0	0	0
0.344277130015263	0	0	0	0	0	0	0	0	0.392293789144228	0	0	0	0	0	0	0	0	0.373424795714347	0	0	0	0.345240920295026	0	0	0	0	0	0	0	0	0	0	0	0	0	0	0	0	0	0	0	0	0	0	0	0.339189485193145	0	0	0.398051777382779	0	0	0	0	0	0	0	0	0	0	0	0.351530417579025	0	0.397699190407966	0	0.343242624871879	0	0
0	0	0	0.390813209009378	0	0	0	0	0.385233624347112	0	0	0	0.392913080010522	0	0.391555963355651	0	0	0	0	0	0	0	0	0	0	0	0	0	0	0	0	0.359581042801079	0	0	0	0	0	0	0	0	0	0	0	0.36396925503124	0	0	0	0	0	0.374131751345515	0.351006917073636	0.356296879369407	0	0	0	0	0	0.392719425238548	0.358370550831071	0	0	0	0	0	0	0	0	0
0	0	0	0	0	0	0	0	0	0	0	0	0	0.355048631610963	0	0	0	0	0	0	0	0	0.354848766144861	0	0	0	0	0	0	0	0.342388413874286	0.37321426807056	0	0	0.344853869627332	0	0	0.397379861759398	0	0	0	0	0	0	0	0	0.368701069274865	0	0	0	0	0	0	0	0	0	0	0	0.394295930657423	0	0	0	0	0.399918351584981	0	0	0	0
0	0	0	0	0	0	0	0	0	0	0	0	0	0	0	0	0	0	0	0	0	0	0	0	0	0	0	0.384473431676498	0	0.352516561202288	0	0	0	0	0	0	0	0	0	0	0	0.36396925503124	0	0	0	0	0	0	0	0.376370539896695	0.338712805855866	0	0	0	0	0	0	0	0	0.379917694970991	0	0	0	0	0	0	0	0
0	0	0	0	0	0	0	0	0	0	0	0	0.359053000621427	0	0	0	0	0	0	0	0.357397820993109	0	0	0	0	0	0	0	0	0	0	0	0	0	0	0.382461628460642	0	0	0	0	0	0	0	0	0	0	0	0	0	0	0.376567584051194	0	0	0.361572264067372	0	0	0	0	0	0	0	0.344437733959427	0.375218257333654	0	0.383206795197534	0	0	0
0	0	0	0	0	0	0.358981910496443	0	0	0	0	0	0	0	0	0	0	0	0.377017849041934	0	0	0	0	0	0	0	0	0	0	0	0.34949476426125	0	0	0	0	0	0	0	0	0	0	0	0	0	0	0	0	0	0.344388991796617	0	0	0.389626770421389	0	0	0	0	0	0	0	0	0.337953887852498	0	0	0	0.341539834558849	0.395589505974401	0	0
0	0	0.367282211892025	0	0	0	0	0.370534645239175	0.394012787949901	0	0	0	0	0	0	0	0	0	0	0	0	0	0	0	0	0	0	0	0	0	0	0.397807049028784	0.344397956501889	0	0.338948588704514	0	0	0	0	0	0.339189485193145	0	0.368701069274865	0	0	0	0	0	0	0	0	0	0	0	0	0.386219861186638	0	0	0	0.345382961728304	0	0	0	0	0	0	0.343619628126536	0
0	0	0	0	0.353497226811669	0	0	0	0	0	0	0	0	0.373090841501309	0.387550656345907	0	0	0	0	0	0	0	0	0	0.370399802119584	0	0	0	0	0	0	0	0	0	0.363649609716447	0	0	0	0.362055013660718	0.365967105939625	0	0	0	0	0	0	0	0	0	0	0	0.39738126626481	0	0	0	0	0	0	0	0.396768956467452	0	0	0	0	0	0	0	0
0	0	0	0	0	0	0	0	0	0	0	0.367119515193342	0	0	0	0	0	0	0	0	0.389348064673865	0	0.34855990636696	0	0	0	0	0	0	0	0	0	0	0	0	0.349014247790383	0	0.354838765266585	0	0	0	0	0	0	0	0.344388991796617	0	0	0	0	0	0	0.367679641159397	0	0	0	0.353704653194348	0	0	0	0.378911609659017	0.379716425386758	0	0	0	0.366952603177759	0.358343445921006	0.368656227634918
0	0.373697716561365	0.368365015957965	0	0	0.389226680226357	0	0	0	0	0	0.357227981845699	0	0	0	0	0	0	0	0	0	0	0	0	0	0.37517802129244	0	0	0.391486216344354	0	0	0	0	0	0.361893919623625	0	0	0	0	0	0.398051777382779	0.374131751345515	0	0.376370539896695	0	0	0	0	0	0	0	0	0.360101192703883	0.398919418783881	0	0	0.341458596804322	0.369574834171708	0	0	0.372270181625944	0	0	0	0	0	0	0
0	0	0	0	0	0	0	0	0	0.367198838480317	0	0	0	0	0.376104562956402	0	0	0	0.346641019263076	0	0	0	0	0	0	0.342193834123194	0	0.340592426527545	0	0	0	0	0	0	0.353336037718427	0	0	0	0.350772593532915	0	0	0.351006917073636	0	0.338712805855866	0.376567584051194	0	0	0	0	0	0	0	0	0	0	0	0	0.340179874961602	0	0	0	0	0	0	0	0	0	0.379304600821283
0	0.37061832110878	0	0	0	0	0	0	0	0	0.365067518032813	0	0	0	0	0.351551835446674	0.340749458084725	0	0	0	0	0.346137594708536	0	0	0	0	0	0	0	0	0	0	0	0	0	0	0.348229915543792	0	0.390202829968988	0	0	0.356296879369407	0	0	0	0.389626770421389	0	0.39738126626481	0	0	0	0	0	0	0	0	0	0	0	0	0	0	0	0	0	0	0	0
0.348603244380363	0	0	0	0	0	0	0	0	0	0.378811121281826	0	0	0	0	0	0	0	0	0	0.354934937918567	0.364273416228585	0.359093059317975	0	0	0	0	0	0.382565446225133	0	0	0	0	0	0	0.377766354086677	0	0	0	0	0	0	0	0	0	0	0	0	0.367679641159397	0.360101192703883	0	0	0	0.373368130551714	0	0	0	0	0	0	0	0	0.352411064510412	0	0.348722198827363	0	0	0.36982382311666
0	0	0	0.371958028770393	0	0	0	0	0	0.359702287924228	0	0	0	0	0	0	0	0	0	0.388100359267552	0	0	0	0	0	0	0	0	0.363522087197523	0	0	0	0.360022456134269	0	0	0.387657541554236	0	0	0	0	0	0	0	0	0.361572264067372	0	0	0	0	0.398919418783881	0	0	0.373368130551714	0	0	0	0	0	0	0	0.393611754453537	0	0	0	0	0	0	0
0	0	0	0	0	0.353582432514305	0	0	0	0.352063535518763	0	0.342204768678288	0.338702981076773	0	0	0.368802571352833	0.363167359415692	0	0	0	0	0	0	0.337698468387762	0	0	0	0	0	0	0	0.348849608167248	0	0	0	0	0	0	0	0	0	0	0	0	0	0	0	0	0	0	0	0	0	0	0	0	0	0	0	0	0	0	0	0	0	0	0	0
0	0	0	0	0	0	0	0	0	0	0	0	0	0	0.339145814582098	0	0	0	0	0	0	0	0	0	0	0	0	0	0	0	0	0	0	0	0	0	0	0	0	0	0	0	0	0	0	0	0.386219861186638	0	0	0	0	0	0	0	0	0	0	0	0	0	0	0.388792500256226	0	0	0	0	0	0
0	0	0	0	0	0	0	0	0.365131718776497	0	0	0.350474847022099	0	0	0	0	0	0	0	0	0	0.338594734466436	0.388630429116336	0	0	0	0	0	0	0	0	0.361639442723328	0	0	0	0.368910244664539	0	0	0	0	0	0	0	0	0	0	0	0	0.353704653194348	0.341458596804322	0	0	0	0	0	0	0	0	0.351026186119996	0.352197248041663	0	0	0.367107716246719	0	0	0	0.383413308576293	0
0.375448038983549	0	0.351741690454017	0	0	0	0	0	0	0	0	0.389160865144129	0	0	0	0.397382912941821	0	0	0.356235769940695	0	0	0	0	0	0.356248229509246	0.35333470608021	0	0	0	0	0	0	0	0	0	0	0	0	0	0	0	0.392719425238548	0	0	0	0	0	0	0	0.369574834171708	0.340179874961602	0	0	0	0	0	0	0	0	0.379527706100688	0	0.368698595987376	0	0	0	0	0	0
0	0.389230073021622	0	0	0	0	0	0	0	0	0	0	0	0	0.351338832379632	0	0	0	0	0	0	0	0	0	0	0	0	0	0	0	0	0	0.387029665691647	0	0	0	0	0.389002672944863	0	0	0	0.358370550831071	0.394295930657423	0	0	0	0	0	0	0	0	0	0	0	0	0	0.351026186119996	0	0	0	0	0	0	0	0.397038150276317	0	0	0
0	0	0	0.377776009453995	0	0.383425519229952	0.361527263899677	0.370237992782838	0	0.349268703501278	0	0	0	0	0	0	0	0	0.391843554000762	0	0	0	0	0.34532966301859	0	0	0	0.350931386756192	0	0.374025542079262	0	0.343215633477127	0	0	0	0	0	0	0	0	0	0	0	0.379917694970991	0	0	0.345382961728304	0.396768956467452	0	0	0	0	0	0	0	0	0.352197248041663	0.379527706100688	0	0	0	0	0	0	0	0	0	0.364706479844409
0.389265935371609	0	0	0	0	0	0	0	0	0	0	0	0	0	0	0	0	0	0.389942460584872	0	0.340763426986679	0	0	0.340710289733566	0	0	0	0	0	0	0	0	0.382444207618716	0	0.361595043321245	0	0	0	0	0	0	0	0	0	0	0.337953887852498	0	0	0.378911609659017	0.372270181625944	0	0	0	0.393611754453537	0	0	0	0	0	0	0	0	0	0.382358947336735	0	0	0	0
0	0	0	0	0	0	0	0	0	0	0	0	0	0	0	0	0.365831514833351	0	0	0	0	0	0	0	0.397950819605519	0	0	0	0	0	0	0	0.348119689367676	0	0.36977568208864	0	0	0	0	0	0.351530417579025	0	0	0	0.344437733959427	0	0	0	0.379716425386758	0	0	0	0	0	0	0.388792500256226	0	0.368698595987376	0	0	0	0	0	0.338943228244367	0	0	0	0
0.348438890733961	0	0.396354458715948	0	0	0	0	0.346936231717981	0	0	0	0	0.385902141953737	0.365651491853933	0	0.392339603754161	0.38773558754406	0	0	0	0	0	0	0	0	0	0	0	0	0.353863537290752	0	0.37629204332585	0	0.350332383373913	0	0	0	0	0	0	0	0	0	0	0.375218257333654	0	0	0	0	0	0	0	0.352411064510412	0	0	0	0.367107716246719	0	0	0	0	0	0	0	0.34657840406179	0	0	0.364713938315147
0	0	0	0	0	0	0	0	0	0.385104440786604	0	0	0	0	0	0	0	0	0	0.372511122909428	0	0	0	0	0	0	0	0	0	0	0	0	0	0	0	0	0.375192862853409	0	0.353943862923581	0	0.397699190407966	0	0.399918351584981	0	0	0	0	0	0	0	0	0	0	0	0	0	0	0	0	0	0.382358947336735	0.338943228244367	0	0	0	0	0.371192667637107	0
0	0	0.378431728796263	0	0	0	0	0	0	0	0	0	0	0	0.352748239770033	0	0	0.36159685267042	0.342485044763489	0.376996837469195	0	0	0.399446516139486	0	0	0	0	0	0	0	0	0.351674666551285	0	0	0	0.364285528122123	0	0	0	0	0	0	0	0	0.383206795197534	0.341539834558849	0	0	0	0	0	0	0.348722198827363	0	0	0	0	0	0.397038150276317	0	0	0	0.34657840406179	0	0	0	0	0
0	0	0.345602586677588	0	0	0	0.398250689665128	0	0	0	0	0	0	0	0.388992295864695	0	0	0	0	0	0	0	0	0	0	0	0	0	0	0	0	0	0	0	0	0	0	0	0.394889131673599	0	0.343242624871879	0	0	0	0	0.395589505974401	0	0	0.366952603177759	0	0	0	0	0	0	0	0	0	0	0	0	0	0	0	0	0	0	0
0	0	0	0	0.381369298883148	0	0	0	0	0	0	0	0	0	0	0	0	0	0	0	0	0	0	0	0	0	0	0.364020950593968	0	0	0	0.384524392797807	0.35782196602521	0.366823932291821	0	0	0	0	0	0	0	0	0	0	0	0	0.343619628126536	0	0.358343445921006	0	0	0	0	0	0	0	0.383413308576293	0	0	0	0	0	0	0.371192667637107	0	0	0	0
0	0	0	0.369209448334074	0	0	0	0	0	0.353102687358805	0.363655872730091	0.354065382053644	0	0	0	0	0	0.381605811118462	0	0	0	0	0	0	0	0	0.337823039272603	0	0	0	0	0	0	0.384102414344496	0	0	0	0	0	0	0	0	0	0	0	0	0	0	0.368656227634918	0	0.379304600821283	0	0.36982382311666	0	0	0	0	0	0	0.364706479844409	0	0	0.364713938315147	0	0	0	0	0
