0	0	0.375908309143226	0	0	0	0	0	0.363665158868071	0.353848309370455	0	0	0	0.368242617090416	0	0	0	0	0	0.404101414877486	0	0	0	0	0.40362796687727	0	0	0	0	0.402163598143008	0	0.350978043464876	0.361819881605027	0	0.388478747974301	0	0	0	0	0	0.371390317377539	0	0	0.366683864955986	0	0	0	0	0	0.35161642277317	0	0	0	0	0	0	0	0	0.360760737453567	0	0	0	0	0	0	0	0	0
0	0	0.357953253285057	0.379669379800207	0.370735306717499	0	0	0.389280914952456	0.399361628051052	0	0	0	0	0	0	0	0	0	0	0	0	0.379695857650709	0	0.378400215769234	0	0.357816479281392	0	0	0	0	0	0	0	0	0	0	0	0	0	0	0.373340074333811	0	0	0	0	0	0	0.404247072943596	0	0	0	0	0	0.389632700146813	0.398088407440157	0	0	0.363725181703061	0	0	0	0	0	0	0	0	0.396976713050155	0
0.375908309143226	0.357953253285057	0	0.363865331711378	0	0	0	0	0	0	0	0	0	0	0	0.400011689352017	0	0	0	0	0.399547364781121	0	0.407516523566818	0	0.356888601443516	0	0	0.365735831221172	0	0	0	0	0	0	0	0	0	0	0.382160503412228	0	0	0.372975503863031	0	0	0	0	0	0	0	0	0.367977793672327	0	0	0	0	0	0	0	0	0	0	0	0	0	0	0	0.388550486864664	0
0	0.379669379800207	0.363865331711378	0	0.379473046449515	0.38234478735411	0	0	0	0.372916995479271	0	0.354211448504834	0	0	0	0.368537305100796	0	0	0	0	0	0	0.378340186041491	0	0	0	0	0	0.368662688402859	0	0	0	0.348331172783242	0.377145979026788	0	0.399274637316267	0	0	0	0	0	0	0	0	0	0	0	0	0.357994005164398	0	0	0.354417460924872	0	0	0.378034215076665	0	0	0	0	0.374655649003981	0	0	0	0	0	0.405957567226346	0	0
0	0.370735306717499	0	0.379473046449515	0	0	0.400180572984245	0	0	0	0	0	0	0.359559485125806	0	0	0	0	0	0.403930992413725	0	0	0	0.358244277070346	0	0	0.397399817762271	0	0	0	0	0	0.361846549106281	0	0	0	0	0.351678697640571	0	0	0	0	0	0	0	0.350926176538443	0.379898878713141	0	0	0	0	0.381411981924969	0	0	0	0	0	0	0	0	0	0	0	0	0	0	0.405963153263503	0
0	0	0	0.38234478735411	0	0	0	0	0	0	0	0	0	0	0	0	0	0.396387092104371	0	0	0	0	0	0	0	0	0	0	0	0	0	0	0	0	0.408296968748239	0	0.390102753395328	0	0	0	0	0	0.348302685794267	0	0.3600599354464	0	0	0	0.400795833760863	0	0	0	0	0	0	0.381817362738261	0	0	0	0	0	0	0	0	0	0	0	0
0	0	0	0	0.400180572984245	0	0	0	0	0	0	0	0	0.380261115730704	0	0	0	0	0	0	0	0	0	0	0.358648865851556	0	0	0	0	0	0.399486526714572	0	0	0	0	0	0	0	0	0	0	0	0	0	0	0	0	0	0	0	0	0	0	0	0	0	0	0	0.35796965606999	0	0	0	0.381584245073516	0.402971611193783	0	0	0	0
0	0.389280914952456	0	0	0	0	0	0	0.363647941154583	0	0	0	0.379092412159349	0	0	0	0	0	0.379062610347991	0	0.348460922372015	0	0	0	0	0	0	0	0	0	0	0	0	0	0	0.390934083029587	0	0	0	0	0	0	0	0	0	0	0	0	0.404584419663668	0	0	0	0.370141066880122	0	0.376592385092517	0	0	0	0	0	0	0	0	0	0	0	0	0
0.363665158868071	0.399361628051052	0	0	0	0	0	0.363647941154583	0	0	0	0.372287344444381	0.348776010880889	0	0	0	0	0	0	0	0.386815808419432	0.403365626857675	0	0	0	0	0	0	0	0	0	0	0	0	0	0	0.372502511992437	0	0.361646832032668	0.373895706465386	0	0	0	0.352695438393188	0	0	0	0	0	0	0	0	0	0	0	0	0	0	0.400730881104131	0	0	0	0	0	0	0	0.408610977398382	0
0.353848309370455	0	0	0.372916995479271	0	0	0	0	0	0	0	0	0	0	0	0.362760211005145	0.389595679999896	0.406742615372651	0.360491637252353	0	0	0.393811279672541	0	0	0	0	0.38634203448215	0	0	0	0	0	0	0	0	0	0	0	0	0	0	0	0	0	0	0	0	0	0.407489353599562	0	0	0	0	0	0.392650464470517	0	0	0	0	0	0	0	0	0	0	0	0	0
0	0	0	0	0	0	0	0	0	0	0	0	0	0	0	0.377294508036717	0.366018560136124	0	0	0	0	0	0	0	0	0	0	0	0	0	0	0	0	0	0	0	0	0	0	0	0	0	0	0	0	0	0	0	0	0	0	0	0.386642571874156	0	0	0	0	0	0	0	0	0	0	0	0	0	0	0
0	0	0	0.354211448504834	0	0	0	0	0.372287344444381	0	0	0	0	0	0	0	0.388254946333959	0	0	0	0	0	0	0	0	0	0	0.375365007155407	0.395987105678548	0	0.371648438056384	0	0	0.359252346304982	0	0	0	0	0.408516333534588	0	0	0	0.38707046061531	0	0	0.378274132202094	0	0	0	0	0	0	0	0	0	0	0.39735490489376	0	0	0.397382974096959	0	0	0	0.393680541975553	0	0	0	0
0	0	0	0	0	0	0	0.379092412159349	0.348776010880889	0	0	0	0	0	0	0	0	0	0.389152863809254	0	0	0	0	0	0	0	0	0	0	0.364653947252039	0.399356370729364	0	0	0.396627027062345	0	0	0.394877442141892	0	0	0.352176363151459	0	0	0.38595485162039	0	0	0.380040781376181	0	0	0	0	0	0	0	0	0.370439189224882	0	0	0	0	0	0.384050805846787	0	0.365011593500401	0	0	0	0	0
0.368242617090416	0	0	0	0.359559485125806	0	0.380261115730704	0	0	0	0	0	0	0	0	0	0	0	0	0.364629166956718	0.355614233734734	0.353630449774972	0	0.350161552018524	0	0	0	0.381336217484229	0	0.35616113478763	0	0	0	0	0	0	0	0	0	0.365517118527069	0.367325430330527	0	0	0	0	0	0.408207710853488	0	0	0	0	0	0	0	0.393061482887962	0	0.396042874148365	0	0.359672617430172	0	0.365477581378944	0	0	0.38030119806113	0	0	0	0.402167050856376
0	0	0	0	0	0	0	0	0	0	0	0	0	0	0	0	0	0.396013969989882	0	0.395745767677096	0	0	0	0	0	0	0	0	0	0	0	0.387272606603873	0	0	0	0	0.387282459673033	0	0	0.394516536781996	0	0	0	0	0	0	0	0	0	0.374529646327859	0	0	0	0.383159790037691	0	0.389782386165053	0	0	0	0	0	0	0.376247660978502	0	0	0	0	0
0	0	0.400011689352017	0.368537305100796	0	0	0	0	0	0.362760211005145	0.377294508036717	0	0	0	0	0	0	0.403408094527525	0	0	0	0	0	0	0	0	0	0	0	0	0	0	0	0	0.394217290315604	0	0	0	0	0	0.386619645149243	0.376877520429664	0	0	0	0.356350296516354	0	0	0.353823905394148	0	0	0	0	0	0.378488757190328	0	0	0	0	0	0	0	0.381352902982998	0	0	0	0	0.360357455327919
0	0	0	0	0	0	0	0	0	0.389595679999896	0.366018560136124	0.388254946333959	0	0	0	0	0	0	0	0	0.356609289050896	0	0	0.386215945960502	0	0	0	0	0	0	0	0	0	0	0.39518999192423	0	0	0	0	0	0	0	0	0	0	0	0	0.350917189613104	0	0	0	0	0	0	0	0	0	0	0	0	0.376112473398574	0	0	0	0.391786354584674	0	0	0
0	0	0	0	0	0.396387092104371	0	0	0	0.406742615372651	0	0	0	0	0.396013969989882	0.403408094527525	0	0	0	0.405429379280455	0	0	0.404434498540468	0	0	0	0	0	0	0	0	0	0	0	0	0	0	0	0	0	0	0	0	0	0	0	0	0	0.408694035377041	0	0	0	0	0	0	0.402974955564409	0	0	0	0	0	0	0	0	0.396538868093756	0	0	0
0	0	0	0	0	0	0	0.379062610347991	0	0.360491637252353	0	0	0.389152863809254	0	0	0	0	0	0	0	0	0.362344531395076	0	0.362216958713434	0	0.375909268820874	0.392833131918902	0	0	0	0	0	0	0	0	0	0.349450331689232	0	0	0	0	0	0	0	0.390654733250695	0	0	0	0	0	0	0	0	0	0.389161139386973	0	0	0	0	0	0	0	0	0	0	0	0	0
0.404101414877486	0	0	0	0.403930992413725	0	0	0	0	0	0	0	0	0.364629166956718	0.395745767677096	0	0	0.405429379280455	0	0	0	0	0	0	0	0	0	0	0	0	0	0	0	0	0	0	0	0	0	0	0.377151750868028	0.403111920810842	0	0	0	0	0	0	0.406271708915688	0	0	0	0	0	0	0	0	0	0	0	0	0	0	0	0	0.383234038671199	0	0
0	0	0.399547364781121	0	0	0	0	0.348460922372015	0.386815808419432	0	0	0	0	0.355614233734734	0	0	0.356609289050896	0	0	0	0	0	0	0	0	0	0	0	0	0	0	0	0	0	0	0.385392698287656	0.384382831461886	0	0	0	0	0	0	0	0	0	0	0	0	0	0	0	0	0	0	0	0	0	0	0	0.386787192248517	0	0	0.365690238679822	0	0	0	0
0	0.379695857650709	0	0	0	0	0	0	0.403365626857675	0.393811279672541	0	0	0	0.353630449774972	0	0	0	0	0.362344531395076	0	0	0	0	0	0	0	0	0.354211762262561	0	0	0.359775038803715	0	0	0	0	0	0	0	0	0.36154572010289	0	0	0	0	0	0	0	0	0	0	0.352285811368561	0	0	0	0	0	0	0	0	0.361459573147961	0.375304605943321	0	0	0	0	0.35290816539134	0	0
0	0	0.407516523566818	0.378340186041491	0	0	0	0	0	0	0	0	0	0	0	0	0	0.404434498540468	0	0	0	0	0	0	0	0	0.367323624981704	0	0	0	0	0.348433166346356	0	0	0	0	0	0	0	0	0	0	0	0	0.388906660245984	0	0	0	0	0	0	0	0	0.389907615650817	0	0	0	0	0	0	0	0	0.372031551954498	0	0	0	0	0
0	0.378400215769234	0	0	0.358244277070346	0	0	0	0	0	0	0	0	0.350161552018524	0	0	0.386215945960502	0	0.362216958713434	0	0	0	0	0	0	0.366548393272639	0.403915490614512	0	0	0.360639486424088	0.405928879451725	0	0.365615503783486	0	0	0.378852279629939	0	0	0	0	0	0	0.363127727893188	0	0	0.35781873542462	0	0	0.367470937670015	0	0.397084270605376	0	0	0	0	0	0	0	0	0	0	0.395515488626931	0	0	0	0.367994595110252	0	0
0.40362796687727	0	0.356888601443516	0	0	0	0.358648865851556	0	0	0	0	0	0	0	0	0	0	0	0	0	0	0	0	0	0	0	0	0	0	0	0	0	0	0	0	0	0	0	0	0	0	0	0	0	0	0	0	0.365309065633477	0	0	0	0	0	0	0	0	0	0	0	0	0	0	0	0	0.386601334272496	0	0	0
0	0.357816479281392	0	0	0	0	0	0	0	0	0	0	0	0	0	0	0	0	0.375909268820874	0	0	0	0	0.366548393272639	0	0	0	0	0	0.389320945481981	0	0	0	0.398928956058988	0	0	0	0	0.368881205296311	0	0	0	0.36531837301045	0	0	0	0	0	0	0	0.358640222064312	0	0	0	0	0	0	0.381660932772639	0	0	0	0	0	0	0	0	0	0
0	0	0	0	0.397399817762271	0	0	0	0	0.38634203448215	0	0	0	0	0	0	0	0	0.392833131918902	0	0	0	0.367323624981704	0.403915490614512	0	0	0	0	0	0.401702340744287	0	0	0	0.355912954335425	0	0	0	0	0	0	0.382011136142296	0.375466361188846	0	0	0	0	0	0	0	0	0	0.377688787815191	0	0	0	0	0	0	0	0	0	0	0	0.356912346057685	0	0	0	0
0	0	0.365735831221172	0	0	0	0	0	0	0	0	0.375365007155407	0	0.381336217484229	0	0	0	0	0	0	0	0.354211762262561	0	0	0	0	0	0	0.353568258939772	0	0	0	0.382417782678903	0	0	0	0	0	0	0.35651939865026	0	0	0	0	0	0	0	0.380148760671159	0	0	0	0	0	0	0	0	0	0	0	0	0	0	0.39713719050997	0	0	0.406648235628272	0.375235674648275	0
0	0	0	0.368662688402859	0	0	0	0	0	0	0	0.395987105678548	0	0	0	0	0	0	0	0	0	0	0	0	0	0	0	0.353568258939772	0	0	0.361828384802459	0.390676125624696	0	0.387751076889953	0	0.380687344639948	0	0	0	0.388517526281062	0	0	0	0	0	0	0	0	0.398910747150085	0	0	0	0	0	0	0	0	0.364778995673268	0.405324372566012	0	0	0	0	0	0	0	0	0
0.402163598143008	0	0	0	0	0	0	0	0	0	0	0	0.364653947252039	0.35616113478763	0	0	0	0	0	0	0	0	0	0.360639486424088	0	0.389320945481981	0.401702340744287	0	0	0	0	0	0	0	0	0	0	0	0	0	0	0	0	0.408543632132302	0.350108120762619	0	0	0	0	0	0.389401909060873	0	0.384637853966788	0	0	0	0	0	0	0	0	0	0	0	0	0	0	0
0	0	0	0	0	0	0.399486526714572	0	0	0	0	0.371648438056384	0.399356370729364	0	0	0	0	0	0	0	0	0.359775038803715	0	0.405928879451725	0	0	0	0	0.361828384802459	0	0	0	0	0	0.394838631428988	0	0	0.382600374538603	0	0	0	0	0	0	0	0	0.386737575524841	0	0	0	0	0	0	0	0	0.392530741070114	0	0	0	0	0	0	0	0	0	0	0	0.377886850711176
0.350978043464876	0	0	0	0	0	0	0	0	0	0	0	0	0	0.387272606603873	0	0	0	0	0	0	0	0.348433166346356	0	0	0	0	0	0.390676125624696	0	0	0	0	0	0	0	0	0	0	0	0	0	0	0	0	0	0	0	0	0	0	0	0.387197837794634	0	0	0	0	0	0	0	0	0	0.364259079647517	0	0.363226372787815	0	0.402196812033616	0
0.361819881605027	0	0	0.348331172783242	0.361846549106281	0	0	0	0	0	0	0	0	0	0	0	0	0	0	0	0	0	0	0.365615503783486	0	0	0	0.382417782678903	0	0	0	0	0	0	0	0	0	0	0	0.371525858272872	0	0	0	0	0	0.386301499741337	0	0	0	0	0	0	0	0	0.397951518606685	0	0	0	0	0	0	0.385134808020651	0	0	0	0	0	0
0	0	0	0.377145979026788	0	0	0	0	0	0	0	0.359252346304982	0.396627027062345	0	0	0	0	0	0	0	0	0	0	0	0	0.398928956058988	0.355912954335425	0	0.387751076889953	0	0	0	0	0	0.394893290090745	0	0	0	0	0	0	0	0	0	0	0	0	0	0	0	0	0	0	0	0	0.382974880611259	0	0	0	0.3890842017973	0	0	0	0	0.398640398506118	0	0	0
0.388478747974301	0	0	0	0	0.408296968748239	0	0	0	0	0	0	0	0	0	0.394217290315604	0.39518999192423	0	0	0	0	0	0	0	0	0	0	0	0	0	0.394838631428988	0	0	0.394893290090745	0	0.360295769727601	0	0	0	0	0	0	0.357527610058089	0	0	0.36108752683717	0	0	0	0	0	0	0	0	0	0.39614019207315	0	0	0	0	0	0	0	0	0	0	0	0
0	0	0	0.399274637316267	0	0	0	0.390934083029587	0	0	0	0	0	0	0	0	0	0	0	0	0.385392698287656	0	0	0.378852279629939	0	0	0	0	0.380687344639948	0	0	0	0	0	0.360295769727601	0	0	0	0.395816486296225	0	0	0	0	0	0	0	0.387260419293023	0.379671211603917	0	0.384189106279278	0	0	0.368711082672567	0	0	0	0.384197367932461	0	0	0	0	0	0	0	0	0	0	0
0	0	0	0	0	0.390102753395328	0	0	0.372502511992437	0	0	0	0.394877442141892	0	0.387282459673033	0	0	0	0.349450331689232	0	0.384382831461886	0	0	0	0	0	0	0	0	0	0	0	0	0	0	0	0	0	0	0.368683363162551	0	0	0	0	0	0	0	0	0	0	0	0.399797539027325	0	0	0	0	0	0	0	0	0.350614654333233	0	0	0	0.353685792191186	0	0	0.389814156773978
0	0	0	0	0.351678697640571	0	0	0	0	0	0	0	0	0	0	0	0	0	0	0	0	0	0	0	0	0	0	0	0	0	0.382600374538603	0	0	0	0	0	0	0	0	0	0	0	0	0	0	0	0	0	0	0	0	0	0	0	0	0	0	0	0	0	0	0	0	0	0	0	0	0
0	0	0.382160503412228	0	0	0	0	0	0.361646832032668	0	0	0.408516333534588	0	0	0	0	0	0	0	0	0	0	0	0	0	0.368881205296311	0	0	0	0	0	0	0	0	0	0.395816486296225	0	0	0	0	0	0.355483610016588	0.384683533282082	0	0	0	0	0.375678838467951	0	0	0.348496351222973	0	0	0	0	0.394810361335077	0	0.359147865095854	0	0	0.372714093861555	0.382603354669837	0	0	0	0	0	0
0	0	0	0	0	0	0	0	0.373895706465386	0	0	0	0.352176363151459	0.365517118527069	0.394516536781996	0	0	0	0	0	0	0.36154572010289	0	0	0	0	0	0.35651939865026	0.388517526281062	0	0	0	0.371525858272872	0	0	0	0.368683363162551	0	0	0	0	0	0	0	0	0	0	0	0	0	0.375768270105849	0	0	0	0.351607526244201	0	0	0.388284630426354	0.36223317534021	0.405028824436311	0	0	0	0	0	0.390451035058519	0	0
0.371390317377539	0.373340074333811	0	0	0	0	0	0	0	0	0	0	0	0.367325430330527	0	0.386619645149243	0	0	0	0.377151750868028	0	0	0	0	0	0	0.382011136142296	0	0	0	0	0	0	0	0	0	0	0	0	0	0	0.377051396516656	0	0	0	0	0	0	0	0	0	0	0	0.368168648751336	0	0	0	0	0	0	0	0	0	0	0.386724303283106	0	0	0
0	0	0.372975503863031	0	0	0	0	0	0	0	0	0	0	0	0	0.376877520429664	0	0	0	0.403111920810842	0	0	0	0	0	0	0.375466361188846	0	0	0	0	0	0	0	0	0	0	0	0.355483610016588	0	0.377051396516656	0	0	0	0	0	0	0	0	0.382433230592741	0	0	0	0	0	0	0	0	0.363868805402919	0	0.356380174021606	0	0	0	0	0	0.362947349940944	0.372334802420673
0	0	0	0	0	0.348302685794267	0	0	0	0	0	0.38707046061531	0.38595485162039	0	0	0	0	0	0	0	0	0	0	0.363127727893188	0	0.36531837301045	0	0	0	0	0	0	0	0	0.357527610058089	0	0	0	0.384683533282082	0	0	0	0	0	0	0.367673279910055	0	0	0	0	0	0	0	0	0.406685941536751	0	0	0	0	0	0.362110341196269	0	0	0.377469193667498	0	0.355962260378626	0	0
0.366683864955986	0	0	0	0	0	0	0	0.352695438393188	0	0	0	0	0	0	0	0	0	0	0	0	0	0	0	0	0	0	0	0	0.408543632132302	0	0	0	0	0	0	0	0	0	0	0	0	0	0	0	0	0	0.401866188787833	0	0.375090655398577	0.376712448338917	0	0	0	0	0	0	0	0	0	0	0	0	0	0	0	0	0.375639131426632
0	0	0	0	0	0.3600599354464	0	0	0	0	0	0	0	0	0	0	0	0	0.390654733250695	0	0	0	0.388906660245984	0	0	0	0	0	0	0.350108120762619	0	0	0	0	0	0	0	0	0	0	0	0	0	0	0	0	0	0	0	0.378610895896414	0	0	0	0	0	0	0	0	0	0	0.402456085179195	0	0	0	0	0	0	0
0	0	0	0	0.350926176538443	0	0	0	0	0	0	0.378274132202094	0.380040781376181	0	0	0.356350296516354	0	0	0	0	0	0	0	0.35781873542462	0	0	0	0	0	0	0	0	0.386301499741337	0	0.36108752683717	0	0	0	0	0	0	0	0.367673279910055	0	0	0	0.373643149477875	0	0	0	0	0	0	0	0	0	0	0	0	0	0	0	0	0	0.397560205810224	0	0	0.384783217913013
0	0	0	0	0.379898878713141	0	0	0	0	0	0	0	0	0.408207710853488	0	0	0	0	0	0	0	0	0	0	0	0	0	0	0	0	0.386737575524841	0	0	0	0	0.387260419293023	0	0	0	0	0	0	0	0	0	0.373643149477875	0	0	0	0	0.361949302689857	0	0	0	0.377981035493641	0	0.378629755483509	0.384037710959318	0	0.369857713510977	0	0	0	0	0	0	0	0
0	0.404247072943596	0	0	0	0	0	0	0	0	0	0	0	0	0	0	0.350917189613104	0	0	0	0	0	0	0	0.365309065633477	0	0	0.380148760671159	0	0	0	0	0	0	0	0.379671211603917	0	0	0.375678838467951	0	0	0	0	0.401866188787833	0	0	0	0	0	0	0	0	0	0	0	0	0	0	0.389201988600046	0	0	0	0.40860901501116	0	0	0	0	0
0	0	0	0.357994005164398	0	0.400795833760863	0	0.404584419663668	0	0.407489353599562	0	0	0	0	0	0.353823905394148	0	0.408694035377041	0	0.406271708915688	0	0	0	0.367470937670015	0	0	0	0	0.398910747150085	0	0	0	0	0	0	0	0	0	0	0	0	0	0	0	0	0	0	0	0	0	0	0	0	0	0	0	0	0.375823647291709	0	0	0	0	0	0	0	0	0	0.355165213411245
0.35161642277317	0	0	0	0	0	0	0	0	0	0	0	0	0	0.374529646327859	0	0	0	0	0	0	0	0	0	0	0	0	0	0	0	0	0	0	0	0	0.384189106279278	0	0	0	0	0	0.382433230592741	0	0.375090655398577	0.378610895896414	0	0	0	0	0	0	0	0.371994650603227	0	0	0	0	0	0	0.388408206280891	0	0	0	0	0	0	0	0
0	0	0.367977793672327	0	0	0	0	0	0	0	0	0	0	0	0	0	0	0	0	0	0	0.352285811368561	0	0.397084270605376	0	0.358640222064312	0	0	0	0.389401909060873	0	0	0	0	0	0	0	0	0.348496351222973	0.375768270105849	0	0	0	0.376712448338917	0	0	0.361949302689857	0	0	0	0	0	0	0	0	0	0	0	0	0	0	0	0	0	0	0	0	0
0	0	0	0.354417460924872	0.381411981924969	0	0	0	0	0	0	0	0	0	0	0	0	0	0	0	0	0	0	0	0	0	0.377688787815191	0	0	0	0	0	0	0	0	0	0.399797539027325	0	0	0	0	0	0	0	0	0	0	0	0	0	0	0	0	0	0	0	0	0	0.392051554095327	0	0.389271316985142	0	0	0	0	0	0	0
0	0	0	0	0	0	0	0.370141066880122	0	0	0.386642571874156	0	0	0	0	0	0	0	0	0	0	0	0	0	0	0	0	0	0	0.384637853966788	0	0.387197837794634	0	0	0	0.368711082672567	0	0	0	0	0	0	0	0	0	0	0	0	0	0.371994650603227	0	0	0	0	0	0	0	0	0	0	0	0	0	0.396004511374119	0.374144940467816	0	0	0
0	0.389632700146813	0	0	0	0	0	0	0	0	0	0	0	0	0.383159790037691	0	0	0	0	0	0	0	0.389907615650817	0	0	0	0	0	0	0	0	0	0	0	0	0	0	0	0	0	0.368168648751336	0	0	0	0	0	0	0	0	0	0	0	0	0	0	0	0	0	0	0	0	0	0	0	0	0	0	0
0	0.398088407440157	0	0.378034215076665	0	0	0	0.376592385092517	0	0.392650464470517	0	0	0.370439189224882	0.393061482887962	0	0.378488757190328	0	0	0.389161139386973	0	0	0	0	0	0	0	0	0	0	0	0	0	0.397951518606685	0	0	0	0	0	0	0.351607526244201	0	0	0.406685941536751	0	0	0	0.377981035493641	0	0	0	0	0	0	0	0	0	0.38664078354754	0	0	0	0	0	0.370274553115468	0	0	0	0	0
0	0	0	0	0	0.381817362738261	0	0	0	0	0	0	0	0	0.389782386165053	0	0	0.402974955564409	0	0	0	0	0	0	0	0	0	0	0	0	0.392530741070114	0	0	0.382974880611259	0.39614019207315	0	0	0	0.394810361335077	0	0	0	0	0	0	0	0	0	0	0	0	0	0	0	0	0	0	0	0	0	0	0	0	0	0	0	0	0
0	0	0	0	0	0	0	0	0	0	0	0.39735490489376	0	0.396042874148365	0	0	0	0	0	0	0	0	0	0	0	0	0	0	0	0	0	0	0	0	0	0.384197367932461	0	0	0	0	0	0	0	0	0	0	0.378629755483509	0	0	0	0	0	0	0	0.38664078354754	0	0	0	0	0	0	0.375197246736567	0.394965017590779	0	0.401912511245811	0.394505210242951	0	0
0	0.363725181703061	0	0	0	0	0	0	0	0	0	0	0	0	0	0	0	0	0	0	0	0	0	0	0	0.381660932772639	0	0	0.364778995673268	0	0	0	0	0	0	0	0	0	0.359147865095854	0.388284630426354	0	0	0	0	0	0	0.384037710959318	0	0.375823647291709	0	0	0	0	0	0	0	0	0	0	0	0	0.402623004921724	0	0	0	0	0	0.386404132198769
0.360760737453567	0	0	0	0	0	0.35796965606999	0	0.400730881104131	0	0	0	0	0.359672617430172	0	0	0	0	0	0	0	0	0	0	0	0	0	0	0.405324372566012	0	0	0	0	0	0	0	0	0	0	0.36223317534021	0	0.363868805402919	0	0	0	0	0	0.389201988600046	0	0	0	0.392051554095327	0	0	0	0	0	0	0	0	0	0	0	0	0	0.39171866248444	0	0
0	0	0	0.374655649003981	0	0	0	0	0	0	0	0.397382974096959	0	0	0	0	0	0	0	0	0	0.361459573147961	0	0	0	0	0	0	0	0	0	0	0	0.3890842017973	0	0	0	0	0	0.405028824436311	0	0	0	0	0	0	0.369857713510977	0	0	0.388408206280891	0	0	0	0	0	0	0	0	0	0	0	0	0	0	0	0	0	0.37064409612095
0	0	0	0	0	0	0	0	0	0	0	0	0.384050805846787	0.365477581378944	0	0	0.376112473398574	0	0	0	0.386787192248517	0.375304605943321	0	0	0	0	0	0	0	0	0	0	0	0	0	0	0.350614654333233	0	0.372714093861555	0	0	0.356380174021606	0.362110341196269	0	0.402456085179195	0	0	0	0	0	0	0.389271316985142	0	0	0	0	0	0	0	0	0	0	0.348573529603359	0	0	0	0	0
0	0	0	0	0	0	0	0	0	0	0	0	0	0	0	0	0	0	0	0	0	0	0	0.395515488626931	0	0	0	0	0	0	0	0	0.385134808020651	0	0	0	0	0	0.382603354669837	0	0	0	0	0	0	0	0	0	0	0	0	0	0	0	0	0	0.375197246736567	0.402623004921724	0	0	0	0	0	0	0.382745411435684	0	0	0
0	0	0	0	0	0	0.381584245073516	0	0	0	0	0	0.365011593500401	0	0.376247660978502	0.381352902982998	0	0	0	0	0	0	0.372031551954498	0	0	0	0	0.39713719050997	0	0	0	0.364259079647517	0	0	0	0	0	0	0	0	0	0	0	0	0	0	0	0.40860901501116	0	0	0	0	0	0	0.370274553115468	0	0.394965017590779	0	0	0	0.348573529603359	0	0	0	0	0.374186067519152	0	0
0	0	0	0	0	0	0.402971611193783	0	0	0	0	0.393680541975553	0	0.38030119806113	0	0	0	0	0	0	0.365690238679822	0	0	0	0	0	0.356912346057685	0	0	0	0	0	0	0	0	0	0	0	0	0	0	0	0.377469193667498	0	0	0	0	0	0	0	0	0	0.396004511374119	0	0	0	0	0	0	0	0	0	0	0	0	0	0	0
0	0	0	0	0	0	0	0	0	0	0	0	0	0	0	0	0.391786354584674	0.396538868093756	0	0	0	0	0	0	0.386601334272496	0	0	0	0	0	0	0.363226372787815	0	0.398640398506118	0	0	0.353685792191186	0	0	0	0.386724303283106	0	0	0	0	0.397560205810224	0	0	0	0	0	0	0.374144940467816	0	0	0	0.401912511245811	0	0	0	0	0.382745411435684	0	0	0	0.389946651852306	0	0.397939744752726
0	0	0	0.405957567226346	0	0	0	0	0	0	0	0	0	0	0	0	0	0	0	0.383234038671199	0	0.35290816539134	0	0.367994595110252	0	0	0	0.406648235628272	0	0	0	0	0	0	0	0	0	0	0	0.390451035058519	0	0	0.355962260378626	0	0	0	0	0	0	0	0	0	0	0	0	0	0.394505210242951	0	0.39171866248444	0	0	0	0.374186067519152	0	0.389946651852306	0	0	0
0	0.396976713050155	0.388550486864664	0	0.405963153263503	0	0	0	0.408610977398382	0	0	0	0	0	0	0	0	0	0	0	0	0	0	0	0	0	0	0.375235674648275	0	0	0	0.402196812033616	0	0	0	0	0	0	0	0	0	0.362947349940944	0	0	0	0	0	0	0	0	0	0	0	0	0	0	0	0	0	0	0	0	0	0	0	0	0	0
0	0	0	0	0	0	0	0	0	0	0	0	0	0.402167050856376	0	0.360357455327919	0	0	0	0	0	0	0	0	0	0	0	0	0	0	0.377886850711176	0	0	0	0	0	0.389814156773978	0	0	0	0	0.372334802420673	0	0.375639131426632	0	0.384783217913013	0	0	0.355165213411245	0	0	0	0	0	0	0	0	0.386404132198769	0	0.37064409612095	0	0	0	0	0.397939744752726	0	0	0
