0	0.955193070217174	0	0	0	0	0	0	0	0	0	0	0	0	0	0	0	0	0	0	0	0.844119773442407	0	0	0	0	0	0	0	0	0	0	0	0	0	0	0	0	0	0	0	0	0	0	0.600690750784227	0	0	0	0	0	0	0	0	0	0	0	0	0	0	0	0	0	0	0	0	0	0	0	0	0.754155070991364	0	0	0	0	0	0	0	0	0	0	0	0	0	0	0	0	0	0	0	0
0.955193070217174	0	0	0	0	0	0	0	0	0	0	0	0	0	0	0	0	0.838806167282206	0	0	0	0	0	0	0	0	0	0	0	0	0	0	0	0.785128698607612	0	0	0	0	0	0	0	0	0	0	0	0	0	0	0	0	0.956908222391635	0	0	0	0	0	0	0	0	0	0	0	0	0	0	0	0	0	0	0	0	0	0	0	0	0	0	0	0	0	0	0	0	0	0	0	0	0	0.534333183549417	0
0	0	0	0	0	0	0	0	0	0	0	0.899519972051859	0	0	0	0	0	0	0	0	0	0	0	0	0	0	0	0	0	0	0	0	0	0	0	0	0	0	0	0	0	0	0	0	0	0	0	0	0	0	0	0	0	0.779850773932807	0	0	0	0	0	0	0	0	0	0	0.858153644204482	0	0	0	0	0	0	0	0	0	0	0	0	0	0	0	0	0	0	0	0	0	0	0	0	0
0	0	0	0	0	0	0	0	0	0	0	0	0	0	0	0	0	0	0	0	0	0	0	0	0	0	0	0	0	0	0	0	0	0	0	0	0	0	0	0	0	0	0	0	0	0	0	0.923835154269377	0	0	0	0	0	0	0	0	0	0	0	0	0	0	0	0	0	0	0	0	0	0	0	0	0	0	0	0	0	0	0	0.762031723081263	0	0	0	0	0	0	0	0	0	0.930863236603401
0	0	0	0	0	0	0	0	0	0	0	0	0	0	0	0	0	0	0	0	0	0	0	0	0	0	0	0	0	0	0	0	0	0	0	0	0	0	0	0.733512982772281	0	0	0	0	0	0	0	0	0	0	0	0	0	0	0	0	0	0	0	0	0	0	0	0.893494045295711	0	0	0	0	0	0	0	0	0	0	0	0	0	0	0	0	0	0.950055506162984	0	0	0	0	0	0	0	0
0	0	0	0	0	0	0	0.842578486601237	0	0	0	0	0	0	0	0	0	0	0	0	0	0	0	0	0	0	0	0	0	0	0	0	0	0	0	0	0	0	0	0	0	0	0	0	0	0	0	0	0	0	0	0	0	0.770714867999619	0	0	0	0	0	0	0	0	0	0	0	0	0	0	0	0	0	0	0	0	0	0	0	0.643466418615972	0	0	0	0	0	0	0	0	0	0	0	0
0	0	0	0	0	0	0	0	0.939088453380134	0	0	0	0	0.983756766928775	0	0	0	0	0	0	0	0	0	0	0	0	0	0	0	0	0	0	0	0	0	0	0	0	0	0.622347048706474	0	0	0	0	0	0	0	0	0	0	0	0	0	0	0	0.925136931163755	0	0	0	0	0	0	0	0	0	0	0	0	0	0	0	0	0	0	0	0	0	0	0	0	0	0	0.714819768036819	0	0	0	0	0	0	0
0	0	0	0	0	0.842578486601237	0	0	0	0.754703373576085	0	0	0	0	0	0	0	0	0	0	0	0	0	0	0	0	0	0	0	0	0.825530334575644	0	0	0	0	0	0	0	0	0	0	0	0	0	0	0	0	0	0	0	0	0	0	0	0	0	0	0	0	0	0	0	0	0	0	0	0	0	0	0	0	0	0	0.802116664886897	0	0	0	0	0	0	0	0	0	0	0	0	0	0	0	0
0	0	0	0	0	0	0.939088453380134	0	0	0	0	0	0	0	0	0	0	0	0	0	0	0	0	0	0	0	0.816768466898029	0	0	0	0	0	0	0	0	0.896869237774703	0	0	0	0.746703937535801	0.990980044992284	0	0	0	0	0	0	0	0	0	0	0	0	0	0	0	0	0	0	0.904460391027302	0	0	0	0	0	0	0	0	0	0	0	0	0	0	0	0.748687270465965	0	0	0	0	0	0	0	0	0	0	0	0	0	0
0	0	0	0	0	0	0	0.754703373576085	0	0	0	0	0	0	0	0	0	0	0	0	0	0	0	0	0	0	0	0	0.895373723289845	0	0	0	0	0	0	0	0	0	0	0	0	0	0	0	0	0	0	0	0	0	0	0	0	0.882320447022178	0	0	0	0	0	0	0	0	0	0	0	0	0	0	0	0	0	0	0	0	0	0	0.652643557311094	0	0	0	0	0.802602876692017	0	0	0	0	0	0	0	0
0	0	0	0	0	0	0	0	0	0	0	0	0.994330316719632	0	0	0	0	0	0	0	0	0	0	0.771453629268376	0	0	0	0	0	0	0	0	0	0	0	0	0	0	0	0	0	0	0	0	0	0	0	0	0	0	0	0	0	0	0	0	0	0	0	0	0	0	0	0	0	0	0	0	0	0	0	0	0.911511061033411	0	0	0	0	0	0	0	0	0	0	0	0	0	0	0	0	0
0	0	0.899519972051859	0	0	0	0	0	0	0	0	0	0.774937056856364	0.946980142679118	0	0	0	0	0	0	0	0	0	0	0	0	0	0	0	0	0	0.632368775066214	0	0	0	0	0	0	0	0	0	0	0	0	0	0	0	0	0	0	0	0	0	0	0	0	0	0	0	0	0	0.823989926682422	0	0	0	0	0	0	0	0	0	0	0	0	0	0	0	0	0	0	0	0	0	0	0	0	0	0	0	0
0	0	0	0	0	0	0	0	0	0	0.994330316719632	0.774937056856364	0	0	0.936178158802281	0	0	0	0	0	0	0	0	0	0	0	0.979854736163411	0	0	0	0	0	0	0	0	0	0	0	0	0	0	0	0.841105780152543	0	0	0	0	0	0	0	0	0.718834158961146	0	0	0	0	0	0	0	0	0	0	0	0	0	0	0	0	0	0	0.871895257522509	0	0	0	0	0	0.570191842109578	0	0	0	0	0	0	0	0	0	0	0	0	0
0	0	0	0	0	0	0.983756766928775	0	0	0	0	0.946980142679118	0	0	0	0	0	0	0.975222409124185	0	0	0	0	0	0	0	0	0	0	0	0	0	0	0	0	0	0	0	0	0	0	0	0	0	0	0	0	0	0	0	0	0	0	0	0	0	0	0	0	0	0	0	0	0	0	0	0	0	0	0	0	0.666003463555995	0	0	0	0	0	0	0	0	0	0	0	0	0	0	0	0	0	0
0	0	0	0	0	0	0	0	0	0	0	0	0.936178158802281	0	0	0	0.540268092664351	0	0	0	0	0	0.88865874674696	0	0	0	0	0	0	0	0	0	0	0	0	0	0	0	0	0	0	0	0	0	0	0.863554590968585	0	0	0	0	0	0	0	0	0	0	0	0	0	0	0.688451907186792	0	0	0	0	0	0	0	0	0	0	0	0	0	0	0	0	0	0	0	0	0	0	0	0	0	0	0	0	0
0	0	0	0	0	0	0	0	0	0	0	0	0	0	0	0	0	0	0	0	0	0	0	0	0	0	0	0	0	0	0	0	0	0	0	0	0	0	0	0	0	0	0	0	0.89411016298575	0	0	0.689651277767272	0	0	0	0	0	0	0	0	0	0	0	0	0	0	0	0	0	0	0	0	0	0	0.786454328525563	0	0	0	0	0	0	0	0	0	0	0	0	0	0	0	0	0	0	0
0	0	0	0	0	0	0	0	0	0	0	0	0	0	0.540268092664351	0	0	0	0	0	0	0	0	0	0	0	0	0	0	0	0	0	0	0	0	0	0	0	0	0	0	0	0	0	0	0	0	0	0	0	0	0	0	0	0	0	0	0	0.989456448904343	0.96904673089277	0	0	0	0	0	0	0	0	0	0	0	0	0	0.863671739943938	0	0	0	0	0	0	0	0	0	0	0	0	0	0	0	0
0	0.838806167282206	0	0	0	0	0	0	0	0	0	0	0	0	0	0	0	0	0	0	0	0	0	0	0	0	0	0	0	0	0	0.822671725892568	0	0	0	0	0	0	0	0	0	0	0	0	0	0	0	0	0	0	0	0	0	0	0	0.684074169147014	0	0	0	0	0	0	0	0	0	0	0	0	0	0	0	0	0	0	0	0	0	0	0	0	0	0	0	0	0	0	0	0	0	0
0	0	0	0	0	0	0	0	0	0	0	0	0	0.975222409124185	0	0	0	0	0	0	0	0	0	0	0	0	0	0	0	0	0	0	0	0	0	0	0	0	0	0	0	0	0	0	0	0	0	0	0.944387955580384	0	0	0	0	0	0	0	0	0	0	0	0	0	0	0	0	0	0	0	0	0	0	0	0	0	0	0	0	0	0	0	0	0	0	0	0	0	0	0	0	0
0	0	0	0	0	0	0	0	0	0	0	0	0	0	0	0	0	0	0	0	0.827480960869685	0	0	0	0	0	0	0	0	0	0	0	0	0.964327028972864	0	0	0	0	0.929504230434614	0	0	0	0	0	0	0	0	0	0	0	0	0	0	0	0	0	0	0	0	0	0	0	0	0	0	0	0	0	0	0	0	0	0	0	0	0	0	0	0.705995787885277	0	0	0	0	0	0	0	0	0	0	0
0	0	0	0	0	0	0	0	0	0	0	0	0	0	0	0	0	0	0	0.827480960869685	0	0	0	0	0	0	0	0	0	0	0	0	0	0	0	0	0	0	0	0	0.888248026169353	0	0	0	0	0	0	0	0	0	0	0	0	0	0	0	0	0	0	0	0	0.813805082934641	0	0	0	0	0	0	0	0	0	0	0	0	0	0	0	0	0	0	0	0	0	0	0	0	0	0	0	0
0.844119773442407	0	0	0	0	0	0	0	0	0	0	0	0	0	0	0	0	0	0	0	0	0	0	0	0	0	0	0	0	0	0	0	0	0	0	0	0	0	0	0.910566993530083	0	0	0	0	0	0	0	0	0	0	0	0	0	0	0	0	0	0	0	0	0	0	0	0	0	0	0	0	0	0	0	0	0.750147226465649	0	0	0	0	0	0	0	0	0	0	0	0	0	0	0	0	0
0	0	0	0	0	0	0	0	0	0	0	0	0	0	0.88865874674696	0	0	0	0	0	0	0	0	0.82482820041132	0	0	0	0	0	0	0.983258031014076	0	0	0	0	0	0	0	0	0	0	0	0	0	0	0	0	0	0	0	0	0	0	0	0	0	0	0	0	0	0	0	0.906148176253417	0	0	0	0	0	0	0	0	0	0	0	0.909099336122648	0	0	0	0	0	0	0	0	0	0	0	0	0	0	0
0	0	0	0	0	0	0	0	0	0	0.771453629268376	0	0	0	0	0	0	0	0	0	0	0	0.82482820041132	0	0	0.968382591545529	0	0	0	0	0	0	0	0	0	0	0	0	0.896373087090083	0	0	0	0	0.695102295535943	0	0	0	0	0	0	0	0	0	0	0	0	0	0	0	0	0	0	0	0	0	0	0	0	0	0	0	0	0	0	0	0	0	0	0	0	0	0	0	0	0	0	0	0	0	0
0	0	0	0	0	0	0	0	0	0	0	0	0	0	0	0	0	0	0	0	0	0	0	0	0	0	0.809682432001791	0	0	0	0	0	0	0	0	0	0	0	0	0	0	0	0	0	0	0	0	0	0	0	0	0	0	0	0	0	0	0	0	0	0	0	0	0	0	0	0	0.728084768750954	0	0	0	0.899981344657337	0	0	0	0	0	0	0	0	0	0	0	0	0	0	0	0	0	0
0	0	0	0	0	0	0	0	0	0	0	0	0	0	0	0	0	0	0	0	0	0	0	0.968382591545529	0	0	0	0	0	0	0	0	0	0	0	0	0	0	0	0	0	0	0	0	0	0	0	0	0	0	0	0	0	0	0	0	0	0	0	0	0	0	0	0	0	0	0	0	0	0	0	0	0	0.981303870203414	0	0	0	0	0	0	0	0	0	0	0	0	0	0	0	0.829076245687611
0	0	0	0	0	0	0	0	0.816768466898029	0	0	0	0.979854736163411	0	0	0	0	0	0	0	0	0	0	0	0.809682432001791	0	0	0	0	0	0	0	0	0	0	0	0	0	0	0	0	0	0	0.703683537435924	0	0	0	0	0	0	0	0	0	0	0	0	0	0	0	0	0	0	0	0	0	0	0	0	0	0	0	0	0	0	0	0	0	0	0	0	0.984720339037833	0	0	0	0	0	0	0	0	0
0	0	0	0	0	0	0	0	0	0	0	0	0	0	0	0	0	0	0	0	0	0	0	0	0	0	0	0	0	0	0	0.928266743930079	0	0	0	0	0	0	0	0	0	0	0	0.929170272851828	0	0	0	0	0	0	0	0	0	0	0	0	0	0	0	0	0	0	0.5809626068803	0	0	0	0	0	0	0	0	0	0	0	0	0	0	0	0	0	0	0	0	0	0	0	0	0	0	0
0	0	0	0	0	0	0	0	0	0.895373723289845	0	0	0	0	0	0	0	0	0	0	0	0	0	0	0	0	0	0	0	0	0	0	0	0	0	0	0	0	0	0	0.833072187461935	0	0	0	0	0	0	0	0	0	0.688135026239696	0	0	0	0	0	0	0	0	0	0	0	0	0	0	0	0	0	0	0	0	0	0	0	0	0	0	0	0	0	0.836571823012277	0	0	0	0	0	0.878319726512113	0	0	0.829386802825024
0	0	0	0	0	0	0	0	0	0	0	0	0	0	0	0	0	0	0	0	0	0	0	0	0	0	0	0	0	0	0	0	0	0	0	0	0	0	0	0	0	0	0	0	0	0	0	0	0	0	0	0	0	0	0	0	0	0	0	0	0	0	0	0	0	0	0	0	0	0.872870473463686	0	0	0	0	0	0	0	0	0	0	0	0	0.630942575671858	0	0	0	0	0	0	0
0	0	0	0	0	0	0	0.825530334575644	0	0	0	0	0	0	0	0	0	0	0	0	0	0	0.983258031014076	0	0	0	0	0	0	0	0	0	0	0	0	0	0	0	0	0	0	0	0.810681816518573	0	0	0	0	0	0	0	0	0	0	0	0	0	0	0	0	0	0	0	0	0	0	0	0	0	0	0	0	0	0	0	0	0	0	0	0	0	0	0	0	0	0	0	0	0	0	0
0	0	0	0	0	0	0	0	0	0	0	0.632368775066214	0	0	0	0	0	0.822671725892568	0	0	0	0	0	0	0	0	0	0.928266743930079	0	0	0	0	0	0	0	0	0	0	0	0	0	0	0	0	0	0	0	0	0	0	0	0	0	0	0	0	0	0.684404011004221	0	0	0	0	0	0	0	0	0	0	0	0	0	0	0	0	0	0	0	0	0	0	0	0	0	0	0	0	0	0	0	0
0	0	0	0	0	0	0	0	0	0	0	0	0	0	0	0	0	0	0	0	0	0	0	0	0	0	0	0	0	0	0	0	0	0	0.98410302275694	0	0.99059367334285	0	0	0	0	0	0	0	0	0.910128076547936	0	0	0	0	0	0	0	0	0	0	0	0	0	0	0	0	0	0	0	0	0	0	0	0	0	0	0	0	0	0	0	0	0	0	0	0	0	0	0	0	0	0	0	0
0	0.785128698607612	0	0	0	0	0	0	0	0	0	0	0	0	0	0	0	0	0	0.964327028972864	0	0	0	0	0	0	0	0	0	0	0	0	0	0	0	0	0	0	0	0	0	0	0	0	0	0	0	0	0	0	0	0	0	0	0	0	0	0	0	0	0	0	0	0	0	0	0	0	0	0	0	0	0	0	0	0	0	0	0	0	0	0	0	0	0	0	0	0	0	0
0	0	0	0	0	0	0	0	0	0	0	0	0	0	0	0	0	0	0	0	0	0	0	0	0	0	0	0	0	0	0	0	0.98410302275694	0	0	0	0	0	0	0	0	0	0	0	0	0	0	0	0	0	0	0	0	0	0	0	0	0	0	0	0	0	0	0	0.910986632677169	0	0	0	0	0	0	0	0	0	0	0	0	0	0	0	0	0	0	0.84785005761328	0	0	0	0	0	0
0	0	0	0	0	0	0	0	0.896869237774703	0	0	0	0	0	0	0	0	0	0	0	0	0	0	0	0	0	0	0	0	0	0	0	0	0	0	0	0	0	0	0	0	0	0	0	0	0	0	0	0.96135033407447	0	0	0	0	0	0	0	0	0	0	0	0	0	0	0	0	0	0	0	0	0	0	0	0	0	0	0	0	0	0	0	0.968038361192269	0	0	0	0	0	0	0	0	0
0	0	0	0	0	0	0	0	0	0	0	0	0	0	0	0	0	0	0	0	0	0	0	0	0	0	0	0	0	0	0	0	0.99059367334285	0	0	0	0	0.75864256053466	0	0	0	0	0	0	0	0	0	0	0	0	0	0	0	0	0	0	0	0	0	0	0	0	0	0	0	0	0	0	0	0	0	0	0	0	0	0	0	0	0	0	0	0	0	0	0	0	0	0.764647179730567	0	0
0	0	0	0	0	0	0	0	0	0	0	0	0	0	0	0	0	0	0	0	0	0	0	0	0	0	0	0	0	0	0	0	0	0	0	0	0.75864256053466	0	0.780620314888515	0	0	0	0	0	0	0	0	0	0	0	0.846652472586944	0.770916593230858	0	0	0	0	0.92312838356375	0.889750255805559	0	0	0	0	0	0.783129433153102	0	0	0	0	0	0	0	0	0	0	0	0	0	0	0	0	0	0	0	0	0	0	0	0	0	0
0	0	0	0	0	0	0	0	0	0	0	0	0	0	0	0	0	0	0	0.929504230434614	0	0	0	0.896373087090083	0	0	0	0	0	0	0	0	0	0	0	0	0	0.780620314888515	0	0.912876612271363	0	0	0	0	0	0	0	0	0	0	0	0	0	0	0	0	0	0	0	0	0	0	0	0	0	0	0	0	0	0	0	0	0	0	0	0	0	0	0	0	0	0	0	0	0	0	0	0	0	0
0	0	0	0	0.733512982772281	0	0.622347048706474	0	0.746703937535801	0	0	0	0	0	0	0	0	0	0	0	0	0.910566993530083	0	0	0	0	0	0	0	0	0	0	0	0	0	0	0	0	0.912876612271363	0	0	0	0	0	0	0	0	0	0	0	0	0	0	0.732521769372454	0	0	0	0	0	0	0	0	0	0	0	0	0	0	0	0	0	0	0	0	0	0	0	0	0	0	0	0	0	0	0	0	0	0	0	0
0	0	0	0	0	0	0	0	0.990980044992284	0	0	0	0	0	0	0	0	0	0	0	0.888248026169353	0	0	0	0	0	0	0	0.833072187461935	0	0	0	0	0	0	0	0	0	0	0	0	0	0	0	0	0	0	0	0	0	0	0	0	0	0	0	0	0	0	0	0	0	0	0	0	0	0	0	0	0.762798432312673	0	0	0	0	0	0	0	0	0	0	0	0	0	0	0	0	0	0	0	0
0	0	0	0	0	0	0	0	0	0	0	0	0	0	0	0	0	0	0	0	0	0	0	0	0	0	0	0	0	0	0	0	0	0	0	0	0	0	0	0	0	0	0	0	0	0.786377780523848	0	0	0	0	0.870238235714862	0	0	0	0	0	0	0	0	0	0	0	0	0	0	0	0	0.767649713534202	0	0	0	0	0	0	0	0	0	0	0	0	0	0	0	0	0	0	0	0	0	0
0	0	0	0	0	0	0	0	0	0	0	0	0.841105780152543	0	0	0	0	0	0	0	0	0	0	0	0	0	0	0	0	0	0.810681816518573	0	0	0	0	0	0	0	0	0	0	0	0	0	0	0	0.812672810281695	0	0	0	0	0	0	0	0	0	0	0	0	0	0	0	0	0	0	0	0	0	0	0	0	0	0	0	0	0	0	0	0	0	0	0	0	0	0	0	0	0	0	0
0	0	0	0	0	0	0	0	0	0	0	0	0	0	0	0	0	0	0	0	0	0	0	0.695102295535943	0	0	0.703683537435924	0.929170272851828	0	0	0	0	0	0	0	0	0	0	0	0	0	0	0	0	0	0.904498796860219	0	0	0	0	0	0	0	0	0	0	0	0	0	0	0.915141064173889	0	0	0	0	0	0	0	0	0	0	0	0	0	0	0	0	0	0	0	0	0	0	0	0	0	0	0.920071009476614	0	0
0.600690750784227	0	0	0	0	0	0	0	0	0	0	0	0	0	0	0.89411016298575	0	0	0	0	0	0	0	0	0	0	0	0	0	0	0	0	0	0	0	0	0	0	0	0	0	0	0	0	0	0	0	0	0	0	0	0	0	0	0	0	0	0	0	0	0	0	0	0	0	0	0	0.978608796240334	0	0	0	0	0	0	0	0	0	0	0	0	0	0	0	0	0	0	0	0	0	0
0	0	0	0	0	0	0	0	0	0	0	0	0	0	0.863554590968585	0	0	0	0	0	0	0	0	0	0	0	0	0	0	0	0	0	0.910128076547936	0	0	0	0	0	0	0	0	0.786377780523848	0	0.904498796860219	0	0	0	0	0	0	0	0	0.640825083897933	0	0	0	0	0	0	0	0	0	0	0	0	0	0	0	0	0	0	0	0	0	0	0	0	0	0	0	0	0	0	0	0	0	0	0	0	0
0	0	0	0	0	0	0	0	0	0	0	0	0	0	0	0	0	0	0	0	0	0	0	0	0	0	0	0	0	0	0	0	0	0	0	0	0	0	0	0	0	0	0.812672810281695	0	0	0	0	0	0	0	0	0	0	0	0	0	0	0	0	0	0	0	0	0	0	0	0	0	0	0	0	0	0	0	0	0	0	0	0	0	0	0	0	0.793637642566061	0	0	0	0	0	0
0	0	0	0.923835154269377	0	0	0	0	0	0	0	0	0	0	0	0.689651277767272	0	0	0	0	0	0	0	0	0	0	0	0	0	0	0	0	0	0	0	0	0	0	0	0	0	0	0	0	0	0	0	0	0	0	0	0	0	0	0	0	0	0	0	0	0.930543865933823	0.970285734254744	0	0	0.958554303546223	0	0	0	0	0	0	0	0	0	0	0	0	0	0	0	0	0	0	0	0	0	0	0	0	0
0	0	0	0	0	0	0	0	0	0	0	0	0	0	0	0	0	0	0.944387955580384	0	0	0	0	0	0	0	0	0	0	0	0	0	0	0	0	0.96135033407447	0	0	0	0	0	0	0	0	0	0	0	0	0	0	0	0	0	0	0	0	0	0	0	0	0	0	0	0	0	0	0	0	0	0	0	0	0	0	0	0	0	0	0	0	0	0	0	0	0	0	0	0.937360093273567	0	0
0	0	0	0	0	0	0	0	0	0	0	0	0	0	0	0	0	0	0	0	0	0	0	0	0	0	0	0	0	0	0	0	0	0	0	0	0	0	0	0	0	0	0	0	0	0	0	0	0	0	0.733010322080788	0	0	0	0	0	0	0	0	0	0	0	0	0	0	0	0	0	0	0.529211306964169	0	0	0	0	0	0	0	0	0	0	0	0.757439145803789	0	0	0	0	0	0	0	0
0	0.956908222391635	0	0	0	0	0	0	0	0	0	0	0	0	0	0	0	0	0	0	0	0	0	0	0	0	0	0	0.688135026239696	0	0	0	0	0	0	0	0	0.846652472586944	0	0	0	0.870238235714862	0	0	0	0	0	0	0	0.733010322080788	0	0	0	0	0	0	0	0	0	0	0	0	0	0	0	0	0	0	0	0	0	0	0	0	0	0	0	0	0	0	0	0	0	0	0	0	0	0	0	0
0	0	0	0	0	0	0	0	0	0	0	0	0.718834158961146	0	0	0	0	0	0	0	0	0	0	0	0	0	0	0	0	0	0	0	0	0	0	0	0	0.770916593230858	0	0	0	0	0	0	0	0	0	0	0	0	0	0	0	0	0	0	0	0	0	0	0	0	0	0	0	0.614945032810169	0	0	0	0	0.925557739719888	0	0	0	0	0	0	0	0	0	0	0	0	0	0	0	0	0	0	0.590728212669801
0	0	0	0	0	0	0	0	0	0	0	0	0	0	0	0	0	0	0	0	0	0	0	0	0	0	0	0	0	0	0	0	0	0	0	0	0	0	0	0	0	0	0	0	0	0.640825083897933	0	0	0	0	0	0	0	0	0	0	0	0	0	0	0	0	0	0	0	0	0	0	0	0	0	0.854780137420708	0	0	0	0	0	0	0.856956275045522	0	0	0	0	0	0	0	0	0	0	0
0	0	0.779850773932807	0	0	0.770714867999619	0	0	0	0.882320447022178	0	0	0	0	0	0	0	0	0	0	0	0	0	0	0	0	0	0	0	0	0	0	0	0	0	0	0	0	0	0.732521769372454	0	0	0	0	0	0	0	0	0	0	0	0	0	0	0	0	0	0	0	0.864316694117458	0	0	0	0	0	0	0	0	0	0	0	0	0	0	0	0	0	0	0	0	0	0	0	0	0	0	0	0	0	0
0	0	0	0	0	0	0	0	0	0	0	0	0	0	0	0	0	0	0	0	0	0	0	0	0	0	0	0	0	0	0	0	0	0	0	0	0	0	0	0	0	0	0	0	0	0	0	0	0	0	0	0	0	0	0	0	0.977463208451054	0	0	0	0	0	0	0	0	0	0	0.814686832441827	0	0	0	0	0	0	0	0	0	0	0	0	0	0	0	0.692905311612982	0	0	0	0	0	0.70490422199969
0	0	0	0	0	0	0.925136931163755	0	0	0	0	0	0	0	0	0	0	0.684074169147014	0	0	0	0	0	0	0	0	0	0	0	0	0	0	0	0	0	0	0	0	0	0	0	0	0	0	0	0	0	0	0	0	0	0	0	0	0	0	0	0	0	0	0	0	0	0.908589517518554	0	0	0	0.956890796750818	0	0	0	0	0	0	0	0	0	0	0	0	0	0	0	0	0	0	0	0	0	0
0	0	0	0	0	0	0	0	0	0	0	0	0	0	0	0	0	0	0	0	0	0	0	0	0	0	0	0	0	0	0	0	0	0	0	0	0	0.92312838356375	0	0	0	0	0	0	0	0	0	0	0	0	0	0	0	0	0.977463208451054	0	0	0	0	0	0	0.967580666538937	0	0	0	0	0	0	0	0	0	0	0	0	0	0	0	0	0	0	0	0.901402168568419	0	0	0	0	0	0	0	0
0	0	0	0	0	0	0	0	0	0	0	0	0	0	0	0	0	0	0	0	0	0	0	0	0	0	0	0	0	0	0	0.684404011004221	0	0	0	0	0	0.889750255805559	0	0	0	0	0	0	0	0	0	0	0	0	0	0	0	0	0	0	0	0	0.938529758256879	0	0	0	0	0	0	0	0	0	0	0	0	0	0	0	0	0	0	0	0	0	0	0	0	0	0	0.900802918286677	0	0	0	0
0	0	0	0	0	0	0	0	0	0	0	0	0	0	0	0	0.989456448904343	0	0	0	0	0	0	0	0	0	0	0	0	0	0	0	0	0	0	0	0	0	0	0	0	0	0	0	0	0	0	0	0	0	0	0	0	0	0	0	0	0.938529758256879	0	0	0.871609938398968	0	0.699643857414847	0	0	0	0	0	0	0	0	0	0	0	0	0	0	0.89579063911682	0	0	0	0	0	0	0	0	0	0	0	0
0	0	0	0	0	0	0	0	0.904460391027302	0	0	0	0	0	0	0	0.96904673089277	0	0	0	0	0	0	0	0	0	0	0	0	0	0	0	0	0	0	0	0	0	0	0	0	0	0	0	0	0	0	0	0	0	0	0	0	0.864316694117458	0	0	0	0	0	0	0.949111381036782	0.929340162583604	0	0	0	0	0	0	0	0	0	0	0	0	0	0	0	0	0	0	0	0	0	0	0	0	0	0	0	0
0	0	0	0	0	0	0	0	0	0	0	0	0	0	0.688451907186792	0	0	0	0	0	0	0	0	0	0	0	0	0	0	0	0	0	0	0	0	0	0	0	0	0	0	0	0	0.915141064173889	0	0	0	0.930543865933823	0	0	0	0	0	0	0	0	0	0	0.871609938398968	0.949111381036782	0	0.963969217636513	0	0	0	0	0	0	0	0	0	0	0	0	0	0	0	0	0	0	0	0	0	0	0	0.842529455499157	0	0	0	0
0	0	0	0	0	0	0	0	0	0	0	0.823989926682422	0	0	0	0	0	0	0	0	0.813805082934641	0	0	0	0	0	0	0	0	0	0	0	0	0	0	0	0	0	0	0	0	0	0	0	0	0	0	0.970285734254744	0	0	0	0	0	0	0	0	0.967580666538937	0	0	0.929340162583604	0.963969217636513	0	0	0	0	0	0	0	0.972704305618177	0	0	0	0	0	0	0	0	0	0	0	0	0	0	0	0	0	0	0	0	0
0	0	0	0	0	0	0	0	0	0	0	0	0	0	0	0	0	0	0	0	0	0	0.906148176253417	0	0	0	0	0.5809626068803	0	0	0	0	0	0	0	0	0	0	0	0	0	0	0	0	0	0	0	0	0	0	0	0	0	0	0	0	0	0	0.699643857414847	0	0	0	0	0.648192474050535	0	0	0	0	0	0	0	0	0	0	0	0	0	0	0	0	0	0	0	0	0	0	0	0	0	0
0	0	0	0	0.893494045295711	0	0	0	0	0	0	0	0	0	0	0	0	0	0	0	0	0	0	0	0	0	0	0	0	0	0	0	0	0	0	0	0	0.783129433153102	0	0	0	0	0	0	0	0	0	0	0	0	0	0	0	0	0	0.908589517518554	0	0	0	0	0	0	0.648192474050535	0	0	0	0	0	0	0	0	0	0	0	0	0	0	0	0	0	0	0	0	0	0	0	0	0	0	0
0	0	0.858153644204482	0	0	0	0	0	0	0	0	0	0	0	0	0	0	0	0	0	0	0	0	0	0	0	0	0	0	0	0	0	0	0	0.910986632677169	0	0	0	0	0	0	0	0	0	0	0	0	0.958554303546223	0	0	0	0	0	0	0	0	0	0	0	0	0	0	0	0	0	0	0	0	0	0	0	0	0	0	0	0	0	0	0	0	0	0	0	0	0	0	0	0	0	0
0	0	0	0	0	0	0	0	0	0	0	0	0	0	0	0	0	0	0	0	0	0	0	0	0	0	0	0	0	0	0	0	0	0	0	0	0	0	0	0	0	0	0	0	0	0	0	0	0	0	0	0.614945032810169	0	0	0	0	0	0	0	0	0	0	0	0	0	0	0.784296546946474	0	0	0	0	0	0	0	0	0	0	0	0	0	0	0	0	0	0	0	0	0	0	0
0	0	0	0	0	0	0	0	0	0	0	0	0	0	0	0	0	0	0	0	0	0	0	0	0	0	0	0	0	0	0	0	0	0	0	0	0	0	0	0	0	0	0	0	0	0	0	0	0	0	0	0	0	0	0	0	0	0	0	0	0	0	0	0	0	0.784296546946474	0	0	0	0	0	0.855598017625006	0	0	0.909070652380312	0	0.84745625939528	0	0	0	0	0	0	0	0	0	0	0	0	0
0	0	0	0	0	0	0	0	0	0	0	0	0	0	0	0	0	0	0	0	0	0	0	0	0.728084768750954	0	0	0	0	0	0	0	0	0	0	0	0	0	0	0	0	0.767649713534202	0	0	0.978608796240334	0	0	0	0	0	0	0	0	0	0.814686832441827	0.956890796750818	0	0	0	0	0	0	0	0	0	0	0	0	0.858626613420841	0	0	0	0	0	0	0	0	0	0	0	0	0	0	0	0	0	0	0	0	0
0	0	0	0	0	0	0	0	0	0	0	0	0	0	0	0	0	0	0	0	0	0	0	0	0	0	0	0	0	0	0	0	0	0	0	0	0	0	0	0	0	0	0	0	0	0	0	0	0	0	0	0	0	0	0	0	0	0	0	0	0	0.972704305618177	0	0	0	0	0	0.858626613420841	0	0.810577153546762	0.908845579468488	0	0	0	0	0	0	0	0	0	0	0	0	0	0	0	0	0	0	0
0.754155070991364	0	0	0	0	0	0	0	0	0	0	0	0	0	0	0	0	0	0	0	0	0	0	0	0	0	0	0	0	0.872870473463686	0	0	0	0	0	0	0	0	0	0	0.762798432312673	0	0	0	0	0	0	0	0	0.529211306964169	0	0	0	0	0	0	0	0	0	0	0	0	0	0	0	0	0	0	0.810577153546762	0	0	0	0	0	0	0.929760798668428	0	0	0	0	0	0	0	0	0	0	0	0	0	0
0	0	0	0	0	0	0	0	0	0	0	0	0.871895257522509	0	0	0.786454328525563	0	0	0	0	0	0	0	0	0	0	0	0	0	0	0	0	0	0	0	0	0	0	0	0	0	0	0	0	0	0	0	0	0	0	0	0.925557739719888	0	0	0	0	0	0	0	0	0	0	0	0	0	0	0	0	0.908845579468488	0	0	0	0	0	0	0	0	0	0	0	0.791279540120732	0.841332598715304	0	0	0	0	0.622494898888782	0	0	0
0	0	0	0	0	0	0	0	0	0	0	0	0	0.666003463555995	0	0	0	0	0	0	0	0	0	0	0.899981344657337	0	0	0	0	0	0	0	0	0	0	0	0	0	0	0	0	0	0	0	0	0	0	0	0	0	0	0	0.854780137420708	0	0	0	0	0	0	0	0	0	0	0	0	0	0.855598017625006	0	0	0	0	0	0	0.788898692414852	0	0	0	0	0.870723456045084	0	0	0	0	0	0	0	0	0	0	0
0	0	0	0	0	0	0	0	0	0	0.911511061033411	0	0	0	0	0	0	0	0	0	0	0.750147226465649	0	0	0	0	0	0	0	0	0	0	0	0	0	0	0	0	0	0	0	0	0	0	0	0	0	0	0	0	0	0	0	0	0	0	0	0	0	0	0	0	0	0	0	0	0	0	0	0	0	0	0	0	0	0	0	0	0	0	0	0	0	0	0	0	0	0	0	0
0	0	0	0	0	0	0	0.802116664886897	0	0	0	0	0	0	0	0	0.863671739943938	0	0	0	0	0	0	0	0	0.981303870203414	0	0	0	0	0	0	0	0	0	0	0	0	0	0	0	0	0	0	0	0	0	0	0	0	0	0	0	0	0	0	0	0	0	0	0	0	0	0	0	0	0	0	0	0	0	0.788898692414852	0	0	0	0	0	0	0	0	0	0	0	0	0	0	0	0	0.882036041873036	0
0	0	0	0	0	0	0	0	0	0	0	0	0	0	0	0	0	0	0	0	0	0	0.909099336122648	0	0	0	0	0	0	0	0	0	0	0	0	0	0	0	0	0	0	0	0	0	0	0	0	0	0	0	0	0	0	0	0	0	0	0	0	0	0	0	0	0	0	0	0.909070652380312	0	0	0	0	0	0	0	0	0	0	0	0	0	0	0	0	0	0	0	0	0	0	0
0	0	0	0	0	0	0	0	0.748687270465965	0	0	0	0	0	0	0	0	0	0	0	0	0	0	0	0	0	0	0	0	0	0	0	0	0	0	0	0	0	0	0	0	0	0	0	0	0	0	0	0	0	0	0	0	0	0	0	0	0	0	0	0	0	0	0	0	0	0	0	0	0.929760798668428	0	0	0	0	0	0	0	0	0	0	0	0	0	0	0	0	0	0	0	0
0	0	0	0	0	0	0	0	0	0.652643557311094	0	0	0.570191842109578	0	0	0	0	0	0	0	0	0	0	0	0	0	0	0	0	0	0	0	0	0	0	0	0	0	0	0	0	0	0	0	0	0	0	0	0	0	0	0	0	0	0	0	0	0	0	0	0	0	0	0	0	0	0.84745625939528	0	0	0	0	0	0	0	0	0	0	0	0	0	0	0	0	0	0	0	0	0	0	0
0	0	0	0	0	0.643466418615972	0	0	0	0	0	0	0	0	0	0	0	0	0	0	0	0	0	0	0	0	0	0	0	0	0	0	0	0	0	0	0	0	0	0	0	0	0	0	0	0	0	0	0	0	0	0	0	0	0	0	0	0	0.89579063911682	0	0	0	0	0	0	0	0	0	0	0	0	0	0	0	0	0	0	0	0	0	0	0	0	0	0.970982396030089	0	0	0	0	0
0	0	0	0	0	0	0	0	0	0	0	0	0	0	0	0	0	0	0	0.705995787885277	0	0	0	0	0	0	0	0	0	0	0	0	0	0	0	0	0	0	0	0	0	0	0	0	0	0	0	0	0	0	0	0	0.856956275045522	0	0	0	0	0	0	0	0	0	0	0	0	0	0	0	0	0	0	0.870723456045084	0	0	0	0	0	0	0	0	0	0	0	0	0	0	0	0	0	0
0	0	0	0.762031723081263	0	0	0	0	0	0	0	0	0	0	0	0	0	0	0	0	0	0	0	0	0	0	0	0	0	0	0	0	0	0	0	0	0	0	0	0	0	0	0	0	0	0	0	0	0	0	0	0	0	0	0	0	0	0	0	0	0	0	0	0	0	0	0	0	0	0	0	0	0	0	0	0	0	0	0	0	0	0	0.843803309598855	0	0	0	0	0	0	0
0	0	0	0	0	0	0	0	0	0	0	0	0	0	0	0	0	0	0	0	0	0	0	0	0	0	0.984720339037833	0	0.836571823012277	0	0	0	0	0	0	0.968038361192269	0	0	0	0	0	0	0	0	0	0	0	0	0	0	0	0	0	0	0	0	0	0	0	0	0	0	0	0	0	0	0	0	0	0	0.791279540120732	0	0	0	0	0	0	0	0	0	0	0	0	0	0	0	0	0	0	0
0	0	0	0	0.950055506162984	0	0	0	0	0.802602876692017	0	0	0	0	0	0	0	0	0	0	0	0	0	0	0	0	0	0	0	0	0	0	0	0	0	0	0	0	0	0	0	0	0	0	0	0	0	0	0	0.757439145803789	0	0	0	0	0	0	0.901402168568419	0	0	0	0	0	0	0	0	0	0	0	0	0	0.841332598715304	0	0	0	0	0	0	0	0	0	0	0	0	0	0	0	0	0	0	0
0	0	0	0	0	0	0.714819768036819	0	0	0	0	0	0	0	0	0	0	0	0	0	0	0	0	0	0	0	0	0	0	0.630942575671858	0	0	0	0	0	0	0	0	0	0	0	0	0	0	0	0	0	0	0	0	0	0	0	0	0	0	0	0	0	0	0	0	0	0	0	0	0	0	0	0	0	0	0	0	0	0	0	0	0	0.843803309598855	0	0	0	0	0	0	0	0	0.759084277248106	0
0	0	0	0	0	0	0	0	0	0	0	0	0	0	0	0	0	0	0	0	0	0	0	0	0	0	0	0	0	0	0	0	0	0	0.84785005761328	0	0	0	0	0	0	0	0	0	0	0	0.793637642566061	0	0	0	0	0	0	0	0.692905311612982	0	0	0	0	0	0	0	0	0	0	0	0	0	0	0	0	0	0	0	0	0	0	0	0	0	0	0	0	0	0.833272202831559	0.815591596912683	0	0	0	0
0	0	0	0	0	0	0	0	0	0	0	0	0	0	0	0	0	0	0	0	0	0	0	0	0	0	0	0	0	0	0	0	0	0	0	0	0	0	0	0	0	0	0	0	0	0	0	0	0	0	0	0	0	0	0	0	0	0	0	0	0	0	0	0	0	0	0	0	0	0	0	0	0	0	0	0	0	0.970982396030089	0	0	0	0	0	0.833272202831559	0	0	0	0	0	0
0	0	0	0	0	0	0	0	0	0	0	0	0	0	0	0	0	0	0	0	0	0	0	0	0	0	0	0	0	0	0	0	0	0	0	0	0	0	0	0	0	0	0	0	0	0	0	0	0	0	0	0	0	0	0	0	0	0.900802918286677	0	0	0.842529455499157	0	0	0	0	0	0	0	0	0	0	0	0	0	0	0	0	0	0	0	0	0	0	0.815591596912683	0	0	0	0	0	0
0	0	0	0	0	0	0	0	0	0	0	0	0	0	0	0	0	0	0	0	0	0	0	0	0	0	0	0	0.878319726512113	0	0	0	0	0	0	0	0	0	0	0	0	0	0	0	0	0	0	0	0	0	0	0	0	0	0	0	0	0	0	0	0	0	0	0	0	0	0	0	0	0	0.622494898888782	0	0	0	0	0	0	0	0	0	0	0	0	0	0	0	0	0	0	0
0	0	0	0	0	0	0	0	0	0	0	0	0	0	0	0	0	0	0	0	0	0	0	0	0	0	0	0	0	0	0	0	0	0	0	0	0.764647179730567	0	0	0	0	0	0	0.920071009476614	0	0	0	0	0.937360093273567	0	0	0	0	0	0	0	0	0	0	0	0	0	0	0	0	0	0	0	0	0	0	0	0	0	0	0	0	0	0	0	0	0	0	0	0	0	0	0	0	0
0	0.534333183549417	0	0	0	0	0	0	0	0	0	0	0	0	0	0	0	0	0	0	0	0	0	0	0	0	0	0	0	0	0	0	0	0	0	0	0	0	0	0	0	0	0	0	0	0	0	0	0	0	0	0	0	0	0	0	0	0	0	0	0	0	0	0	0	0	0	0	0	0	0	0	0	0.882036041873036	0	0	0	0	0	0	0	0	0.759084277248106	0	0	0	0	0	0	0.841693089615163
0	0	0	0.930863236603401	0	0	0	0	0	0	0	0	0	0	0	0	0	0	0	0	0	0	0	0	0	0.829076245687611	0	0	0.829386802825024	0	0	0	0	0	0	0	0	0	0	0	0	0	0	0	0	0	0	0	0	0	0	0.590728212669801	0	0	0.70490422199969	0	0	0	0	0	0	0	0	0	0	0	0	0	0	0	0	0	0	0	0	0	0	0	0	0	0	0	0	0	0	0	0	0	0.841693089615163	0
