0	0.870085928648606	0	0.823386922584939	0	0	0	0	0	0	0	0	0	0	0	0	0	0	0	0	0	0	0	0	0	0	0	0	0	0	0	0	0	0	0	0	0	0	0	0	0.904669767488001	0	0	0	0	0	0	0	0	0	0	0	0	0	0	0	0	0	0	0.91472279219768	0	0	0	0	0	0.928505782882974	0	0	0	0	0	0	0	0	0	0	0	0	0	0	0	0	0	0	0	0	0	0	0	0
0.870085928648606	0	0	0	0	0	0.939911046493215	0	0	0	0	0	0	0	0	0	0	0	0.758832107958664	0	0	0	0	0	0	0	0	0	0	0.625769528677171	0	0	0	0	0	0	0	0	0	0	0	0	0	0	0	0	0	0	0	0	0	0	0	0	0	0	0	0	0	0	0	0	0	0	0	0	0	0	0	0	0	0	0	0	0	0	0	0	0	0	0	0	0	0	0	0	0	0	0	0
0	0	0	0	0	0	0	0	0	0	0	0	0	0	0.751953699481207	0	0	0	0	0	0	0	0	0	0	0	0.859280731739667	0	0	0	0.767196570856878	0	0	0	0	0	0	0	0.831720968164302	0	0	0	0	0	0	0	0	0	0.803227248659132	0	0.811962740534077	0	0	0	0	0	0	0	0	0	0	0	0	0	0	0	0	0	0	0	0	0.84064528643071	0	0	0.742792535059342	0	0	0	0	0	0	0	0	0	0	0	0	0	0	0
0.823386922584939	0	0	0	0	0	0	0.740171580319842	0	0	0	0	0	0.840943582048379	0	0	0	0	0	0.837575927209129	0	0	0	0	0	0	0	0	0	0	0	0	0	0	0	0	0	0	0	0	0	0	0	0	0	0	0	0	0.625248060051516	0	0	0	0	0	0	0	0	0	0	0	0	0	0	0	0	0	0	0	0	0	0	0	0	0	0	0	0	0	0	0	0	0	0	0	0	0	0	0	0	0
0	0	0	0	0	0.874108541143372	0	0	0	0	0	0	0	0	0	0	0	0	0	0	0	0	0	0	0	0	0	0.846247589451878	0	0	0	0	0	0	0	0.790813195489403	0	0	0	0	0	0	0	0	0	0	0	0	0	0	0	0	0	0	0	0	0	0	0	0	0	0	0	0	0	0	0	0	0	0	0	0	0	0	0	0	0	0	0	0	0	0	0	0	0	0	0	0.946343589597565	0	0
0	0	0	0	0.874108541143372	0	0.840487241113489	0	0	0	0	0	0	0	0.862168194247944	0	0	0	0	0	0	0	0	0	0	0	0	0	0	0	0	0	0	0	0	0.975058915957026	0	0	0	0	0	0	0	0	0	0	0	0	0	0.847550704200794	0	0	0	0	0	0	0	0	0	0	0	0	0	0	0	0	0	0	0	0.561927864528816	0	0	0	0	0	0	0	0	0	0	0	0	0	0	0	0	0	0	0	0
0	0.939911046493215	0	0	0	0.840487241113489	0	0.843136567166017	0	0	0	0	0	0	0	0	0	0	0	0	0	0	0.552066712609744	0	0	0	0	0	0	0	0	0	0	0	0.937021769668206	0	0	0	0	0	0	0	0	0	0	0	0	0	0	0	0	0	0	0	0	0	0	0	0.554176088282708	0	0	0	0	0	0	0	0	0	0	0	0	0	0	0	0	0	0	0	0	0	0	0	0	0	0	0	0	0	0.999457167930463	0
0	0	0	0.740171580319842	0	0	0.843136567166017	0	0	0	0	0	0	0	0	0	0	0	0	0.842130870791647	0	0	0	0	0	0	0	0	0	0	0	0	0	0.816217128807631	0	0	0	0	0	0	0	0	0	0	0	0	0	0	0	0	0	0.930789076668276	0	0	0	0	0	0	0	0	0	0	0	0	0	0.992342907219918	0	0	0	0	0	0	0.686593044432085	0	0	0	0	0	0	0	0	0	0	0	0	0	0	0	0	0
0	0	0	0	0	0	0	0	0	0	0	0	0	0	0	0	0	0	0	0	0	0	0	0.948539473993798	0	0	0	0	0	0	0	0	0.999205158332416	0	0	0	0	0	0	0	0	0	0	0	0	0	0	0	0	0	0	0	0	0	0	0	0	0	0	0	0	0.755416558987384	0	0	0	0	0	0	0	0	0	0.914653713354613	0	0	0	0	0	0	0	0	0.699907354198011	0	0	0	0	0	0	0.709773444773158	0	0
0	0	0	0	0	0	0	0	0	0	0.936691159651276	0	0	0	0	0	0	0	0	0	0	0	0	0	0	0	0	0	0	0	0	0	0	0	0	0	0	0	0	0	0	0	0	0	0	0	0	0	0	0	0	0	0	0	0	0	0	0	0	0	0.575565600994823	0	0	0	0	0	0	0	0	0	0	0	0	0	0	0	0	0	0	0.717136195875487	0	0	0	0	0	0	0	0	0	0
0	0	0	0	0	0	0	0	0	0.936691159651276	0	0	0	0	0	0	0	0	0	0	0.575725728597771	0	0	0	0	0	0	0	0	0	0	0	0.93552539173977	0	0	0	0.739834299982155	0	0	0	0	0	0	0	0	0	0	0	0	0	0	0	0	0	0	0	0	0	0	0	0	0	0	0	0	0	0	0	0	0	0	0	0	0	0	0	0	0	0	0	0	0	0	0	0	0	0	0	0	0
0	0	0	0	0	0	0	0	0	0	0	0	0	0	0.905434877638695	0	0	0	0	0	0	0.878836436137252	0	0	0	0	0	0	0	0	0	0	0	0	0	0	0	0	0	0	0	0	0	0	0	0	0	0	0	0	0	0	0	0	0	0	0	0	0	0	0	0	0	0	0	0	0	0	0	0	0	0	0	0	0	0	0	0	0	0	0	0	0	0	0	0	0	0	0	0
0	0	0	0	0	0	0	0	0	0	0	0	0	0	0.902095533456147	0	0	0	0	0	0	0	0	0	0	0.809184784830541	0	0	0	0	0	0	0	0	0	0	0	0	0	0	0	0	0	0	0	0	0	0	0	0	0	0	0	0	0	0	0	0	0	0	0	0	0	0	0	0	0	0	0	0	0	0	0	0	0	0	0	0	0	0	0	0	0	0	0	0	0	0	0	0.909658139487513
0	0	0	0.840943582048379	0	0	0	0	0	0	0	0	0	0	0	0	0	0	0	0	0	0	0	0	0	0	0	0	0	0	0	0	0	0	0	0	0	0	0	0	0	0	0	0	0	0	0	0	0	0	0	0	0	0	0	0	0	0	0	0	0	0	0	0	0	0	0	0	0	0	0	0	0	0	0	0	0	0	0	0.932901644156361	0	0	0	0	0	0	0	0	0	0
0	0	0.751953699481207	0	0	0.862168194247944	0	0	0	0	0	0.905434877638695	0.902095533456147	0	0	0	0	0	0.845402936382153	0	0	0	0	0	0	0	0	0	0	0	0	0	0	0	0	0	0	0	0	0	0	0	0	0	0	0	0	0	0	0	0	0	0	0	0	0	0	0	0	0	0.930705535699732	0	0	0	0	0	0	0	0	0	0	0	0	0	0	0	0	0	0	0	0	0	0	0	0	0	0	0	0.872039828768699	0
0	0	0	0	0	0	0	0	0	0	0	0	0	0	0	0	0	0	0	0	0	0	0	0	0	0	0	0	0	0	0	0	0	0	0	0	0	0	0	0	0	0	0	0	0	0	0	0	0	0	0	0	0	0	0	0	0	0.863540628082757	0.682309549641348	0	0	0.862674715066546	0	0	0	0	0	0	0	0	0	0	0	0	0	0	0	0	0	0	0	0	0	0	0	0	0	0	0	0
0	0	0	0	0	0	0	0	0	0	0	0	0	0	0	0	0	0	0	0	0	0	0	0	0	0	0	0	0	0	0	0	0	0	0	0	0	0	0	0	0	0	0	0	0	0	0	0	0	0	0	0	0	0	0	0.931625631230116	0	0.90129176301647	0.862163054485945	0	0	0	0	0	0	0	0	0	0.998168122967458	0	0	0	0	0	0	0	0	0	0	0	0	0	0	0	0	0	0	0	0	0
0	0	0	0	0	0	0	0	0	0	0	0	0	0	0	0	0	0	0	0	0	0	0	0	0	0	0.575841061129388	0	0	0	0	0.928415864851991	0	0	0	0	0	0	0	0	0	0	0	0	0	0	0	0	0	0	0	0	0	0	0	0	0	0	0	0	0	0	0	0	0	0	0	0	0	0	0	0	0	0	0	0	0	0	0	0	0	0	0	0	0.744048751623249	0	0	0	0	0
0	0.758832107958664	0	0	0	0	0	0	0	0	0	0	0	0	0.845402936382153	0	0	0	0	0	0	0	0	0	0	0	0	0	0	0	0	0	0	0	0	0	0	0	0	0	0	0	0	0	0	0	0	0	0	0	0	0	0	0	0	0	0	0	0	0	0	0	0	0	0	0	0	0	0	0	0	0	0	0	0	0	0.554989576288816	0	0	0	0	0	0	0	0	0	0	0	0	0
0	0	0	0.837575927209129	0	0	0	0.842130870791647	0	0	0	0	0	0	0	0	0	0	0	0	0	0	0	0	0	0	0	0	0	0	0	0	0	0	0	0	0	0	0	0	0	0	0	0	0	0	0	0	0	0	0	0	0	0	0	0	0	0	0	0	0	0	0.923878236728435	0	0	0	0	0	0	0	0	0	0	0	0	0	0	0	0	0	0	0	0	0	0	0	0	0	0	0
0	0	0	0	0	0	0	0	0	0	0.575725728597771	0	0	0	0	0	0	0	0	0	0	0	0	0	0	0	0	0	0	0	0	0.952769820081746	0	0	0	0	0	0	0	0	0	0	0	0	0	0	0	0.94028684628525	0	0	0	0	0	0	0	0	0	0	0	0.84940501102851	0	0	0	0	0	0	0	0	0	0	0	0	0	0	0	0	0	0	0	0	0	0	0	0	0	0	0	0	0	0
0	0	0	0	0	0	0	0	0	0	0	0.878836436137252	0	0	0	0	0	0	0	0	0	0	0	0	0	0	0	0	0	0	0	0	0.883076360892706	0	0	0	0	0	0	0	0	0	0	0	0	0	0	0	0	0	0	0	0	0	0	0	0	0	0	0	0	0	0	0	0	0	0	0	0	0	0	0	0	0	0	0	0	0	0	0.725214560081618	0	0	0	0	0.917703345611474	0	0	0	0	0
0	0	0	0	0	0	0.552066712609744	0	0	0	0	0	0	0	0	0	0	0	0	0	0	0	0	0	0	0	0	0	0	0	0.600695081406795	0	0	0	0	0	0	0	0	0	0	0	0	0	0	0	0	0	0	0	0	0	0	0	0	0	0	0	0	0	0	0	0	0	0	0	0	0	0	0	0	0	0	0	0	0	0	0	0	0	0	0	0	0	0	0	0	0	0	0
0	0	0	0	0	0	0	0	0.948539473993798	0	0	0	0	0	0	0	0	0	0	0	0	0	0	0	0	0.961700101506593	0	0	0	0	0	0	0	0	0	0	0	0	0	0	0	0	0	0	0	0	0	0	0	0	0	0	0	0	0	0	0	0	0	0	0	0	0	0	0	0	0	0	0	0	0	0	0	0	0	0	0	0	0	0	0	0	0	0	0	0.90605606371312	0	0	0	0
0	0	0	0	0	0	0	0	0	0	0	0	0	0	0	0	0	0	0	0	0	0	0	0	0	0.887959784304148	0	0	0	0	0	0	0	0	0	0	0	0	0	0	0	0	0	0	0	0	0	0	0	0	0	0	0	0	0	0	0	0	0	0	0	0	0	0	0	0.981054855401535	0	0	0	0	0	0	0	0	0	0	0	0	0	0	0	0	0	0	0	0	0	0	0	0
0	0	0	0	0	0	0	0	0	0	0	0	0.809184784830541	0	0	0	0	0	0	0	0	0	0	0.961700101506593	0.887959784304148	0	0	0	0	0	0	0	0	0.541579848516967	0	0	0	0	0	0	0	0	0	0	0	0	0	0	0	0	0	0	0	0	0	0	0	0	0	0	0	0	0	0.837931810196846	0	0	0	0	0	0	0	0	0	0	0	0	0	0.962645350767914	0	0	0	0	0	0	0	0	0	0	0	0
0	0	0.859280731739667	0	0	0	0	0	0	0	0	0	0	0	0	0	0	0.575841061129388	0	0	0	0	0	0	0	0	0	0	0	0	0	0	0	0	0	0	0.721309424211548	0	0	0	0.751426183502475	0	0	0	0	0	0	0	0	0	0	0	0	0	0	0	0.986132039780826	0	0	0	0	0	0.579403830631934	0	0	0	0	0	0.866450773292457	0	0.83081941974188	0	0	0	0	0.831229709026521	0	0	0	0	0	0	0	0	0	0	0	0	0	0.642916345523574
0	0	0	0	0.846247589451878	0	0	0	0	0	0	0	0	0	0	0	0	0	0	0	0	0	0	0	0	0	0	0	0	0	0	0	0	0	0	0	0	0	0	0	0	0	0	0	0	0	0	0	0	0	0	0	0	0	0	0	0	0	0	0	0.879787573324326	0	0	0	0	0	0	0	0	0	0	0	0	0	0	0	0	0	0	0	0	0	0	0	0	0	0	0	0	0
0	0	0	0	0	0	0	0	0	0	0	0	0	0	0	0	0	0	0	0	0	0	0	0	0	0	0	0	0	0	0	0	0	0	0	0	0	0	0	0	0	0	0	0	0	0	0	0	0	0.635578035415705	0	0	0	0	0	0	0	0	0	0	0	0	0.870342476676147	0	0	0.742883434012529	0	0	0	0	0	0	0	0	0	0	0	0	0	0	0	0	0	0	0	0	0	0	0	0
0	0.625769528677171	0	0	0	0	0	0	0	0	0	0	0	0	0	0	0	0	0	0	0	0	0	0	0	0	0	0	0	0	0	0	0	0	0	0	0.722052316953122	0	0	0	0	0	0	0	0	0	0	0	0	0	0	0	0	0	0	0	0	0	0	0	0	0	0	0	0	0	0	0	0	0	0	0	0	0	0	0	0	0	0	0	0	0	0	0	0	0	0	0	0.757327855344801	0
0	0	0.767196570856878	0	0	0	0	0	0	0	0	0	0	0	0	0	0	0	0	0	0	0	0.600695081406795	0	0	0	0	0	0	0	0	0	0	0	0	0	0	0	0	0	0	0	0	0	0	0	0	0	0	0	0	0	0	0	0	0	0	0	0	0	0	0	0	0	0	0	0	0	0	0	0	0	0	0	0	0	0	0	0	0	0.561044661082504	0	0	0	0	0	0	0	0	0
0	0	0	0	0	0	0	0	0	0	0	0	0	0	0	0	0	0.928415864851991	0	0	0.952769820081746	0	0	0	0	0	0	0	0	0	0	0	0	0.781367342501091	0	0	0	0	0	0	0	0	0	0	0	0	0	0	0	0	0	0	0	0	0	0	0	0	0	0	0	0	0	0	0	0	0	0	0	0	0	0	0	0	0	0	0	0	0	0	0	0	0	0	0	0	0	0	0	0
0	0	0	0	0	0	0	0	0.999205158332416	0	0.93552539173977	0	0	0	0	0	0	0	0	0	0	0.883076360892706	0	0	0	0	0	0	0	0	0	0	0	0	0	0	0	0	0	0	0	0	0	0	0	0	0	0	0	0	0	0	0	0	0	0	0	0	0	0	0	0	0	0	0	0	0	0	0	0.843274263919163	0	0	0	0	0	0	0	0.737080697027094	0	0	0	0	0	0.832883854394525	0	0	0	0	0	0
0	0	0	0	0	0	0	0.816217128807631	0	0	0	0	0	0	0	0	0	0	0	0	0	0	0	0	0	0.541579848516967	0	0	0	0	0	0.781367342501091	0	0	0	0	0	0	0	0	0	0	0	0	0	0	0	0	0	0	0	0	0	0	0	0	0	0	0	0	0	0	0	0.956358281127549	0	0	0	0	0	0	0	0	0	0	0	0	0	0	0	0	0	0	0	0	0	0	0	0.731574429206119	0	0.818462228579886
0	0	0	0	0	0	0.937021769668206	0	0	0	0	0	0	0	0	0	0	0	0	0	0	0	0	0	0	0	0	0	0	0	0	0	0	0	0	0	0.885023629720223	0	0	0	0	0	0	0	0	0	0	0	0	0	0	0	0	0	0	0	0	0	0	0	0	0	0	0	0	0	0	0	0	0.958353408279986	0	0	0	0	0	0	0	0	0	0	0	0	0	0	0	0.688380775234813	0	0	0	0
0	0	0	0	0.790813195489403	0.975058915957026	0	0	0	0	0	0	0	0	0	0	0	0	0	0	0	0	0	0	0	0	0	0	0	0	0	0	0	0	0	0	0	0	0	0	0	0	0	0	0	0	0	0	0	0	0	0	0	0	0	0	0	0	0	0	0	0	0	0	0	0	0	0	0	0	0	0	0	0	0	0	0	0	0	0	0	0	0	0	0	0	0	0	0	0
0	0	0	0	0	0	0	0	0	0	0.739834299982155	0	0	0	0	0	0	0	0	0	0	0	0	0	0	0	0.721309424211548	0	0	0.722052316953122	0	0	0	0	0.885023629720223	0	0	0	0	0	0	0	0	0	0	0	0	0	0	0	0	0	0	0	0	0	0	0	0.814644290979147	0.918884394218235	0	0	0	0	0	0	0	0	0	0	0	0	0	0	0	0	0	0	0	0	0	0	0	0	0	0	0	0	0	0
0	0	0	0	0	0	0	0	0	0	0	0	0	0	0	0	0	0	0	0	0	0	0	0	0	0	0	0	0	0	0	0	0	0	0	0	0	0	0.957336723739064	0	0	0	0	0	0	0	0	0	0	0	0	0	0	0	0	0	0	0	0	0	0.756905920432447	0	0	0	0	0	0	0	0	0	0	0	0	0	0	0	0	0	0	0	0	0	0	0	0	0	0	0	0	0
0	0	0.831720968164302	0	0	0	0	0	0	0	0	0	0	0	0	0	0	0	0	0	0	0	0	0	0	0	0	0	0	0	0	0	0	0	0	0	0	0.957336723739064	0	0	0	0	0	0	0	0	0	0	0	0	0	0	0	0	0	0.785411042100762	0.994233000709328	0	0	0	0	0	0	0	0	0	0	0	0	0	0	0	0	0	0	0	0	0	0	0	0	0	0	0	0	0	0	0	0	0
0	0	0	0	0	0	0	0	0	0	0	0	0	0	0	0	0	0	0	0	0	0	0	0	0	0	0	0	0	0	0	0	0	0	0	0	0	0	0	0	0	0	0	0	0	0	0	0	0	0	0	0	0.860988180542795	0	0	0	0	0	0	0.754398404740624	0	0	0	0	0	0	0	0.711653990392294	0.817138949792656	0	0	0	0	0	0.647490464677691	0	0	0	0	0	0.727832109703207	0	0	0	0	0	0	0	0	0
0.904669767488001	0	0	0	0	0	0	0	0	0	0	0	0	0	0	0	0	0	0	0	0	0	0	0	0	0	0.751426183502475	0	0	0	0	0	0	0	0	0	0	0	0	0	0	0	0	0.947128499471149	0	0	0	0	0	0	0	0	0	0	0	0	0	0	0	0	0	0	0	0	0	0	0	0	0	0	0	0	0	0	0	0	0	0	0	0	0	0	0	0	0	0	0	0	0	0
0	0	0	0	0	0	0	0	0	0	0	0	0	0	0	0	0	0	0	0	0	0	0	0	0	0	0	0	0	0	0	0	0	0	0	0	0	0	0	0	0	0	0	0	0	0	0	0	0	0	0	0	0	0	0	0	0	0	0	0	0	0	0	0	0	0	0	0	0	0	0.572731109100819	0	0	0	0	0	0	0	0	0	0	0	0	0	0	0.739475909699298	0	0	0	0
0	0	0	0	0	0	0	0	0	0	0	0	0	0	0	0	0	0	0	0	0	0	0	0	0	0	0	0	0	0	0	0	0	0	0	0	0	0	0	0	0	0	0	0	0	0	0	0	0	0	0	0	0.807968370889976	0	0.934919153179007	0	0	0	0	0	0	0	0	0	0	0	0	0	0	0	0	0	0	0	0	0	0	0.773054924755674	0	0	0	0	0	0	0	0	0	0	0	0
0	0	0	0	0	0	0	0	0	0	0	0	0	0	0	0	0	0	0	0	0	0	0	0	0	0	0	0	0	0	0	0	0	0	0	0	0	0	0	0	0.947128499471149	0	0	0	0	0.97430991476049	0.607537152849621	0	0	0	0	0	0	0	0	0	0	0	0	0	0	0	0	0.999371612292112	0	0	0	0	0	0	0	0	0	0	0	0	0	0	0	0	0	0	0	0	0	0	0	0.779504882925733	0	0
0	0	0	0	0	0	0	0	0	0	0	0	0	0	0	0	0	0	0	0	0	0	0	0	0	0	0	0	0	0	0	0	0	0	0	0	0	0	0	0	0	0	0	0	0	0	0.969427985321866	0	0	0	0	0	0	0	0	0	0.98758976671377	0	0	0	0	0	0	0	0	0	0	0	0	0	0	0	0	0	0	0	0	0	0	0	0	0	0	0	0	0	0	0	0	0
0	0	0	0	0	0	0	0	0	0	0	0	0	0	0	0	0	0	0	0	0	0	0	0	0	0	0	0	0	0	0	0	0	0	0	0	0	0	0	0	0	0	0	0.97430991476049	0	0	0	0.786256465876611	0	0	0	0	0	0	0	0	0	0	0	0	0	0	0	0	0	0	0	0	0	0	0	0	0	0	0	0	0	0	0	0	0	0	0	0	0	0	0	0	0	0
0	0	0	0	0	0	0	0	0	0	0	0	0	0	0	0	0	0	0	0	0	0	0	0	0	0	0	0	0	0	0	0	0	0	0	0	0	0	0	0	0	0	0	0.607537152849621	0.969427985321866	0	0	0	0	0	0	0	0	0	0	0	0	0	0	0	0	0	0	0	0	0.957131332296459	0	0	0	0	0	0	0	0	0	0	0	0	0	0	0	0	0	0	0	0	0	0	0	0
0	0	0	0	0	0	0	0	0	0	0	0	0	0	0	0	0	0	0	0	0.94028684628525	0	0	0	0	0	0	0	0	0	0	0	0	0	0	0	0	0	0	0	0	0	0	0	0	0.786256465876611	0	0	0	0	0	0	0	0	0	0	0	0	0	0	0	0	0	0	0	0	0	0	0	0.879036422281553	0	0	0	0	0	0	0	0	0	0	0	0	0	0	0	0	0	0	0	0
0	0	0.803227248659132	0.625248060051516	0	0	0	0	0	0	0	0	0	0	0	0	0	0	0	0	0	0	0	0	0	0	0	0	0	0	0	0	0	0	0	0	0	0	0	0	0	0	0	0	0	0	0	0	0	0	0.881434453690349	0	0	0	0	0	0	0	0	0	0	0	0	0	0	0	0	0	0	0	0	0	0	0	0	0	0	0	0	0	0	0	0	0	0	0	0	0	0	0
0	0	0	0	0	0.847550704200794	0	0	0	0	0	0	0	0	0	0	0	0	0	0	0	0	0	0	0	0	0	0	0.635578035415705	0	0	0	0	0	0	0	0	0	0	0	0	0	0	0	0	0	0	0	0	0	0.793946597743894	0	0	0	0	0	0	0	0	0	0	0	0	0	0	0	0	0	0	0	0	0	0	0	0	0	0	0	0	0	0	0	0	0	0	0	0	0	0	0
0	0	0.811962740534077	0	0	0	0	0	0	0	0	0	0	0	0	0	0	0	0	0	0	0	0	0	0	0	0	0	0	0	0	0	0	0	0	0	0	0	0	0	0	0	0	0	0	0	0	0	0.881434453690349	0.793946597743894	0	0.965819809709806	0	0	0.912715450892067	0	0	0	0	0	0	0	0	0	0	0	0	0	0	0	0	0	0	0	0	0	0	0	0	0	0	0	0	0	0	0	0	0	0	0
0	0	0	0	0	0	0	0.930789076668276	0	0	0	0	0	0	0	0	0	0	0	0	0	0	0	0	0	0	0	0	0	0	0	0	0	0	0	0	0	0	0	0	0	0	0	0	0	0	0	0	0	0	0.965819809709806	0	0	0.933416566446135	0	0	0	0	0	0	0	0	0	0	0	0	0	0	0	0	0	0	0.899300036903949	0	0	0	0	0	0	0	0	0	0	0	0	0	0	0	0	0
0	0	0	0	0	0	0	0	0	0	0	0	0	0	0	0	0	0	0	0	0	0	0	0	0	0	0	0	0	0	0	0	0	0	0	0	0	0	0	0.860988180542795	0	0	0.807968370889976	0	0	0	0	0	0	0	0	0	0	0.865194306218156	0	0	0	0	0	0	0	0	0	0	0	0	0	0	0	0	0	0	0	0	0	0.993280940979845	0	0	0	0	0	0	0	0	0	0	0	0	0	0
0	0	0	0	0	0	0	0	0	0	0	0	0	0	0	0	0	0	0	0	0	0	0	0	0	0	0	0	0	0	0	0	0	0	0	0	0	0	0	0	0	0	0	0	0	0	0	0	0	0	0	0.933416566446135	0.865194306218156	0	0	0.820122792731656	0	0	0	0	0	0	0	0	0	0	0	0	0	0	0	0	0.939219578774314	0	0	0	0	0	0	0	0	0	0	0	0	0	0	0	0	0
0	0	0	0	0	0	0	0	0	0	0	0	0	0	0	0	0	0	0	0	0	0	0	0	0	0	0	0	0	0	0	0	0	0	0	0	0	0	0	0	0	0	0.934919153179007	0	0	0	0	0	0	0	0.912715450892067	0	0	0	0	0	0	0	0	0	0	0	0	0	0	0	0	0	0	0	0	0	0	0	0	0	0	0	0	0	0	0	0	0	0	0	0	0.889707246103203	0	0
0	0	0	0	0	0	0	0	0	0	0	0	0	0	0	0	0.931625631230116	0	0	0	0	0	0	0	0	0	0	0	0	0	0	0	0	0	0	0	0	0	0.785411042100762	0	0	0	0	0	0	0	0	0	0	0	0	0	0	0.820122792731656	0	0	0	0	0	0	0	0.974367581174654	0	0	0	0	0.79662240332972	0	0	0	0	0	0	0	0	0	0	0	0	0	0	0	0	0	0	0	0	0	0	0
0	0	0	0	0	0	0	0	0	0	0	0	0	0	0	0	0	0	0	0	0	0	0	0	0	0	0.986132039780826	0	0	0	0	0	0	0	0	0	0	0	0.994233000709328	0	0	0	0	0	0.98758976671377	0	0	0	0	0	0	0	0	0	0	0	0	0	0	0	0	0	0	0	0	0	0	0	0	0	0	0	0	0.678815152789056	0	0	0	0	0	0	0	0	0	0	0	0	0	0	0	0
0	0	0	0	0	0	0	0	0	0	0	0	0	0	0	0.863540628082757	0.90129176301647	0	0	0	0	0	0	0	0	0	0	0	0	0	0	0	0	0	0	0	0	0	0	0	0	0	0	0	0	0	0	0	0	0	0	0	0	0	0	0	0	0	0	0	0	0	0	0	0	0	0	0.778443258555282	0	0	0	0	0	0	0	0	0	0	0	0	0	0	0	0	0	0	0	0	0	0
0	0	0	0	0	0	0.554176088282708	0	0	0	0	0	0	0	0	0.682309549641348	0.862163054485945	0	0	0	0	0	0	0	0	0	0	0	0	0	0	0	0	0	0	0	0.814644290979147	0	0	0	0	0	0	0	0	0	0	0	0	0	0	0	0	0	0	0	0	0	0	0	0	0	0	0	0	0	0	0	0	0	0	0	0	0	0	0	0.923022106988278	0	0	0	0	0	0	0	0	0	0	0	0	0
0.91472279219768	0	0	0	0	0	0	0	0	0	0	0	0	0	0	0	0	0	0	0	0.84940501102851	0	0	0	0	0	0	0	0	0	0	0	0	0	0	0	0.918884394218235	0	0	0.754398404740624	0	0	0	0	0	0	0	0	0	0	0	0	0	0	0	0	0	0	0	0	0	0	0	0	0	0	0	0	0	0	0	0	0	0	0	0	0	0	0	0	0	0	0	0.721459072103532	0	0	0	0	0	0
0	0	0	0	0	0	0	0	0	0.575565600994823	0	0	0	0	0.930705535699732	0	0	0	0	0	0	0	0	0	0	0	0	0.879787573324326	0	0	0	0	0	0	0	0	0	0.756905920432447	0	0	0	0	0	0	0	0	0	0	0	0	0	0	0	0	0	0	0	0	0	0	0	0	0	0	0	0	0	0	0	0	0	0	0	0	0	0.927107523701531	0	0	0	0	0.985435396822135	0	0	0	0	0	0	0	0	0
0	0	0	0	0	0	0	0	0.755416558987384	0	0	0	0	0	0	0.862674715066546	0	0	0	0	0	0	0	0	0	0	0	0	0	0	0	0	0	0	0	0	0	0	0	0	0	0	0	0	0	0	0	0	0	0	0	0	0	0	0	0.974367581174654	0	0	0	0	0	0	0	0	0	0	0	0	0	0	0	0.799166773745632	0	0	0	0	0	0	0	0	0	0	0	0	0	0	0	0	0	0
0	0	0	0	0	0	0	0	0	0	0	0	0	0	0	0	0	0	0	0.923878236728435	0	0	0	0	0	0	0.579403830631934	0	0.870342476676147	0	0	0	0	0	0	0	0	0	0	0	0	0	0	0	0	0	0	0	0	0	0	0	0	0	0	0	0	0	0	0	0	0	0	0	0	0	0	0	0	0	0	0	0	0	0	0.898416344201971	0	0	0	0	0	0	0	0	0	0	0	0	0	0
0	0	0	0	0	0	0	0	0	0	0	0	0	0	0	0	0	0	0	0	0	0	0	0	0	0.837931810196846	0	0	0	0	0	0	0	0.956358281127549	0	0	0	0	0	0	0	0	0	0.999371612292112	0	0	0	0	0	0	0	0	0	0	0	0	0	0	0	0	0	0	0	0	0	0	0	0	0	0.990561644771493	0	0	0	0	0	0	0	0	0	0	0	0	0	0	0	0	0	0	0	0
0	0	0	0	0	0	0	0	0	0	0	0	0	0	0	0	0	0	0	0	0	0	0	0	0	0	0	0	0	0	0	0	0	0	0	0	0	0	0	0	0	0	0	0	0	0	0	0	0	0	0	0	0	0	0	0	0	0	0	0	0	0	0	0	0	0.841582673348289	0	0	0	0	0	0	0	0	0	0	0	0	0.826877521861684	0	0	0	0	0	0	0	0	0	0	0
0.928505782882974	0	0	0	0	0	0	0.992342907219918	0	0	0	0	0	0	0	0	0	0	0	0	0	0	0	0	0.981054855401535	0	0	0	0.742883434012529	0	0	0	0	0	0	0	0	0	0	0	0	0	0	0	0	0	0.957131332296459	0	0	0	0	0	0	0	0	0	0	0	0	0	0	0	0	0	0.841582673348289	0	0.704412646918387	0	0	0	0	0	0	0	0	0	0	0	0	0	0	0	0	0	0	0	0	0	0	0
0	0	0	0	0	0	0	0	0	0	0	0	0	0	0	0	0	0	0	0	0	0	0	0	0	0	0	0	0	0	0	0	0	0	0	0	0	0	0	0	0	0	0	0	0	0	0	0	0	0	0	0	0	0	0	0.79662240332972	0	0	0	0	0	0	0	0	0	0.704412646918387	0	0	0	0	0	0	0	0	0	0	0	0	0	0	0	0	0.773941472216329	0	0	0	0	0	0	0
0	0	0	0	0	0	0	0	0	0	0	0	0	0	0	0	0	0	0	0	0	0	0	0	0	0	0	0	0	0	0	0	0	0	0	0	0	0	0	0.711653990392294	0	0	0	0	0	0	0	0	0	0	0	0	0	0	0	0	0	0.778443258555282	0	0	0	0	0	0	0	0	0	0	0	0	0	0	0	0	0	0	0	0	0	0	0	0	0	0	0	0	0	0	0	0
0	0	0	0	0	0	0	0	0	0	0	0	0	0	0	0	0.998168122967458	0	0	0	0	0	0	0	0	0	0.866450773292457	0	0	0	0	0	0	0	0	0	0	0	0	0.817138949792656	0	0	0	0	0	0	0	0	0	0	0	0	0	0	0	0	0	0	0	0	0	0	0	0	0	0	0	0	0	0	0	0	0	0	0	0	0	0	0.85639890142956	0	0	0	0	0	0	0	0	0	0	0
0	0	0	0	0	0.561927864528816	0	0	0	0	0	0	0	0	0	0	0	0	0	0	0	0	0	0	0	0	0	0	0	0	0	0	0.843274263919163	0	0.958353408279986	0	0	0	0	0	0	0	0	0	0	0	0	0.879036422281553	0	0	0	0	0	0	0	0	0	0	0	0	0	0	0	0.990561644771493	0	0	0	0	0	0	0	0.754155649205317	0	0	0	0	0	0	0	0	0	0	0	0	0	0	0	0	0	0
0	0	0	0	0	0	0	0	0	0	0	0	0	0	0	0	0	0	0	0	0	0	0	0	0	0	0.83081941974188	0	0	0	0	0	0	0	0	0	0	0	0	0	0	0.572731109100819	0	0	0	0	0	0	0	0	0	0	0	0	0	0	0	0	0	0	0	0	0	0	0	0	0	0	0	0	0	0	0	0	0.797360130817227	0	0	0	0	0	0	0	0.870074042499521	0	0	0	0.934865096508248	0	0	0
0	0	0.84064528643071	0	0	0	0	0	0.914653713354613	0	0	0	0	0	0	0	0	0	0	0	0	0	0	0	0	0	0	0	0	0	0	0	0	0	0	0	0	0	0	0	0	0	0	0	0	0	0	0	0	0	0	0	0	0	0	0	0	0	0	0	0	0.799166773745632	0	0	0	0	0	0	0	0.754155649205317	0	0	0	0	0	0	0	0	0	0	0	0.602768486600079	0	0	0	0	0	0	0	0
0	0	0	0	0	0	0	0.686593044432085	0	0	0	0	0	0	0	0	0	0	0	0	0	0	0	0	0	0	0	0	0	0	0	0	0	0	0	0	0	0	0	0	0	0	0	0	0	0	0	0	0	0	0	0.899300036903949	0	0.939219578774314	0	0	0	0	0	0	0	0	0	0	0	0	0	0	0	0	0	0	0	0	0	0	0	0	0	0	0	0	0	0	0	0	0	0	0	0
0	0	0	0	0	0	0	0	0	0	0	0	0	0	0	0	0	0	0	0	0	0	0	0	0	0	0	0	0	0	0	0	0	0	0	0	0	0	0	0	0	0	0	0	0	0	0	0	0	0	0	0	0	0	0	0	0.678815152789056	0	0	0	0	0	0	0	0	0	0	0	0	0	0	0	0	0	0	0	0	0	0	0	0	0	0	0.943302299956089	0	0	0	0	0	0
0	0	0.742792535059342	0	0	0	0	0	0	0	0	0	0	0	0	0	0	0	0	0	0	0	0	0	0	0	0	0	0	0	0	0	0	0	0	0	0	0	0	0.647490464677691	0	0	0	0	0	0	0	0	0	0	0	0	0	0	0	0	0	0	0	0	0	0	0	0	0	0	0	0	0	0	0.797360130817227	0	0	0	0	0	0	0	0	0.713819818272249	0	0	0	0	0	0	0	0	0	0
0	0	0	0	0	0	0	0	0	0	0	0	0	0	0	0	0	0	0	0	0	0	0	0	0	0	0.831229709026521	0	0	0	0	0	0	0	0	0	0	0	0	0	0	0	0	0	0	0	0	0	0	0	0	0	0.993280940979845	0	0	0	0	0	0	0	0.927107523701531	0	0.898416344201971	0	0	0	0	0	0	0	0	0	0	0	0	0	0	0	0	0	0	0	0	0	0	0	0	0	0	0
0	0	0	0	0	0	0	0	0	0	0	0	0	0	0	0	0	0	0.554989576288816	0	0	0	0	0	0	0	0	0	0	0	0	0	0	0	0	0	0	0	0	0	0	0	0	0	0	0	0	0	0	0	0	0	0	0	0	0	0	0	0.923022106988278	0	0	0	0	0	0	0	0	0	0	0	0	0	0	0	0	0	0	0	0	0	0	0	0	0	0	0	0	0	0	0
0	0	0	0	0	0	0	0	0	0	0	0	0	0	0	0	0	0	0	0	0	0	0	0	0	0.962645350767914	0	0	0	0	0	0	0.737080697027094	0	0	0	0	0	0	0	0	0	0.773054924755674	0	0	0	0	0	0	0	0	0	0	0	0	0	0	0	0	0	0	0	0	0	0	0	0	0	0	0	0	0	0	0	0	0	0	0	0	0	0	0	0	0	0	0	0	0	0	0
0	0	0	0	0	0	0	0	0	0	0	0	0	0	0	0	0	0	0	0	0	0	0	0	0	0	0	0	0	0	0	0	0	0	0	0	0	0	0	0	0	0	0	0	0	0	0	0	0	0	0	0	0	0	0	0	0	0	0	0	0	0	0	0	0.826877521861684	0	0	0	0.85639890142956	0	0	0	0	0	0	0	0	0	0	0	0	0	0	0	0	0	0	0	0	0.953558679818328
0	0	0	0	0	0	0	0	0	0.717136195875487	0	0	0	0.932901644156361	0	0	0	0	0	0	0	0.725214560081618	0	0	0	0	0	0	0	0	0	0	0	0	0	0	0	0	0	0	0	0	0	0	0	0	0	0	0	0	0	0	0	0	0	0	0	0	0	0	0	0	0	0	0	0	0	0	0	0	0	0	0	0	0.713819818272249	0	0	0	0	0	0	0	0	0	0	0	0	0	0	0
0	0	0	0	0	0	0	0	0.699907354198011	0	0	0	0	0	0	0	0	0	0	0	0	0	0	0	0	0	0	0	0	0	0.561044661082504	0	0	0	0	0	0	0	0	0.727832109703207	0	0	0	0	0	0	0	0	0	0	0	0	0	0	0	0	0	0	0	0	0.985435396822135	0	0	0	0	0	0	0	0	0	0	0	0	0	0	0	0	0	0	0	0	0	0	0	0	0	0	0	0	0
0	0	0	0	0	0	0	0	0	0	0	0	0	0	0	0	0	0	0	0	0	0	0	0	0	0	0	0	0	0	0	0	0	0	0	0	0	0	0	0	0	0	0	0	0	0	0	0	0	0	0	0	0	0	0	0	0	0	0	0	0	0	0	0	0	0	0	0	0	0	0	0.602768486600079	0	0	0	0	0	0	0	0	0	0	0.804833487118664	0	0	0	0	0	0	0
0	0	0	0	0	0	0	0	0	0	0	0	0	0	0	0	0	0	0	0	0	0	0	0	0	0	0	0	0	0	0	0	0	0	0	0	0	0	0	0	0	0	0	0	0	0	0	0	0	0	0	0	0	0	0	0	0	0	0	0	0	0	0	0	0	0	0.773941472216329	0	0	0	0.870074042499521	0	0	0	0	0	0	0	0	0	0	0.804833487118664	0	0	0.874849604138509	0	0	0.928016033749954	0	0
0	0	0	0	0	0	0	0	0	0	0	0	0	0	0	0	0	0	0	0	0	0	0	0	0	0	0	0	0	0	0	0	0.832883854394525	0	0	0	0	0	0	0	0	0	0	0	0	0	0	0	0	0	0	0	0	0	0	0	0	0	0	0.721459072103532	0	0	0	0	0	0	0	0	0	0	0	0	0	0.943302299956089	0	0	0	0	0	0	0	0	0	0	0.681960273169684	0	0	0	0	0
0	0	0	0	0	0	0	0	0	0	0	0	0	0	0	0	0	0.744048751623249	0	0	0	0.917703345611474	0	0	0	0	0	0	0	0	0	0	0	0	0	0	0	0	0	0	0	0	0	0	0	0	0	0	0	0	0	0	0	0	0	0	0	0	0	0	0	0	0	0	0	0	0	0	0	0	0	0	0	0	0	0	0	0	0	0	0	0	0.874849604138509	0.681960273169684	0	0	0.834200440564519	0	0	0
0	0	0	0	0	0	0	0	0	0	0	0	0	0	0	0	0	0	0	0	0	0	0	0.90605606371312	0	0	0	0	0	0	0	0	0	0	0.688380775234813	0	0	0	0	0	0	0.739475909699298	0	0	0	0	0	0	0	0	0	0	0	0	0	0	0	0	0	0	0	0	0	0	0	0	0	0	0	0	0	0	0	0	0	0	0	0	0	0	0	0	0	0	0	0	0.879239162963791	0	0	0
0	0	0	0	0	0	0	0	0	0	0	0	0	0	0	0	0	0	0	0	0	0	0	0	0	0	0	0	0	0	0	0	0	0	0	0	0	0	0	0	0	0	0	0	0	0	0	0	0	0	0	0	0	0	0	0	0	0	0	0	0	0	0	0	0	0	0	0	0	0	0.934865096508248	0	0	0	0	0	0	0	0	0	0	0	0	0	0.834200440564519	0.879239162963791	0	0.863107897777813	0	0
0	0	0	0	0.946343589597565	0	0	0	0.709773444773158	0	0	0	0	0	0	0	0	0	0	0	0	0	0	0	0	0	0	0	0	0	0	0	0	0.731574429206119	0	0	0	0	0	0	0	0	0	0.779504882925733	0	0	0	0	0	0	0	0	0	0	0.889707246103203	0	0	0	0	0	0	0	0	0	0	0	0	0	0	0	0	0	0	0	0	0	0	0	0	0	0	0	0.928016033749954	0	0	0	0.863107897777813	0	0	0
0	0	0	0	0	0	0.999457167930463	0	0	0	0	0	0	0	0.872039828768699	0	0	0	0	0	0	0	0	0	0	0	0	0	0	0.757327855344801	0	0	0	0	0	0	0	0	0	0	0	0	0	0	0	0	0	0	0	0	0	0	0	0	0	0	0	0	0	0	0	0	0	0	0	0	0	0	0	0	0	0	0	0	0	0	0	0	0	0	0	0	0	0	0	0	0	0	0	0
0	0	0	0	0	0	0	0	0	0	0	0	0.909658139487513	0	0	0	0	0	0	0	0	0	0	0	0	0	0.642916345523574	0	0	0	0	0	0	0.818462228579886	0	0	0	0	0	0	0	0	0	0	0	0	0	0	0	0	0	0	0	0	0	0	0	0	0	0	0	0	0	0	0	0	0	0	0	0	0	0	0	0	0	0	0	0	0.953558679818328	0	0	0	0	0	0	0	0	0	0	0
