0	0	0	0	0	0	0	0	0	0	0	0	0	0	0	0	0	0	0	0	0	0	0	0	0	0	0.733492734803555	0	0	0.850511587034822	0	0	0	0	0	0	0	0	0	0	0	0	0.914563938631905	0	0.943688437436343	0	0	0	0	0	0	0	0	0	0	0	0	0.955119937849047	0	0	0	0	0	0	0	0	0	0	0	0	0	0	0	0	0	0	0	0	0	0	0	0	0	0	0	0	0.917312758900705	0	0	0
0	0	0	0	0.799250519948863	0	0	0	0	0	0	0	0	0	0	0	0	0	0	0	0	0	0	0	0	0	0	0.69013815596452	0	0	0	0	0	0.999409501430416	0	0	0	0	0	0	0	0	0	0	0	0	0	0	0	0	0	0	0	0	0	0	0	0	0	0	0	0	0	0	0	0	0	0	0	0	0	0	0	0	0	0	0	0.708183651277772	0	0	0	0	0	0	0	0	0	0	0	0.963942135908435
0	0	0	0	0	0	0	0	0	0	0.92075193810565	0	0	0	0	0.908987639516153	0	0	0	0	0	0	0	0	0	0	0	0	0	0	0	0	0	0	0	0	0	0	0	0	0	0	0	0	0	0	0	0	0	0	0	0	0	0	0	0	0	0	0	0	0	0	0	0	0	0	0	0	0	0	0	0	0	0	0	0	0	0	0	0	0	0	0	0	0	0	0	0	0	0
0	0	0	0	0.747083905407093	0	0	0	0	0	0	0	0	0	0	0	0	0	0	0	0	0	0.765729357433282	0	0	0	0	0	0	0	0	0	0	0	0	0	0	0	0	0	0	0	0	0	0	0.986341715237773	0	0	0	0	0	0	0	0	0	0	0	0	0	0	0	0	0	0	0	0	0	0	0	0.879972475668908	0	0	0	0	0	0	0	0	0	0	0	0	0	0	0	0	0	0	0	0
0	0.799250519948863	0	0.747083905407093	0	0	0	0	0	0	0	0	0	0	0	0	0	0	0	0	0	0	0	0	0	0	0	0	0	0	0	0	0	0	0	0	0	0	0	0	0	0	0	0	0	0	0	0	0	0	0	0	0	0	0	0	0	0	0	0	0	0	0	0	0	0	0	0	0	0	0.662557722881001	0	0	0	0	0	0	0	0	0	0	0	0.795671003930396	0	0	0	0	0	0	0
0	0	0	0	0	0	0	0	0	0	0	0	0	0	0	0	0	0	0	0	0	0	0	0	0	0	0	0	0	0	0	0	0	0	0	0	0	0	0	0	0.989646724754301	0	0	0	0	0	0	0	0	0	0	0	0	0	0.715285327933801	0	0	0	0	0	0	0	0	0	0	0	0.810278166706812	0	0	0	0	0	0	0	0	0	0	0	0	0	0	0	0	0	0	0.825390245552037	0.957984721956056	0	0	0
0	0	0	0	0	0	0	0	0	0	0	0	0	0	0	0	0	0	0	0	0	0	0	0	0	0	0	0	0	0	0	0	0	0	0	0	0	0	0	0.665886616358484	0	0	0	0	0	0	0	0	0.920932792110362	0	0	0	0	0	0	0	0.970012218249506	0	0	0	0	0	0	0	0	0	0.719103675276163	0	0.996298609135136	0	0	0	0	0	0	0	0	0	0	0	0	0.611463952425128	0	0	0	0	0	0	0	0
0	0	0	0	0	0	0	0	0	0.906203712224118	0	0	0	0	0	0	0	0	0	0	0	0	0	0	0	0	0	0	0	0.854077892545439	0	0	0.714732889564387	0	0	0	0	0	0	0	0	0	0	0	0	0	0	0	0	0	0	0	0	0	0	0	0	0	0	0	0	0	0	0	0	0	0	0	0	0	0	0	0	0	0	0	0	0	0	0	0	0.798277543042612	0	0	0	0	0	0	0	0
0	0	0	0	0	0	0	0	0	0	0	0	0	0	0	0	0	0	0	0	0	0	0	0	0	0	0	0	0	0	0	0	0	0	0	0	0	0	0	0.864334997342335	0	0	0	0.814446847795151	0	0	0	0	0	0	0	0	0	0	0	0	0	0	0	0	0	0.816249057005842	0	0	0	0	0	0	0	0	0	0	0	0	0	0	0	0	0	0	0	0	0	0	0	0	0	0	0	0
0	0	0	0	0	0	0	0.906203712224118	0	0	0.739145625477106	0	0	0	0	0	0	0	0	0	0	0	0	0	0	0	0	0	0	0	0	0	0	0	0	0	0	0	0	0.720899471331051	0	0	0	0	0	0	0	0	0	0	0	0	0	0	0	0	0	0	0	0	0	0	0	0	0	0	0	0	0	0	0	0	0	0	0	0	0	0	0	0	0	0	0	0	0	0	0	0	0	0
0	0	0.92075193810565	0	0	0	0	0	0	0.739145625477106	0	0	0.765960298979329	0	0.917977838509066	0	0.987228649232055	0	0	0	0	0	0	0	0	0	0	0	0	0	0	0	0	0	0	0	0	0	0	0	0	0	0	0	0	0	0	0.773497172479415	0	0	0	0	0	0	0	0	0	0	0	0	0	0	0	0	0	0	0	0	0	0	0	0	0	0	0	0	0	0	0	0	0	0	0	0	0	0	0	0	0	0
0	0	0	0	0	0	0	0	0	0	0	0	0.709299146418065	0	0	0	0	0	0	0	0	0	0	0	0	0	0	0	0	0	0	0	0	0	0	0	0	0	0	0	0	0	0	0	0	0	0	0	0	0	0	0	0.843032557624092	0	0	0	0	0	0	0	0	0	0	0	0	0	0	0	0.972501055478128	0	0	0	0	0	0	0	0	0	0	0	0	0	0	0	0	0	0	0	0	0
0	0	0	0	0	0	0	0	0	0	0.765960298979329	0.709299146418065	0	0	0	0	0	0	0	0	0	0	0	0	0	0	0	0	0	0	0	0	0	0	0	0	0	0	0	0	0	0	0	0	0	0	0	0	0	0	0	0	0	0.865726616307932	0	0	0	0	0	0	0	0	0	0	0	0	0	0	0	0	0	0	0	0.971138977346748	0	0	0	0	0	0	0	0	0	0	0	0	0	0.958755656011295	0	0.998504847243144
0	0	0	0	0	0	0	0	0	0	0	0	0	0	0	0	0	0	0.806054928934819	0	0	0	0	0	0	0	0	0.862632995871726	0	0	0	0	0	0	0	0	0	0	0	0	0	0	0	0	0	0	0	0	0	0	0	0	0.787293098779072	0	0	0	0	0	0	0	0	0	0	0	0	0	0	0	0	0	0	0	0	0	0	0	0	0	0	0	0	0	0	0	0	0	0	0	0	0
0	0	0	0	0	0	0	0	0	0	0.917977838509066	0	0	0	0	0	0	0	0	0	0	0	0	0	0	0	0	0	0	0	0.968703154973429	0	0	0	0	0	0	0	0	0	0	0	0	0	0	0	0	0	0	0	0	0	0	0	0	0	0	0	0	0	0	0	0	0	0	0	0	0	0	0	0	0	0	0	0	0	0	0	0	0	0	0	0	0	0	0	0	0	0	0
0	0	0.908987639516153	0	0	0	0	0	0	0	0	0	0	0	0	0	0	0	0	0	0	0	0	0	0	0	0	0	0	0	0	0	0	0	0	0	0	0	0	0	0	0	0	0	0	0	0	0	0	0	0	0	0	0	0	0	0	0	0	0	0.864970228672448	0	0	0	0	0	0	0	0	0.99000832388144	0	0	0	0	0	0	0	0	0	0	0	0	0	0	0	0	0	0	0	0
0	0	0	0	0	0	0	0	0	0	0.987228649232055	0	0	0	0	0	0	0.779187414887322	0	0	0	0	0	0	0	0	0	0	0	0	0	0	0	0	0	0	0	0	0	0	0	0	0	0	0	0	0	0	0	0	0	0	0	0.871252726337922	0	0	0	0	0	0	0	0	0	0	0	0	0	0	0	0	0	0	0	0	0	0	0	0	0	0	0	0	0	0	0	0	0	0	0	0
0	0	0	0	0	0	0	0	0	0	0	0	0	0	0	0	0.779187414887322	0	0	0	0	0	0	0	0	0	0	0	0	0	0	0	0	0	0	0	0	0	0	0	0	0	0	0	0	0	0	0	0	0	0.703092121889732	0	0	0	0	0	0.978107789181788	0	0	0	0	0	0	0	0	0	0	0	0	0	0	0	0	0	0	0	0	0	0	0	0	0	0	0	0	0	0	0	0	0
0	0	0	0	0	0	0	0	0	0	0	0	0	0.806054928934819	0	0	0	0	0	0	0	0	0	0	0	0	0	0	0	0	0	0	0	0	0	0	0	0	0	0	0	0	0	0	0	0	0	0	0	0	0	0	0	0	0	0	0	0	0	0	0	0	0.680895598912048	0	0	0	0	0	0	0	0	0	0	0	0	0	0	0	0	0	0	0.901906303805841	0	0.981878639601486	0	0	0	0	0	0
0	0	0	0	0	0	0	0	0	0	0	0	0	0	0	0	0	0	0	0	0	0.777146921847814	0	0	0	0	0	0	0	0	0	0	0	0	0	0	0.962417810087668	0	0	0	0	0	0	0	0	0	0	0	0	0.818333058141932	0	0	0	0	0	0	0	0	0	0	0	0	0	0	0	0	0	0	0	0	0	0	0.926980948241438	0	0	0	0	0.82234431788348	0.815030101058553	0	0	0	0	0	0	0	0	0	0	0
0	0	0	0	0	0	0	0	0	0	0	0	0	0	0	0	0	0	0	0	0	0.851024208228821	0.881690019620436	0	0	0	0	0	0	0	0	0	0	0	0	0	0	0	0	0	0	0	0	0	0	0	0	0	0	0	0	0	0	0	0	0	0	0	0	0	0	0	0	0	0	0	0	0	0	0	0	0	0	0	0	0	0	0	0	0	0	0	0	0	0	0	0	0	0	0
0	0	0	0	0	0	0	0	0	0	0	0	0	0	0	0	0	0	0	0.777146921847814	0.851024208228821	0	0	0	0	0	0	0	0	0	0.761469229846278	0	0	0	0.923335772825117	0	0	0	0	0	0	0	0	0	0	0	0	0	0	0	0	0	0	0	0	0.718362405611643	0	0	0	0	0	0	0	0	0	0	0	0	0	0	0	0.832886639851073	0	0	0.968493704720986	0	0	0	0	0	0	0	0	0	0	0	0	0	0	0
0	0	0	0.765729357433282	0	0	0	0	0	0	0	0	0	0	0	0	0	0	0	0	0.881690019620436	0	0	0.950410286473317	0	0	0	0	0	0	0	0	0	0	0	0	0	0	0	0	0	0	0	0	0	0	0	0	0	0	0	0	0	0	0	0	0	0	0	0	0	0	0	0	0	0	0	0	0	0	0	0	0	0	0	0	0	0	0	0	0	0	0.890225583293603	0	0	0	0	0	0	0
0	0	0	0	0	0	0	0	0	0	0	0	0	0	0	0	0	0	0	0	0	0	0.950410286473317	0	0.908375658483233	0	0	0	0	0	0	0	0	0	0	0	0	0	0	0	0	0	0	0	0	0	0	0	0	0	0	0	0	0	0	0	0	0	0	0	0	0	0	0	0	0	0	0	0	0	0	0	0	0	0	0	0	0	0	0	0	0	0	0	0	0	0	0	0	0.88877144333771
0	0	0	0	0	0	0	0	0	0	0	0	0	0	0	0	0	0	0	0	0	0	0	0.908375658483233	0	0.867850542472134	0	0	0	0	0	0	0	0	0	0	0	0	0	0	0	0	0	0	0	0	0	0	0	0	0	0	0	0	0	0	0	0	0	0.913296551343765	0	0	0	0	0	0	0.780779821886694	0	0	0	0	0	0	0	0	0	0	0	0	0	0	0	0	0	0	0	0	0	0	0
0	0	0	0	0	0	0	0	0	0	0	0	0	0	0	0	0	0	0	0	0	0	0	0	0.867850542472134	0	0	0	0	0	0	0	0	0	0	0	0	0	0	0	0	0	0	0	0	0	0	0	0	0	0	0	0	0	0	0.802898852368708	0	0	0	0	0	0	0	0	0	0	0	0	0	0	0	0	0	0	0	0	0	0	0	0	0	0	0	0	0	0	0.688623909098894	0	0	0
0.733492734803555	0	0	0	0	0	0	0	0	0	0	0	0	0	0	0	0	0	0	0	0	0	0	0	0	0	0	0.944074860721589	0	0	0	0	0	0	0	0	0	0	0	0	0	0	0	0	0	0	0	0	0	0	0	0	0	0	0	0	0	0	0	0	0	0	0	0	0	0	0	0	0	0	0	0	0	0	0	0	0	0	0	0	0	0	0	0	0	0	0	0	0	0
0	0.69013815596452	0	0	0	0	0	0	0	0	0	0	0	0.862632995871726	0	0	0	0	0	0	0	0	0	0	0	0	0.944074860721589	0	0	0	0	0	0	0	0	0	0	0	0.926767295601481	0	0	0	0	0	0	0	0	0	0	0	0	0	0	0	0	0	0	0	0	0	0	0	0	0	0	0	0	0	0	0.955670740650066	0	0	0	0	0	0	0	0	0	0	0	0	0	0	0	0	0	0	0	0
0	0	0	0	0	0	0	0	0	0	0	0	0	0	0	0	0	0	0	0	0	0	0	0	0	0	0	0	0	0	0	0	0	0	0	0	0	0	0	0	0	0	0.732555397447982	0	0	0	0	0	0	0	0	0.812164691651374	0	0	0	0	0	0	0	0	0	0	0	0	0	0	0	0.918866453576278	0	0	0	0	0	0.93667248923387	0	0	0	0	0	0	0	0	0	0	0.959092721580398	0	0	0	0	0
0.850511587034822	0	0	0	0	0	0	0.854077892545439	0	0	0	0	0	0	0	0	0	0	0	0	0	0	0	0	0	0	0	0	0	0	0.997564274278523	0	0	0	0	0	0	0	0	0	0	0	0	0	0	0	0	0	0	0	0	0	0	0	0	0	0	0	0	0	0	0	0	0	0	0	0	0	0	0	0	0	0	0	0	0	0	0	0	0	0	0	0	0	0	0	0	0	0	0
0	0	0	0	0	0	0	0	0	0	0	0	0	0	0.968703154973429	0	0	0	0	0	0	0.761469229846278	0	0	0	0	0	0	0	0.997564274278523	0	0	0	0.852112722961153	0	0	0.871431195306364	0	0	0	0	0	0	0	0	0	0	0	0	0	0	0	0	0	0	0.82051497445667	0	0	0	0	0	0	0	0	0	0	0	0	0	0	0	0	0	0	0	0	0	0	0	0	0	0	0	0	0	0	0	0	0	0
0	0	0	0	0	0	0	0	0	0	0	0	0	0	0	0	0	0	0	0	0	0	0	0	0	0	0	0	0	0	0	0	0	0.985407976714813	0	0	0	0	0	0	0	0	0	0	0	0	0	0	0	0	0	0	0	0	0	0	0	0	0	0	0	0	0	0	0	0	0	0	0	0	0	0	0	0.670080279278953	0	0	0	0	0	0	0	0	0	0	0	0	0	0	0	0.737692914521627
0	0	0	0	0	0	0	0.714732889564387	0	0	0	0	0	0	0	0	0	0	0	0	0	0	0	0	0	0	0	0	0	0	0	0	0	0	0	0	0	0	0	0	0	0	0	0	0	0	0	0	0	0	0	0	0	0	0	0	0	0	0	0	0	0	0	0	0	0.86725496124865	0.991301834804143	0	0	0	0	0	0	0	0	0	0	0	0	0.748013971962247	0	0	0	0	0	0	0	0	0	0
0	0.999409501430416	0	0	0	0	0	0	0	0	0	0	0	0	0	0	0	0	0	0	0	0	0	0	0	0	0	0	0	0	0.852112722961153	0.985407976714813	0	0	0.896011410208735	0	0	0	0	0	0	0	0	0	0	0	0	0	0	0	0	0	0	0	0	0	0	0	0	0	0	0	0	0	0.929614531284918	0	0	0	0	0	0	0	0	0	0	0	0	0	0	0	0	0	0	0	0	0	0	0	0	0
0	0	0	0	0	0	0	0	0	0	0	0	0	0	0	0	0	0	0	0	0	0.923335772825117	0	0	0	0	0	0	0	0	0	0	0	0.896011410208735	0	0	0	0	0	0	0.999089518283433	0	0	0	0	0	0	0	0	0	0	0	0	0	0	0	0	0	0	0	0	0	0	0	0	0	0	0	0	0	0	0	0	0	0.857647085483392	0	0	0	0	0	0	0	0	0	0	0	0	0	0	0
0	0	0	0	0	0	0	0	0	0	0	0	0	0	0	0	0	0	0	0	0	0	0	0	0	0	0	0	0	0	0	0	0	0	0	0	0	0.753678246984177	0	0	0	0	0	0	0	0	0	0	0	0	0	0	0	0	0	0	0.718586464697224	0	0	0	0	0	0	0	0	0	0	0	0	0	0	0	0	0	0	0	0	0	0	0	0	0	0	0	0	0	0.666688762285473	0	0	0
0	0	0	0	0	0	0	0	0	0	0	0	0	0	0	0	0	0	0	0.962417810087668	0	0	0	0	0	0	0	0	0	0	0.871431195306364	0	0	0	0	0	0	0	0	0	0	0	0	0	0	0	0	0	0	0	0	0	0	0	0	0	0	0	0	0	0	0	0	0	0	0	0	0	0	0	0	0	0	0	0	0	0	0	0	0	0	0	0	0	0	0	0	0	0	0
0	0	0	0	0	0	0	0	0	0	0	0	0	0	0	0	0	0	0	0	0	0	0	0	0	0	0	0	0	0	0	0	0	0	0	0.753678246984177	0	0	0.653260044472549	0	0	0.905719656172611	0	0	0	0	0	0	0	0	0	0	0	0	0	0	0	0	0	0	0	0	0	0	0	0	0	0	0	0	0.709407785272233	0	0	0	0	0	0	0.883789547469392	0	0	0	0	0	0	0	0	0	0	0	0
0	0	0	0	0	0	0	0	0	0	0	0	0	0	0	0	0	0	0	0	0	0	0	0	0	0	0	0.926767295601481	0	0	0	0	0	0	0	0	0	0.653260044472549	0	0.624384842869153	0	0.972069252310815	0	0	0	0	0	0	0	0	0	0	0	0	0	0	0	0	0	0	0	0.712648763065938	0	0	0	0	0	0	0	0	0	0	0	0	0	0	0	0	0	0	0	0	0	0.736885311490263	0	0	0	0	0	0
0	0	0	0	0	0	0.665886616358484	0	0.864334997342335	0.720899471331051	0	0	0	0	0	0	0	0	0	0	0	0	0	0	0	0	0	0	0	0	0	0	0	0	0	0	0	0	0.624384842869153	0	0	0	0	0	0	0	0	0	0	0	0	0	0	0	0	0	0	0	0	0	0	0	0	0	0	0	0	0	0	0	0	0	0	0.807573557782447	0	0	0	0	0	0	0	0	0	0	0	0	0	0	0	0
0	0	0	0	0	0.989646724754301	0	0	0	0	0	0	0	0	0	0	0	0	0	0	0	0	0	0	0	0	0	0	0	0	0	0	0	0	0.999089518283433	0	0	0	0	0	0	0	0.872265920156331	0	0	0	0	0	0	0	0	0	0	0	0	0	0	0	0	0	0.869471546893565	0	0	0	0	0	0	0	0	0	0	0	0	0	0	0	0.847029505571296	0	0	0	0	0	0	0	0	0	0	0	0	0
0	0	0	0	0	0	0	0	0	0	0	0	0	0	0	0	0	0	0	0	0	0	0	0	0	0	0	0	0	0	0	0	0	0	0	0	0	0.905719656172611	0.972069252310815	0	0	0	0.829131160077683	0	0	0	0	0	0	0	0	0	0	0	0	0	0	0	0	0	0	0	0	0.74299048622011	0	0	0	0	0	0	0	0	0	0	0	0	0	0	0	0	0	0	0	0	0	0	0	0	0	0
0.914563938631905	0	0	0	0	0	0	0	0	0	0	0	0	0	0	0	0	0	0	0	0	0	0	0	0	0	0	0	0.732555397447982	0	0	0	0	0	0	0	0	0	0	0	0.872265920156331	0.829131160077683	0	0	0	0	0	0	0	0	0	0	0	0	0	0	0	0	0.816875687920042	0	0	0	0	0	0	0	0	0	0	0	0	0	0	0	0	0	0	0	0	0	0	0	0	0	0	0	0	0	0	0
0	0	0	0	0	0	0	0	0.814446847795151	0	0	0	0	0	0	0	0	0	0	0	0	0	0	0	0	0	0	0	0	0	0	0	0	0	0	0	0	0	0	0	0	0	0	0	0	0.636831323881374	0	0.825881929316957	0	0	0	0	0	0	0	0	0	0	0	0	0	0	0	0	0	0	0	0	0	0	0	0	0	0	0	0	0	0	0	0	0	0	0	0	0	0	0	0	0	0
0.943688437436343	0	0	0	0	0	0	0	0	0	0	0	0	0	0	0	0	0	0	0	0	0	0	0	0	0	0	0	0	0	0	0	0	0	0	0	0	0	0	0	0	0	0	0	0	0	0	0	0	0	0	0	0	0	0	0	0	0	0	0	0	0	0	0	0	0	0.960258855222271	0	0	0	0	0	0	0	0	0	0	0	0	0	0	0	0	0	0	0	0	0	0	0
0	0	0	0.986341715237773	0	0	0	0	0	0	0	0	0	0	0	0	0	0	0	0	0	0	0	0	0	0	0	0	0	0	0	0	0	0	0	0	0	0	0	0	0	0	0	0.636831323881374	0	0	0	0	0	0	0	0	0	0	0	0	0	0	0	0	0	0	0	0	0	0	0	0	0	0	0	0	0	0	0	0	0	0	0	0	0	0.996500458549879	0	0	0	0	0	0	0	0
0	0	0	0	0	0	0	0	0	0	0	0	0	0	0	0	0	0	0	0	0	0	0	0	0	0	0	0	0	0	0	0	0	0	0	0	0	0	0	0	0	0	0	0	0	0	0	0	0	0	0	0	0	0.971903179409554	0	0	0	0	0	0	0	0	0	0.660812817975698	0	0	0	0	0	0	0	0	0	0	0	0	0	0	0	0	0	0	0	0	0	0	0	0	0	0
0	0	0	0	0	0	0	0	0	0	0.773497172479415	0	0	0	0	0	0	0	0	0	0	0	0	0	0	0	0	0	0	0	0	0	0	0	0	0	0	0	0	0	0	0	0	0.825881929316957	0	0	0	0	0	0.936029297368997	0	0	0	0	0	0	0	0	0	0	0	0	0	0	0	0	0	0	0	0	0	0	0.827577784480517	0	0	0	0	0	0	0	0	0	0	0	0	0	0	0	0	0
0	0	0	0	0	0	0.920932792110362	0	0	0	0	0	0	0	0	0	0	0	0	0	0	0	0	0	0	0	0	0	0	0	0	0	0	0	0	0	0	0	0	0	0	0	0	0	0	0	0	0	0	0	0.573458826358991	0	0	0	0	0	0	0	0	0	0	0	0	0	0	0	0	0	0	0	0	0	0	0	0	0	0	0	0	0	0	0	0	0	0	0	0	0	0	0
0	0	0	0	0	0	0	0	0	0	0	0	0	0	0	0	0	0	0	0.818333058141932	0	0	0	0	0	0	0	0	0	0	0	0	0	0	0	0	0	0	0	0	0	0	0	0	0	0	0	0.936029297368997	0	0	0	0	0	0	0	0	0	0	0	0	0	0	0	0	0	0	0	0	0	0	0	0	0	0	0.95908668875066	0	0	0	0	0	0	0	0	0	0	0	0	0	0	0
0	0	0	0	0	0	0	0	0	0	0	0	0	0	0	0	0	0.703092121889732	0	0	0	0	0	0	0	0	0	0	0	0	0	0	0	0	0	0	0	0	0	0	0	0	0	0	0	0	0	0	0.573458826358991	0	0	0	0	0	0	0	0	0	0	0	0	0	0.876813222443216	0	0	0	0	0	0	0	0	0	0	0	0	0.936407974481348	0	0	0	0	0	0	0	0	0	0.644299244245927	0	0	0	0
0	0	0	0	0	0	0	0	0	0	0	0	0	0	0	0	0	0	0	0	0	0	0	0	0	0	0	0	0.812164691651374	0	0	0	0	0	0	0	0	0	0	0	0	0	0	0	0	0	0	0	0	0	0	0	0	0	0.858087391209805	0	0	0	0	0.916201791299808	0	0	0	0	0	0	0	0	0	0	0	0	0	0	0	0	0	0	0	0	0	0	0	0	0	0	0	0	0	0
0	0	0	0	0	0	0	0	0	0	0	0.843032557624092	0	0.787293098779072	0	0	0	0	0	0	0	0	0	0	0	0	0	0	0	0	0	0	0	0	0	0	0	0	0	0	0	0	0	0	0	0	0	0	0	0	0	0	0	0	0.882293443821645	0	0	0	0	0	0	0	0	0	0	0	0.968485232907249	0	0	0	0	0	0	0	0	0	0	0	0	0	0	0	0	0	0	0	0	0	0	0
0	0	0	0	0	0	0	0	0	0	0	0	0.865726616307932	0	0	0	0.871252726337922	0	0	0	0	0	0	0	0	0	0	0	0	0	0	0	0	0	0	0	0	0	0	0	0	0	0	0	0	0	0.971903179409554	0	0	0	0	0	0	0	0	0	0	0	0	0	0	0	0	0	0	0	0	0	0	0	0	0	0	0	0	0	0	0	0	0	0	0	0	0	0	0	0	0	0	0
0	0	0	0	0	0.715285327933801	0	0	0	0	0	0	0	0	0	0	0	0	0	0	0	0	0	0	0	0	0	0	0	0	0	0	0	0	0	0	0	0	0	0	0	0	0	0	0	0	0	0	0	0	0	0.858087391209805	0.882293443821645	0	0	0	0	0	0	0	0	0	0	0	0	0	0	0	0	0	0	0.898124538929309	0	0	0	0	0	0	0	0	0.993077922977609	0	0	0	0	0	0	0	0	0
0	0	0	0	0	0	0	0	0	0	0	0	0	0	0	0	0	0	0	0	0	0.718362405611643	0	0	0	0.802898852368708	0	0	0	0	0.82051497445667	0	0	0	0	0	0	0	0	0	0	0	0	0	0	0	0	0	0	0	0	0	0	0	0	0	0	0	0	0	0	0	0	0	0	0	0	0	0	0	0	0	0.606722453065368	0	0	0	0	0	0	0	0	0	0	0	0	0	0	0	0	0
0	0	0	0	0	0	0.970012218249506	0	0	0	0	0	0	0	0	0	0	0.978107789181788	0	0	0	0	0	0	0	0	0	0	0	0	0	0	0	0	0	0.718586464697224	0	0	0	0	0	0	0	0	0	0	0	0	0	0	0	0	0	0	0	0	0	0	0	0	0	0	0	0	0	0	0	0	0	0	0.827601361559392	0	0.789262537694606	0	0	0	0.621919408689329	0	0	0	0	0	0	0	0	0	0	0	0	0
0.955119937849047	0	0	0	0	0	0	0	0	0	0	0	0	0	0	0	0	0	0	0	0	0	0	0	0	0	0	0	0	0	0	0	0	0	0	0	0	0	0	0	0	0	0	0	0	0	0	0	0	0	0	0	0	0	0	0	0	0	0	0.89766281765337	0	0	0	0	0.977146960053416	0	0	0	0	0	0	0	0	0	0	0.941180071753558	0	0	0	0	0	0	0	0	0	0	0	0	0	0
0	0	0	0	0	0	0	0	0	0	0	0	0	0	0	0	0	0	0	0	0	0	0	0	0	0	0	0	0	0	0	0	0	0	0	0	0	0	0	0	0	0	0.816875687920042	0	0	0	0	0	0	0	0	0	0	0	0	0	0	0	0	0	0.741205471359708	0	0	0	0	0	0	0	0	0	0	0	0	0	0	0	0	0	0	0	0	0	0	0	0	0	0	0	0	0
0	0	0	0	0	0	0	0	0	0	0	0	0	0	0	0	0	0	0	0	0	0	0	0	0.913296551343765	0	0	0	0	0	0	0	0	0	0	0	0	0	0	0	0	0	0	0	0	0	0	0	0	0	0	0.916201791299808	0	0	0	0	0	0.89766281765337	0	0	0	0	0	0	0	0	0	0.864606796630252	0	0	0	0	0	0	0	0	0	0	0	0	0	0	0	0	0	0	0	0	0	0
0	0	0	0	0	0	0	0	0	0	0	0	0	0	0	0.864970228672448	0	0	0	0	0	0	0	0	0	0	0	0	0	0	0	0	0	0	0	0	0	0	0	0	0.869471546893565	0	0	0	0	0	0	0	0	0	0	0	0	0	0	0	0	0	0.741205471359708	0	0	0	0	0	0	0	0	0	0	0.796446622695522	0	0	0	0	0	0	0	0	0	0	0	0	0	0	0	0	0	0	0	0
0	0	0	0	0	0	0	0	0.816249057005842	0	0	0	0	0	0	0	0	0	0	0	0	0	0	0	0	0	0	0	0	0	0	0	0	0	0	0	0	0	0.712648763065938	0	0	0	0	0	0	0	0	0	0	0	0	0	0	0	0	0	0	0	0	0	0	0	0	0	0	0.983867311725186	0	0	0	0	0	0	0	0	0	0	0	0	0	0	0.86037742372999	0	0	0	0	0	0	0	0	0
0	0	0	0	0	0	0	0	0	0	0	0	0	0	0	0	0	0	0.680895598912048	0	0	0	0	0	0	0	0	0	0	0	0	0	0	0	0	0	0	0	0	0	0	0	0	0	0	0	0	0	0	0	0.876813222443216	0	0	0	0	0	0	0	0	0	0	0	0	0	0	0	0	0.983840156390079	0	0	0	0	0	0	0	0	0	0	0	0	0	0	0	0	0	0	0	0	0	0
0	0	0	0	0	0	0	0	0	0	0	0	0	0	0	0	0	0	0	0	0	0	0	0	0	0	0	0	0	0	0	0	0	0	0	0	0	0	0	0	0	0.74299048622011	0	0	0	0	0.660812817975698	0	0	0	0	0	0	0	0	0	0	0	0	0	0	0	0	0	0.906903101204608	0.992066532487449	0	0	0	0	0	0	0	0	0	0	0	0	0	0	0	0	0	0	0	0	0	0	0	0
0	0	0	0	0	0	0	0	0	0	0	0	0	0	0	0	0	0	0	0	0	0	0	0	0	0	0	0	0	0	0	0	0	0.929614531284918	0	0	0	0	0	0	0	0	0	0	0	0	0	0	0	0	0	0	0	0	0	0	0	0.977146960053416	0	0	0	0	0	0.906903101204608	0	0	0	0	0	0	0	0	0	0	0	0	0	0.736310231074979	0	0	0	0	0	0	0	0	0	0	0	0
0	0	0	0	0	0	0	0	0	0	0	0	0	0	0	0	0	0	0	0	0	0	0	0	0	0	0	0	0	0	0	0	0.86725496124865	0	0	0	0	0	0	0	0	0	0	0	0	0	0	0	0	0	0	0	0	0	0	0	0	0	0	0	0	0.983867311725186	0	0.992066532487449	0	0	0	0	0	0	0	0	0	0	0	0	0	0	0	0	0	0	0	0	0	0.63309664112824	0	0	0	0
0	0	0	0	0	0.810278166706812	0.719103675276163	0	0	0	0	0	0	0	0	0	0	0	0	0	0	0	0	0	0.780779821886694	0	0	0	0	0	0	0	0.991301834804143	0	0	0	0	0	0	0	0	0	0	0	0.960258855222271	0	0	0	0	0	0	0	0.968485232907249	0	0	0	0	0	0	0	0	0	0	0	0	0	0	0	0	0	0	0	0	0	0	0	0	0	0	0	0	0	0	0	0	0	0	0	0	0
0	0	0	0	0	0	0	0	0	0	0	0	0	0	0	0	0	0	0	0	0	0	0	0	0	0	0	0	0.918866453576278	0	0	0	0	0	0	0	0	0	0	0	0	0	0	0	0	0	0	0	0	0	0	0	0	0	0	0	0	0	0	0.864606796630252	0	0	0.983840156390079	0	0	0	0	0	0	0	0	0	0	0	0	0	0	0	0	0.895105986647367	0	0	0	0	0	0	0.646670879681087	0.776162542669316	0	0
0	0	0	0	0	0	0.996298609135136	0	0	0	0	0.972501055478128	0	0	0	0	0	0	0	0	0	0	0	0	0	0	0	0	0	0	0	0	0	0	0	0	0	0	0	0	0	0	0	0	0	0	0	0	0	0	0	0	0	0	0	0	0	0	0	0	0	0	0	0	0	0	0	0	0	0	0.654651237168968	0	0	0	0	0	0	0.616829999881436	0.999323775816732	0	0	0	0	0	0	0	0	0	0.980820521177976	0
0	0	0	0.879972475668908	0	0	0	0	0	0	0	0	0	0	0	0.99000832388144	0	0	0	0	0	0	0	0	0	0	0	0.955670740650066	0	0	0	0	0	0	0	0	0	0	0	0	0	0	0	0	0	0	0	0	0	0	0	0	0	0	0	0	0	0	0	0	0.796446622695522	0	0	0	0	0	0	0	0	0	0.733276064288601	0	0	0	0	0	0	0	0	0	0	0	0	0	0	0	0	0	0	0
0	0	0	0	0.662557722881001	0	0	0	0	0	0	0	0	0	0	0	0	0	0	0	0	0	0	0	0	0	0	0	0	0	0	0	0	0	0	0	0	0.709407785272233	0	0	0	0	0	0	0	0	0	0	0	0	0	0	0	0	0	0	0.827601361559392	0	0	0	0	0	0	0	0	0	0	0	0.654651237168968	0.733276064288601	0	0	0	0	0	0	0	0	0	0	0	0	0	0	0	0	0	0	0	0
0	0	0	0	0	0	0	0	0	0	0	0	0	0	0	0	0	0	0	0	0	0.832886639851073	0	0	0	0	0	0	0	0	0	0	0	0	0	0	0	0	0	0	0	0	0	0	0	0	0	0	0	0	0	0	0	0	0.898124538929309	0	0	0	0	0	0	0	0	0	0	0	0	0	0	0	0	0	0	0	0	0	0	0	0	0	0	0	0	0	0	0	0	0	0	0
0	0	0	0	0	0	0	0	0	0	0	0	0	0	0	0	0	0	0	0.926980948241438	0	0	0	0	0	0	0	0	0	0	0	0	0	0	0	0	0	0	0	0	0	0	0	0	0	0	0	0.827577784480517	0	0	0	0	0	0	0	0.606722453065368	0.789262537694606	0	0	0	0	0	0	0	0	0	0	0	0	0	0	0	0	0	0	0	0	0	0	0	0	0	0	0	0	0	0	0.558976947989253	0	0
0	0	0	0	0	0	0	0	0	0	0	0	0.971138977346748	0	0	0	0	0	0	0	0	0	0	0	0	0	0	0	0.93667248923387	0	0	0.670080279278953	0	0	0	0	0	0	0	0.807573557782447	0	0	0	0	0	0	0	0	0	0	0	0	0	0	0	0	0	0	0	0	0	0	0	0	0	0	0	0	0	0	0	0	0	0	0	0	0	0	0	0	0	0	0	0	0	0	0	0	0	0
0	0	0	0	0	0	0	0	0	0	0	0	0	0	0	0	0	0	0	0	0	0.968493704720986	0	0	0	0	0	0	0	0	0	0	0	0	0.857647085483392	0	0	0	0	0	0	0	0	0	0	0	0	0	0	0.95908668875066	0	0	0	0	0	0	0	0	0	0	0	0	0	0	0	0	0	0	0	0	0	0	0	0	0	0	0	0	0	0	0	0	0	0	0	0	0.781238270050868	0	0	0
0	0	0	0	0	0	0	0	0	0	0	0	0	0	0	0	0	0	0	0	0	0	0	0	0	0	0	0	0	0	0	0	0	0	0	0	0	0	0	0	0	0	0	0	0	0	0	0	0	0	0.936407974481348	0	0	0	0	0	0	0.941180071753558	0	0	0	0	0	0	0	0	0	0	0	0	0	0	0	0	0	0	0.942625983416972	0	0	0	0	0	0	0	0	0	0	0	0	0
0	0	0	0	0	0	0	0	0	0	0	0	0	0	0	0	0	0	0	0	0	0	0	0	0	0	0	0	0	0	0	0	0	0	0	0	0	0	0	0	0.847029505571296	0	0	0	0	0	0	0	0	0	0	0	0	0	0	0	0.621919408689329	0	0	0	0	0	0	0	0	0	0	0	0	0	0	0	0	0	0	0.942625983416972	0	0.925555185301308	0	0	0	0	0	0	0	0	0	0	0	0
0	0.708183651277772	0	0	0	0	0	0	0	0	0	0	0	0	0	0	0	0	0	0.82234431788348	0	0	0	0	0	0	0	0	0	0	0	0	0	0	0	0	0	0.883789547469392	0	0	0	0	0	0	0	0	0	0	0	0	0	0	0	0	0	0	0	0	0	0	0	0	0	0	0.736310231074979	0	0	0	0.616829999881436	0	0	0	0	0	0	0	0.925555185301308	0	0	0	0	0	0	0	0	0	0	0	0	0
0	0	0	0	0	0	0	0	0	0	0	0	0	0	0	0	0	0	0	0.815030101058553	0	0	0	0	0	0	0	0	0	0	0	0	0	0	0	0	0	0	0	0	0	0	0	0	0	0	0	0	0	0	0	0	0	0	0	0	0	0	0	0	0	0	0	0	0	0	0	0	0.999323775816732	0	0	0	0	0	0	0	0	0	0	0	0	0	0	0	0	0	0	0	0	0
0	0	0	0	0	0	0	0	0	0	0	0	0	0	0	0	0	0	0	0	0	0	0	0	0	0	0	0	0	0	0	0	0.748013971962247	0	0	0	0	0	0	0	0	0	0	0	0	0	0	0	0	0	0	0	0	0	0	0	0	0	0	0	0	0	0	0	0	0	0	0.895105986647367	0	0	0	0	0	0	0	0	0	0	0	0	0	0	0	0	0	0.727347212019295	0	0	0	0
0	0	0	0	0	0	0	0	0	0	0	0	0	0	0	0	0	0	0	0	0	0	0	0	0	0	0	0	0	0	0	0	0	0	0	0	0	0	0	0	0	0	0	0	0	0	0	0	0	0	0	0	0	0	0.993077922977609	0	0	0	0	0	0	0.86037742372999	0	0	0	0	0	0	0	0	0	0	0	0	0	0	0	0	0	0	0	0	0.771571832131445	0	0	0	0	0	0	0
0	0	0	0	0	0	0.611463952425128	0.798277543042612	0	0	0	0	0	0	0	0	0	0	0.901906303805841	0	0	0	0	0	0	0	0	0	0	0	0	0	0	0	0	0	0	0	0	0	0	0	0	0	0	0.996500458549879	0	0	0	0	0	0	0	0	0	0	0	0	0	0	0	0	0	0	0	0	0	0	0	0	0	0	0	0	0	0	0	0	0	0	0	0	0	0	0	0	0	0	0	0
0	0	0	0	0.795671003930396	0	0	0	0	0	0	0	0	0	0	0	0	0	0	0	0	0	0.890225583293603	0	0	0	0	0	0	0	0	0	0	0	0	0	0	0	0	0	0	0	0	0	0	0	0	0	0	0	0	0	0	0	0	0	0	0	0	0	0	0	0	0	0	0	0	0	0	0	0	0	0	0	0	0	0	0	0	0	0.771571832131445	0	0	0	0.580811412203741	0	0	0.964627792526205	0.812895845253248	0
0	0	0	0	0	0	0	0	0	0	0	0	0	0	0	0	0	0	0.981878639601486	0	0	0	0	0	0	0	0	0	0	0	0	0	0	0	0	0	0	0	0.736885311490263	0	0	0	0	0	0	0	0	0	0	0	0	0	0	0	0	0	0	0	0	0	0	0	0	0	0	0	0	0	0	0	0	0	0	0	0	0	0	0	0	0	0	0	0	0	0	0	0	0	0	0
0	0	0	0	0	0	0	0	0	0	0	0	0	0	0	0	0	0	0	0	0	0	0	0	0	0	0	0	0.959092721580398	0	0	0	0	0	0	0	0	0	0	0	0	0	0	0	0	0	0	0	0	0	0	0	0	0	0	0	0	0	0	0	0	0	0	0	0	0	0	0	0	0	0	0	0	0	0	0	0	0	0	0	0	0	0.580811412203741	0	0	0	0.835457655679388	0	0	0
0	0	0	0	0	0.825390245552037	0	0	0	0	0	0	0	0	0	0	0	0	0	0	0	0	0	0	0	0	0	0	0	0	0	0	0	0	0	0	0	0	0	0	0	0	0	0	0	0	0	0	0	0	0.644299244245927	0	0	0	0	0	0	0	0	0	0	0	0	0	0	0.63309664112824	0	0	0	0	0	0	0	0	0	0	0	0	0	0.727347212019295	0	0	0	0	0	0	0.656767325238735	0	0	0
0.917312758900705	0	0	0	0	0.957984721956056	0	0	0	0	0	0	0	0	0	0	0	0	0	0	0	0	0	0	0	0.688623909098894	0	0	0	0	0	0	0	0	0	0.666688762285473	0	0	0	0	0	0	0	0	0	0	0	0	0	0	0	0	0	0	0	0	0	0	0	0	0	0	0	0	0	0	0	0.646670879681087	0	0	0	0	0	0	0.781238270050868	0	0	0	0	0	0	0	0	0	0.835457655679388	0.656767325238735	0	0	0	0
0	0	0	0	0	0	0	0	0	0	0	0	0.958755656011295	0	0	0	0	0	0	0	0	0	0	0	0	0	0	0	0	0	0	0	0	0	0	0	0	0	0	0	0	0	0	0	0	0	0	0	0	0	0	0	0	0	0	0	0	0	0	0	0	0	0	0	0	0	0	0.776162542669316	0	0	0	0	0.558976947989253	0	0	0	0	0	0	0	0	0	0.964627792526205	0	0	0	0	0	0	0
0	0	0	0	0	0	0	0	0	0	0	0	0	0	0	0	0	0	0	0	0	0	0	0	0	0	0	0	0	0	0	0	0	0	0	0	0	0	0	0	0	0	0	0	0	0	0	0	0	0	0	0	0	0	0	0	0	0	0	0	0	0	0	0	0	0	0	0	0.980820521177976	0	0	0	0	0	0	0	0	0	0	0	0	0	0.812895845253248	0	0	0	0	0	0	0
0	0.963942135908435	0	0	0	0	0	0	0	0	0	0	0.998504847243144	0	0	0	0	0	0	0	0	0	0	0.88877144333771	0	0	0	0	0	0	0	0.737692914521627	0	0	0	0	0	0	0	0	0	0	0	0	0	0	0	0	0	0	0	0	0	0	0	0	0	0	0	0	0	0	0	0	0	0	0	0	0	0	0	0	0	0	0	0	0	0	0	0	0	0	0	0	0	0	0	0	0	0
