0	0	0	0	0	0.734271141226941	0	0	0	0	0	0	0	0	0	0	0	0	0	0	0	0	0	0	0	0	0	0	0	0	0	0	0	0	0	0.902816180297609	0	0	0	0	0	0	0	0	0	0	0	0	0	0	0	0	0.745345863896036	0	0	0	0	0	0	0.784754543832636	0	0	0	0.711245840263889	0	0	0	0	0	0	0	0	0	0	0	0	0	0	0	0	0	0	0	0	0	0	0	0	0.902451022890261	0
0	0	0	0	0	0	0	0	0	0	0	0	0	0	0	0	0	0	0	0	0	0	0.633448640078768	0	0	0	0	0	0	0	0	0	0	0.831100232103095	0	0	0	0	0	0	0	0	0.876165928186282	0	0	0	0	0	0	0	0	0	0	0	0	0	0	0	0	0	0.943580282001099	0	0	0	0	0	0	0	0	0	0	0	0	0	0	0	0	0	0	0	0	0	0	0	0	0	0	0	0	0
0	0	0	0	0	0	0	0	0	0	0	0	0	0	0	0	0	0	0	0	0	0	0	0	0	0	0	0	0	0	0	0	0	0	0	0	0	0.73616030873702	0	0	0	0	0	0	0	0	0	0	0	0	0	0	0	0	0	0	0	0.817199136556128	0	0	0	0	0.870160903650987	0	0	0	0	0.841338194377218	0	0	0	0	0	0	0	0	0	0	0	0	0	0	0	0	0	0	0	0	0	0
0	0	0	0	0	0	0	0.66627758584668	0	0	0	0	0	0	0	0	0.961234128834786	0	0	0	0	0	0	0	0	0	0	0	0	0	0	0.962120878241609	0	0	0	0	0	0	0	0	0	0	0	0	0	0	0	0	0	0	0	0	0	0.942478343898596	0	0	0	0	0	0	0	0	0	0	0	0	0	0	0	0	0	0	0	0	0	0	0	0	0	0	0	0	0	0	0	0	0	0	0	0
0	0	0	0	0	0.937085855802255	0	0	0	0	0	0	0	0	0	0	0	0	0	0	0	0	0	0	0	0	0	0	0	0	0	0	0	0	0	0	0	0	0	0	0	0	0	0.853936833079064	0	0	0	0	0	0	0	0	0	0	0	0	0	0	0	0	0	0	0	0	0	0	0	0	0	0	0	0	0	0	0	0	0.903138566386559	0.740761348003703	0	0	0	0	0	0	0	0	0	0	0	0
0.734271141226941	0	0	0	0.937085855802255	0	0	0	0	0	0	0	0	0	0	0	0	0	0	0	0	0	0	0	0	0	0	0	0	0	0	0	0	0	0	0	0	0	0	0	0	0	0	0	0.965439237525836	0	0	0	0	0	0	0	0	0	0	0	0.841640815869808	0.82586803224591	0	0	0	0	0	0	0	0	0	0	0	0	0	0	0	0	0	0	0	0	0.797896439211409	0	0	0	0	0	0	0	0	0	0	0
0	0	0	0	0	0	0	0	0	0	0	0.522243282514689	0	0	0	0	0	0	0	0	0	0	0	0	0	0	0	0	0	0	0	0	0	0	0	0	0	0	0.966228919885207	0	0	0	0	0	0	0	0	0	0	0	0	0	0	0	0	0	0	0	0	0	0	0	0	0	0.790312278971194	0	0	0	0	0	0	0	0	0	0	0	0	0	0	0	0	0	0	0	0	0	0	0	0	0
0	0	0	0.66627758584668	0	0	0	0	0	0	0	0	0	0	0	0	0	0	0	0	0	0	0	0	0	0	0	0	0	0	0	0	0	0	0	0	0	0	0	0	0	0	0	0	0.610192490415951	0	0	0	0	0	0	0	0	0	0	0	0	0	0	0	0	0	0	0	0	0	0	0	0	0	0.852818569821692	0	0	0	0.94189632663331	0	0	0	0	0	0	0	0	0	0	0	0	0	0	0
0	0	0	0	0	0	0	0	0	0.822226613575368	0.959256233489801	0	0	0	0	0	0	0	0	0	0	0	0	0	0	0	0	0	0	0	0	0	0	0	0	0	0	0	0	0	0	0	0	0	0	0	0	0	0	0	0	0	0	0	0	0	0	0	0	0	0	0	0	0	0	0	0	0	0	0	0	0	0	0	0	0	0	0	0	0	0	0	0	0	0	0	0	0	0	0
0	0	0	0	0	0	0	0	0.822226613575368	0	0	0	0	0	0	0	0	0	0	0	0	0	0	0	0.970925138646359	0	0	0	0	0	0	0	0	0	0	0	0	0	0	0	0	0	0.722541350588048	0	0	0	0	0	0	0	0	0	0	0	0	0	0	0	0	0	0	0	0	0	0	0.765375824990186	0	0	0	0	0	0	0	0	0	0	0	0	0	0.740853276767792	0	0	0	0	0	0	0	0	0	0
0	0	0	0	0	0	0	0	0.959256233489801	0	0	0	0	0	0	0	0	0	0	0	0	0	0	0	0	0	0	0.545621138173705	0	0	0	0	0	0	0	0	0	0	0	0	0	0	0	0	0	0	0	0	0	0	0	0	0	0	0	0	0	0	0	0	0	0	0	0	0	0	0	0	0	0	0	0	0	0	0	0	0	0	0	0	0	0.821954872454452	0	0	0	0	0	0	0	0
0	0	0	0	0	0	0.522243282514689	0	0	0	0	0	0.992365041499671	0	0	0	0	0	0	0	0	0	0.894695387490516	0	0	0	0	0	0	0	0	0	0	0	0	0	0	0	0	0	0	0	0	0	0	0	0	0	0	0	0	0	0	0	0	0	0	0	0.878782255589157	0	0	0	0	0	0	0	0	0	0.915173928006867	0	0	0	0	0	0	0	0	0	0	0	0	0	0	0	0	0	0	0	0	0
0	0	0	0	0	0	0	0	0	0	0	0.992365041499671	0	0	0.572033495593758	0	0	0	0	0	0	0	0	0	0	0	0	0	0	0	0	0	0	0	0	0	0	0	0	0	0	0	0	0	0	0	0	0	0	0	0	0	0	0.562799601486767	0	0	0	0	0	0	0	0	0	0	0	0	0	0	0	0	0	0	0	0	0	0	0	0	0	0	0	0	0	0	0	0	0	0	0	0.655476092599621
0	0	0	0	0	0	0	0	0	0	0	0	0	0	0	0	0	0	0	0	0	0	0	0.863872954624283	0	0	0	0	0	0	0	0	0	0	0	0	0	0	0	0	0	0	0	0	0	0	0	0	0	0	0	0	0	0	0	0	0	0	0	0	0	0	0	0	0	0	0	0	0	0	0	0	0	0	0	0	0.967298096872869	0	0	0	0	0	0	0	0	0	0	0	0	0
0	0	0	0	0	0	0	0	0	0	0	0	0.572033495593758	0	0	0	0.935917620066094	0	0.921116448602395	0	0	0	0	0	0	0	0	0	0	0	0	0	0	0	0	0	0	0	0	0	0	0.972273035949658	0	0	0	0	0	0	0	0.804029458432007	0	0	0	0	0	0	0	0	0	0	0	0	0	0	0	0	0	0	0	0	0	0	0	0	0	0	0	0	0	0	0	0	0	0	0	0	0	0	0	0
0	0	0	0	0	0	0	0	0	0	0	0	0	0	0	0	0.828062032645121	0.89073143862799	0	0	0	0	0	0	0	0	0	0	0	0	0	0	0	0	0	0	0	0	0	0	0.943905117561545	0	0	0	0	0	0	0	0	0	0	0	0	0	0	0	0	0	0	0	0	0	0	0	0	0	0	0	0	0	0	0	0	0	0	0	0	0	0	0	0	0	0	0.681969844546199	0	0	0	0	0	0
0	0	0	0.961234128834786	0	0	0	0	0	0	0	0	0	0	0.935917620066094	0.828062032645121	0	0	0	0	0	0	0	0	0	0	0.979845961927061	0	0	0	0	0	0	0	0	0	0	0	0	0	0	0	0	0	0	0	0	0	0	0	0	0	0	0	0	0	0	0	0	0	0	0	0	0	0	0	0	0	0	0	0	0	0	0	0	0	0	0	0	0	0	0	0	0	0	0	0	0	0	0
0	0	0	0	0	0	0	0	0	0	0	0	0	0	0	0.89073143862799	0	0	0	0	0	0	0	0	0	0	0	0	0	0	0	0	0	0	0	0	0	0	0	0	0	0	0	0	0	0	0	0	0	0	0.805093253122216	0	0	0	0	0	0	0	0	0	0	0	0	0	0	0	0	0	0	0	0	0	0	0	0	0	0.777670006358805	0	0.797837622132589	0	0	0	0	0	0	0	0	0	0	0
0	0	0	0	0	0	0	0	0	0	0	0	0	0	0.921116448602395	0	0	0	0	0	0	0	0	0	0.846119596378032	0	0	0	0	0	0	0	0	0	0	0	0	0	0	0	0	0	0	0	0.902169111385232	0.845516745089394	0	0	0	0	0	0	0	0	0	0	0	0	0.756029482042135	0	0	0.753811905253104	0	0	0	0	0	0	0	0	0	0	0	0	0	0	0	0	0	0.788355407207098	0	0.637850177620765	0	0.915740122036101	0.843466934482736	0	0	0	0	0
0	0	0	0	0	0	0	0	0	0	0	0	0	0	0	0	0	0	0	0	0	0.647093214470484	0	0	0	0	0	0	0	0	0	0	0	0	0.86163928253421	0	0	0	0	0	0	0	0	0	0	0	0	0	0	0	0	0	0	0	0	0	0	0	0	0	0	0	0	0	0	0	0	0	0	0	0	0	0	0	0	0	0	0	0	0	0	0	0	0	0	0	0	0	0	0
0	0	0	0	0	0	0	0	0	0	0	0	0	0	0	0	0	0	0	0	0	0	0.77048181013612	0	0	0	0	0	0	0	0	0	0	0	0	0	0	0	0	0	0	0	0	0	0	0	0	0	0	0	0	0	0	0	0	0	0	0	0	0	0	0	0	0	0	0.992122856469718	0	0	0	0	0	0	0	0	0	0	0	0	0	0	0	0	0	0	0	0	0	0	0	0
0	0	0	0	0	0	0	0	0	0	0	0	0	0	0	0	0	0	0	0.647093214470484	0	0	0	0	0	0	0	0	0	0	0	0	0	0	0.973146013581458	0	0	0	0	0	0	0	0	0	0	0	0	0	0	0	0	0	0	0	0	0	0	0	0	0	0	0	0	0	0	0.842258611732726	0	0	0	0	0.967523662773011	0	0	0	0	0	0	0	0	0	0	0	0	0	0	0	0	0	0	0
0	0.633448640078768	0	0	0	0	0	0	0	0	0	0.894695387490516	0	0	0	0	0	0	0	0	0.77048181013612	0	0	0	0	0	0	0	0	0	0	0	0	0	0	0	0	0	0	0	0	0	0	0	0	0	0.582426898405984	0	0	0	0	0	0	0	0	0	0	0	0	0	0	0	0	0	0	0	0	0	0	0	0	0	0.663099539031933	0	0	0	0	0	0	0	0	0.571648595578157	0	0	0	0	0	0	0	0
0	0	0	0	0	0	0	0	0	0	0	0	0	0.863872954624283	0	0	0	0	0	0	0	0	0	0	0.916749568642863	0	0	0	0	0	0	0	0	0	0	0	0	0	0	0	0	0	0	0	0	0	0	0	0	0	0	0	0	0	0	0	0	0	0	0	0	0	0	0	0	0	0	0	0	0	0	0	0	0	0.755485461730471	0	0	0	0.860007132299061	0	0	0	0	0	0	0	0	0	0	0
0	0	0	0	0	0	0	0	0	0.970925138646359	0	0	0	0	0	0	0	0	0.846119596378032	0	0	0	0	0.916749568642863	0	0	0	0	0	0	0	0	0	0	0	0	0	0	0	0	0	0	0	0	0	0	0	0.860529690245607	0	0	0	0.977963706853829	0	0	0	0	0	0	0.995954340061141	0	0	0	0	0	0	0	0	0	0	0	0	0	0	0	0	0	0	0	0	0	0	0	0	0	0	0	0	0.608745696830341	0	0
0	0	0	0	0	0	0	0	0	0	0	0	0	0	0	0	0	0	0	0	0	0	0	0	0	0	0	0	0	0	0	0	0	0	0	0	0	0	0	0	0	0	0	0	0	0	0.906718360284235	0	0	0	0	0	0	0.939981466244776	0	0	0	0	0	0	0	0.840919719633335	0	0	0	0	0	0	0	0	0	0	0	0	0	0	0	0	0	0	0	0	0	0	0	0	0	0	0	0
0	0	0	0	0	0	0	0	0	0	0	0	0	0	0	0	0.979845961927061	0	0	0	0	0	0	0	0	0	0	0	0	0	0	0	0	0	0	0	0	0	0	0	0	0	0	0	0	0	0	0	0	0	0	0	0	0	0	0	0	0	0	0	0	0	0	0	0	0	0	0	0	0	0.850023366997238	0	0	0	0	0.890634471558497	0	0	0.88366134392725	0	0	0	0	0	0	0	0	0	0	0
0	0	0	0	0	0	0	0	0	0	0.545621138173705	0	0	0	0	0	0	0	0	0	0	0	0	0	0	0	0	0	0	0.984605936883321	0	0	0	0	0	0	0	0	0	0	0	0	0	0	0	0	0	0	0	0	0	0	0	0	0	0	0	0	0	0	0	0	0	0	0	0	0	0	0	0	0	0.870851867627295	0	0	0	0	0	0	0	0	0	0	0	0.871992863957702	0	0	0	0	0	0
0	0	0	0	0	0	0	0	0	0	0	0	0	0	0	0	0	0	0	0	0	0	0	0	0	0	0	0	0	0	0	0	0	0	0	0	0	0	0	0	0	0	0	0	0	0	0	0	0	0	0	0	0.8566580197027	0	0	0.734050662248368	0	0	0	0	0	0	0	0	0	0	0	0.811084167269216	0	0	0	0	0	0	0	0	0	0	0	0	0	0	0	0	0	0	0	0	0	0
0	0	0	0	0	0	0	0	0	0	0	0	0	0	0	0	0	0	0	0	0	0	0	0	0	0	0	0.984605936883321	0	0	0	0	0	0	0	0	0	0	0	0	0	0	0	0	0	0	0	0	0	0.775438679491021	0	0	0	0	0	0	0	0	0	0	0	0	0	0	0	0	0	0	0	0	0	0	0	0	0	0	0	0	0	0	0	0	0.985718454309651	0	0	0	0	0	0	0
0	0	0	0	0	0	0	0	0	0	0	0	0	0	0	0	0	0	0	0	0	0	0	0	0	0	0	0	0	0	0	0	0	0	0	0	0	0	0	0	0	0	0	0	0	0	0.957613429967892	0	0	0	0	0	0	0	0.920829284612769	0	0	0	0	0	0	0	0	0	0	0	0	0	0	0	0	0	0	0	0	0	0	0	0	0	0	0	0	0	0	0	0	0	0	0
0	0	0	0.962120878241609	0	0	0	0	0	0	0	0	0	0	0	0	0	0	0	0	0	0	0	0	0	0	0	0	0	0	0	0	0.991584792138524	0	0	0	0	0	0	0	0	0	0	0	0	0	0	0	0	0	0	0	0	0	0	0	0	0	0	0	0.915663412067891	0.837120607127415	0	0	0	0	0	0	0	0	0	0	0	0	0	0	0	0	0	0	0	0	0	0	0	0	0	0	0	0
0	0	0	0	0	0	0	0	0	0	0	0	0	0	0	0	0	0	0	0	0	0	0	0	0	0	0	0	0	0	0	0.991584792138524	0	0	0	0	0	0	0	0	0	0	0	0	0	0	0	0	0	0	0	0.926908666431986	0	0	0	0	0	0	0	0	0	0	0	0	0	0	0	0	0	0	0	0	0	0	0	0	0	0	0	0	0	0	0	0	0.857643339329405	0	0	0	0	0
0	0.831100232103095	0	0	0	0	0	0	0	0	0	0	0	0	0	0	0	0	0	0	0	0	0	0	0	0	0	0	0	0	0	0	0	0	0	0	0	0	0	0	0	0	0	0	0	0	0	0	0	0	0	0	0	0.63986445565659	0	0	0	0	0	0.845860585054778	0	0	0	0	0	0	0	0	0	0	0	0	0	0	0	0	0	0	0	0	0	0	0	0	0	0	0	0	0	0
0	0	0	0	0	0	0	0	0	0	0	0	0	0	0	0	0	0	0	0.86163928253421	0	0.973146013581458	0	0	0	0	0	0	0	0	0	0	0	0	0	0	0	0	0	0	0	0	0	0	0	0	0	0	0.863552471942722	0	0	0	0	0	0	0	0	0	0	0	0	0	0	0.755071532786175	0	0.957782248044599	0	0	0	0	0	0	0	0	0	0	0.969041200741349	0	0	0	0	0	0	0	0	0	0	0	0	0
0.902816180297609	0	0	0	0	0	0	0	0	0	0	0	0	0	0	0	0	0	0	0	0	0	0	0	0	0	0	0	0	0	0	0	0	0	0	0	0	0	0	0	0	0	0	0	0	0	0	0	0	0	0	0	0	0	0	0	0	0	0	0	0	0	0	0	0.881198199667273	0	0	0	0	0	0	0	0.649139968943652	0	0.999851243476343	0	0	0	0.726414911763456	0	0	0	0	0	0	0	0	0	0	0
0	0	0	0	0	0	0	0	0	0	0	0	0	0	0	0	0	0	0	0	0	0	0	0	0	0	0	0	0	0	0	0	0	0	0	0	0	0	0.70044233483408	0	0	0	0.998654486112994	0	0	0	0	0	0	0	0	0	0	0	0	0	0	0	0	0	0	0	0	0	0	0	0	0	0	0	0	0	0	0	0	0	0	0	0	0	0	0	0	0	0	0	0	0	0	0
0	0	0.73616030873702	0	0	0	0	0	0	0	0	0	0	0	0	0	0	0	0	0	0	0	0	0	0	0	0	0	0	0	0	0	0	0	0	0	0	0	0	0	0	0	0	0	0	0	0	0	0	0	0	0	0	0	0	0	0	0	0	0	0	0	0	0	0	0.815433718776074	0	0	0	0	0	0	0.960388896175397	0	0	0	0	0	0	0	0	0	0	0	0	0	0	0	0	0
0	0	0	0	0	0	0.966228919885207	0	0	0	0	0	0	0	0	0	0	0	0	0	0	0	0	0	0	0	0	0	0	0	0	0	0	0	0	0	0.70044233483408	0	0	0	0	0	0	0	0.666986313095569	0	0	0	0	0	0	0	0	0	0	0	0	0	0	0	0	0	0	0	0	0	0	0	0	0	0	0	0	0	0	0	0	0	0	0	0	0	0	0	0	0	0	0	0	0
0	0	0	0	0	0	0	0	0	0	0	0	0	0	0	0	0	0	0	0	0	0	0	0	0	0	0	0	0	0	0	0	0	0	0	0	0	0	0	0	0.937619465563112	0	0	0	0	0	0	0	0	0	0	0	0	0	0	0	0	0	0	0	0	0	0	0	0	0	0	0	0	0	0	0	0	0	0	0	0	0.697414839574687	0	0	0	0	0	0	0	0	0	0	0	0
0	0	0	0	0	0	0	0	0	0	0	0	0	0	0	0.943905117561545	0	0	0	0	0	0	0	0	0	0	0	0	0	0	0	0	0	0	0	0	0	0	0	0.937619465563112	0	0	0	0	0	0	0	0	0	0	0	0	0	0	0	0	0	0	0	0	0	0	0	0	0	0	0.991166755361241	0	0	0	0	0	0	0	0	0	0	0	0	0	0	0	0	0	0	0	0	0	0	0
0	0	0	0	0	0	0	0	0	0	0	0	0	0	0.972273035949658	0	0	0	0	0	0	0	0	0	0	0	0	0	0	0	0	0	0	0	0	0	0	0	0	0	0	0	0.80495311353293	0	0	0	0	0	0	0	0	0	0	0	0	0	0	0	0	0	0	0	0	0	0	0	0	0	0	0	0	0	0	0	0	0	0	0	0	0	0	0	0.834981078405241	0	0	0	0	0	0	0
0	0.876165928186282	0	0	0	0	0	0	0	0.722541350588048	0	0	0	0	0	0	0	0	0	0	0	0	0	0	0	0	0	0	0	0	0	0	0	0	0	0	0.998654486112994	0	0	0	0	0.80495311353293	0	0	0	0	0	0	0	0	0	0	0	0	0	0	0	0	0	0	0	0	0	0	0	0	0	0	0	0	0	0	0	0	0	0	0	0	0	0	0	0	0	0	0	0	0	0	0.966564598853907	0.648871568144153
0	0	0	0	0.853936833079064	0	0	0	0	0	0	0	0	0	0	0	0	0	0	0	0	0	0	0	0	0	0	0	0	0	0	0	0	0	0	0	0	0	0	0	0	0	0	0	0	0	0	0	0	0	0	0	0	0	0	0	0	0	0	0	0	0	0	0	0	0	0	0	0	0	0	0	0	0	0	0	0	0	0.939745430306675	0	0	0	0	0	0	0	0	0	0	0
0	0	0	0	0	0.965439237525836	0	0.610192490415951	0	0	0	0	0	0	0	0	0	0	0.902169111385232	0	0	0	0	0	0	0	0	0	0	0	0	0	0	0	0	0	0	0	0.666986313095569	0	0	0	0	0	0	0.812943596293824	0	0	0	0	0	0	0	0	0	0	0	0	0	0	0	0	0.943978008593768	0	0	0	0.674717663835834	0	0	0	0	0	0	0	0	0	0	0.619804179907023	0	0	0	0	0	0	0	0	0	0	0	0
0	0	0	0	0	0	0	0	0	0	0	0	0	0	0	0	0	0	0.845516745089394	0	0	0	0	0	0	0	0	0	0	0	0	0	0	0	0	0	0	0	0	0	0	0	0	0	0.812943596293824	0	0	0	0	0	0	0	0	0	0	0	0	0	0	0.555874970658106	0	0	0	0	0	0	0	0	0	0	0	0	0	0	0	0	0	0	0	0	0	0	0	0	0	0	0	0	0	0
0	0	0	0	0	0	0	0	0	0	0	0	0	0	0	0	0	0	0	0	0	0	0.582426898405984	0	0	0.906718360284235	0	0	0	0	0.957613429967892	0	0	0	0	0	0	0	0	0	0	0	0	0	0	0	0	0.782541304065308	0	0	0	0	0	0	0	0	0	0	0	0	0	0	0	0	0	0	0	0	0	0.675304205295582	0	0	0	0	0	0	0	0	0	0	0	0	0	0	0	0	0	0	0	0
0	0	0	0	0	0	0	0	0	0	0	0	0	0	0	0	0	0	0	0	0	0	0	0	0.860529690245607	0	0	0	0	0	0	0	0	0	0	0	0	0	0	0	0	0	0	0	0	0	0.782541304065308	0	0.747319569380515	0	0	0	0	0	0	0	0	0	0	0	0	0	0	0	0	0	0	0	0	0	0	0	0	0	0	0	0	0	0	0	0	0	0	0	0.645136936531865	0	0	0	0	0
0	0	0	0	0	0	0	0	0	0	0	0	0	0	0	0	0	0	0	0	0	0	0	0	0	0	0	0	0	0	0	0	0	0	0.863552471942722	0	0	0	0	0	0	0	0	0	0	0	0	0.747319569380515	0	0.848025858420759	0	0	0	0	0	0	0	0	0	0	0	0	0	0	0.985904176444023	0	0	0	0	0	0	0	0	0	0	0	0	0	0	0	0	0	0	0	0	0	0	0	0	0
0	0	0	0	0	0	0	0	0	0	0	0	0	0	0.804029458432007	0	0	0	0	0	0	0	0	0	0	0	0	0	0	0.775438679491021	0	0	0	0	0	0	0	0	0	0	0	0	0	0	0	0	0	0	0.848025858420759	0	0	0	0	0	0	0	0	0	0	0	0	0.767436255181476	0	0	0	0	0	0	0	0	0	0	0	0	0	0	0	0	0	0	0	0	0	0	0	0	0	0	0	0
0	0	0	0	0	0	0	0	0	0	0	0	0	0	0	0	0	0.805093253122216	0	0	0	0	0	0	0	0	0	0	0	0	0	0	0	0	0	0	0	0	0	0	0	0	0	0	0	0	0	0	0	0	0	0	0	0	0	0	0	0	0	0	0.748840410644125	0	0	0	0	0	0	0	0	0	0	0	0	0	0	0	0	0	0	0	0	0	0	0	0	0	0	0	0	0
0	0	0	0	0	0	0	0	0	0	0	0	0	0	0	0	0	0	0	0	0	0	0	0	0.977963706853829	0	0	0	0	0	0	0	0.926908666431986	0	0	0	0	0	0	0	0	0	0	0	0	0	0	0	0	0	0	0	0	0	0	0	0	0	0	0	0	0	0	0	0	0	0	0	0	0	0.687347842238138	0	0	0	0	0	0	0	0	0	0	0	0.80204854542184	0	0	0	0	0	0	0
0.745345863896036	0	0	0	0	0	0	0	0	0	0	0	0	0	0	0	0	0	0	0	0	0	0	0	0	0	0	0	0.8566580197027	0	0	0	0	0	0	0	0	0	0	0	0	0	0	0	0	0	0	0	0	0	0	0	0	0.963643164948369	0	0	0	0	0	0	0	0	0	0	0	0	0	0	0	0	0	0	0	0	0	0	0.982088423083233	0	0	0	0	0	0	0	0	0	0	0	0	0
0	0	0	0.942478343898596	0	0	0	0	0	0	0	0	0.562799601486767	0	0	0	0	0	0	0	0	0	0	0	0	0.939981466244776	0	0	0	0	0	0	0	0.63986445565659	0	0	0	0	0	0	0	0	0	0	0	0	0	0	0	0	0	0	0.963643164948369	0	0	0.661977263841983	0	0	0	0	0	0	0	0	0	0	0	0	0	0	0	0	0	0	0	0	0	0	0	0	0.935630727683893	0	0	0	0	0	0	0	0	0
0	0	0	0	0	0	0	0	0	0	0	0	0	0	0	0	0	0	0	0	0	0	0	0	0	0	0	0	0	0	0.920829284612769	0	0	0	0	0	0	0	0	0	0	0	0	0	0	0	0	0	0	0	0	0	0	0	0	0.845699457708606	0	0	0	0	0	0	0	0	0	0	0	0	0	0	0	0	0	0	0	0	0	0	0	0	0	0	0	0	0.91842096223803	0.905032172930079	0	0.786825954428068	0	0
0	0	0	0	0	0	0	0	0	0	0	0	0	0	0	0	0	0	0	0	0	0	0	0	0	0	0	0	0.734050662248368	0	0	0	0	0	0	0	0	0	0	0	0	0	0	0	0	0	0	0	0	0	0	0	0	0.661977263841983	0.845699457708606	0	0	0	0.949928731788176	0	0	0	0	0	0	0	0.950078543767148	0	0	0	0	0	0	0	0	0	0	0	0	0	0	0	0	0	0	0	0	0	0	0
0	0	0	0	0	0.841640815869808	0	0	0	0	0	0	0	0	0	0	0	0	0	0	0	0	0	0	0	0	0	0	0	0	0	0	0	0	0	0	0	0	0	0	0	0	0	0	0	0	0	0	0	0	0	0	0	0	0	0	0	0	0	0	0	0	0	0	0	0	0	0	0	0	0	0.797116589731867	0	0	0	0	0	0	0.740265903852218	0	0	0	0	0	0	0	0	0.923194434639771	0	0
0	0	0.817199136556128	0	0	0.82586803224591	0	0	0	0	0	0	0	0	0	0	0	0	0	0	0	0	0	0	0	0	0	0	0	0	0	0	0	0	0	0	0	0	0	0	0	0	0	0	0	0	0	0	0	0	0	0	0	0	0	0	0	0	0	0	0	0	0	0	0	0	0	0	0	0	0	0	0	0	0	0	0	0	0	0	0	0	0	0	0	0	0	0	0	0
0	0	0	0	0	0	0	0	0	0	0	0.878782255589157	0	0	0	0	0	0	0.756029482042135	0	0	0	0	0	0.995954340061141	0	0	0	0	0	0	0	0	0	0	0	0	0	0	0	0	0	0	0	0	0	0	0	0	0	0	0	0	0	0	0.949928731788176	0	0	0	0	0	0	0	0	0	0	0	0	0	0	0	0	0	0	0	0	0	0	0	0	0	0	0	0	0	0	0	0	0	0.778510870193115
0.784754543832636	0	0	0	0	0	0	0	0	0	0	0	0	0	0	0	0	0	0	0	0	0	0	0	0	0	0	0	0	0	0	0	0	0.845860585054778	0	0	0	0	0	0	0	0	0	0	0	0.555874970658106	0	0	0	0	0	0	0	0	0	0	0	0	0	0	0	0.955911221999739	0	0	0	0	0	0	0	0	0	0	0	0.782997905194876	0	0	0	0	0	0	0.872527719816051	0	0	0	0	0	0	0	0	0
0	0.943580282001099	0	0	0	0	0	0	0	0	0	0	0	0	0	0	0	0	0	0	0	0	0	0	0	0	0	0	0	0	0	0.915663412067891	0	0	0	0	0	0	0	0	0	0	0	0	0	0	0	0	0	0	0.748840410644125	0	0	0	0	0	0	0	0	0	0	0	0	0	0	0	0	0	0	0.552248451014949	0	0	0	0	0	0	0	0	0	0	0	0	0	0	0	0	0	0	0.933057062315056	0
0	0	0	0	0	0	0	0	0	0	0	0	0	0	0	0	0	0	0.753811905253104	0	0	0	0	0	0	0.840919719633335	0	0	0	0	0	0.837120607127415	0	0	0	0	0	0	0	0	0	0	0	0	0	0	0	0	0	0.767436255181476	0	0	0	0	0	0	0	0	0	0.955911221999739	0	0	0	0	0.813918438210747	0	0	0	0	0	0	0	0	0	0	0	0	0	0	0	0	0	0	0	0	0	0	0	0	0
0	0	0.870160903650987	0	0	0	0	0	0	0	0	0	0	0	0	0	0	0	0	0	0	0	0	0	0	0	0	0	0	0	0	0	0	0	0	0	0	0	0	0	0	0	0	0	0.943978008593768	0	0	0	0	0	0	0	0	0	0	0	0	0	0	0	0	0	0	0	0	0	0	0	0	0	0	0	0	0	0	0	0	0	0	0	0	0	0	0	0	0	0	0	0	0
0.711245840263889	0	0	0	0	0	0	0	0	0	0	0	0	0	0	0	0	0	0	0	0	0	0	0	0	0	0	0	0	0	0	0	0	0	0.755071532786175	0	0	0	0	0	0	0	0	0	0	0	0	0	0	0	0	0	0	0	0	0	0	0	0	0	0	0	0	0	0	0	0	0	0	0	0	0	0	0	0	0	0	0	0	0	0	0	0	0	0	0	0	0	0	0
0	0	0	0	0	0	0.790312278971194	0	0	0	0	0	0	0	0	0	0	0	0	0	0	0	0	0	0	0	0	0	0	0	0	0	0	0	0	0.881198199667273	0	0	0	0	0	0	0	0	0	0	0	0	0.985904176444023	0	0	0	0	0	0	0	0	0	0	0	0	0.813918438210747	0	0	0	0	0	0	0	0	0	0	0	0	0	0	0	0	0	0	0	0	0	0	0	0	0	0	0	0
0	0	0	0	0	0	0	0	0	0.765375824990186	0	0	0	0	0	0	0	0	0	0	0.992122856469718	0.842258611732726	0	0	0	0	0	0	0	0	0	0	0	0	0.957782248044599	0	0	0.815433718776074	0	0	0	0	0	0	0	0	0	0	0	0	0	0	0	0	0	0	0	0	0	0	0	0	0	0	0	0	0	0	0	0	0	0	0	0	0	0	0	0	0	0	0	0	0	0	0	0	0	0	0	0
0	0	0	0	0	0	0	0	0	0	0	0	0	0	0	0	0	0	0	0	0	0	0	0	0	0	0	0	0	0	0	0	0	0	0	0	0	0	0	0	0.991166755361241	0	0	0	0.674717663835834	0	0	0	0	0	0	0	0	0	0	0.950078543767148	0	0	0	0	0	0	0	0	0	0	0	0	0	0	0	0	0.632773095545817	0	0	0	0	0	0	0	0	0	0	0	0	0	0	0	0	0
0	0	0.841338194377218	0	0	0	0	0	0	0	0	0	0	0	0	0	0	0	0	0	0	0	0	0	0	0	0	0	0.811084167269216	0	0	0	0	0	0	0	0	0	0	0	0	0	0	0	0	0	0	0	0	0	0	0	0	0	0	0	0	0	0	0	0	0	0	0	0	0	0	0	0	0	0	0	0	0	0	0	0	0	0.956061652551294	0.93201297875044	0	0	0	0	0	0	0	0	0	0
0	0	0	0	0	0	0	0	0	0	0	0.915173928006867	0	0	0	0	0	0	0	0	0	0	0	0	0	0	0	0	0	0	0	0	0	0	0	0	0	0	0	0	0	0	0	0	0	0	0	0	0	0	0	0	0	0	0	0	0	0	0	0	0	0	0	0	0	0	0	0	0	0	0	0	0	0	0.958412287207626	0	0	0	0	0	0	0	0.820318351029172	0	0	0	0	0	0	0
0	0	0	0	0	0	0	0	0	0	0	0	0	0	0	0	0	0	0	0	0	0	0	0	0	0	0	0	0	0	0	0	0	0	0	0	0	0	0	0	0	0	0	0	0	0	0.675304205295582	0	0	0	0	0	0	0	0	0	0	0	0	0	0.552248451014949	0	0	0	0	0	0	0	0	0	0	0.968264284198536	0	0	0	0	0	0	0	0	0	0	0	0	0	0	0	0	0	0
0	0	0	0	0	0	0	0.852818569821692	0	0	0	0	0	0	0	0	0	0	0	0	0	0.967523662773011	0	0	0	0	0.850023366997238	0	0	0	0	0	0	0	0	0	0	0	0	0	0	0	0	0	0	0	0	0	0	0	0	0.687347842238138	0	0	0	0	0	0	0	0	0	0	0	0	0	0	0	0	0	0	0	0	0	0	0	0	0	0	0	0	0	0	0	0	0	0	0	0	0	0
0	0	0	0	0	0	0	0	0	0	0	0	0	0	0	0	0	0	0	0	0	0	0	0	0	0	0	0.870851867627295	0	0	0	0	0	0	0	0	0	0	0	0	0	0	0	0	0	0	0	0	0	0	0	0	0	0	0	0	0.797116589731867	0	0	0	0	0	0	0	0	0	0	0	0	0.968264284198536	0	0	0	0	0	0	0	0	0	0	0	0	0	0	0	0	0	0.901883036006643	0	0
0	0	0	0	0	0	0	0	0	0	0	0	0	0	0	0	0	0	0	0	0	0	0.663099539031933	0	0	0	0	0	0	0	0	0	0	0	0	0.649139968943652	0	0.960388896175397	0	0	0	0	0	0	0	0	0	0	0	0	0	0	0	0	0	0	0	0	0	0	0	0	0	0	0	0	0.632773095545817	0	0	0	0	0	0	0	0	0	0	0	0	0	0	0	0	0	0	0	0	0.877489523288265	0	0
0	0	0	0	0	0	0	0	0	0	0	0	0	0	0	0	0	0	0	0	0	0	0	0	0	0	0	0	0	0	0	0	0	0	0	0	0	0	0	0	0	0	0	0	0	0	0	0	0	0	0	0	0	0	0	0	0	0	0	0.782997905194876	0	0	0	0	0	0	0	0	0	0	0	0	0	0	0	0.852955386155039	0	0	0	0	0	0	0	0	0	0	0	0	0	0
0	0	0	0	0	0	0	0.94189632663331	0	0	0	0	0	0	0	0	0	0	0	0	0	0	0	0.755485461730471	0	0	0	0	0	0	0	0	0	0	0	0.999851243476343	0	0	0	0	0	0	0	0	0	0	0	0	0	0	0	0	0	0	0	0	0	0	0	0	0	0	0	0	0	0	0	0	0.958412287207626	0	0	0	0	0	0	0	0	0	0	0	0	0	0	0	0	0	0	0	0	0
0	0	0	0	0	0	0	0	0	0	0	0	0	0	0	0	0	0	0	0	0	0	0	0	0	0	0.890634471558497	0	0	0	0	0	0	0	0	0	0	0	0	0	0	0	0	0	0	0	0	0	0	0	0	0	0	0	0	0	0	0	0	0	0	0	0	0	0	0	0	0	0	0	0	0	0	0.852955386155039	0	0	0	0	0	0.89801109882783	0	0	0	0	0	0	0	0	0	0
0	0	0	0	0.903138566386559	0	0	0	0	0	0	0	0	0.967298096872869	0	0	0	0.777670006358805	0	0	0	0	0	0	0	0	0	0	0	0	0	0	0	0	0.969041200741349	0	0	0	0	0	0	0	0	0	0	0	0	0	0	0	0	0	0.982088423083233	0	0	0	0	0	0	0	0	0	0	0	0	0	0	0	0	0	0	0	0	0	0	0	0	0	0	0	0	0	0	0	0	0	0	0	0	0
0	0	0	0	0.740761348003703	0	0	0	0	0	0	0	0	0	0	0	0	0	0	0	0	0	0	0	0	0	0	0	0	0	0	0	0	0	0	0	0	0	0	0.697414839574687	0	0	0	0	0.619804179907023	0	0	0	0	0	0	0	0	0	0	0	0	0	0	0	0	0	0	0	0	0	0	0	0	0	0	0	0	0	0	0	0	0	0.778958839904663	0	0	0	0	0	0	0	0	0	0	0
0	0	0	0	0	0.797896439211409	0	0	0	0	0	0	0	0	0	0	0	0.797837622132589	0	0	0	0	0	0.860007132299061	0	0	0.88366134392725	0	0	0	0	0	0	0	0	0.726414911763456	0	0	0	0	0	0	0	0.939745430306675	0	0	0	0	0	0	0	0	0	0	0	0	0.740265903852218	0	0	0	0	0	0	0	0	0	0	0.956061652551294	0	0	0	0	0	0	0	0	0	0.778958839904663	0	0	0	0	0	0	0	0	0	0	0	0
0	0	0	0	0	0	0	0	0	0.740853276767792	0	0	0	0	0	0	0	0	0.788355407207098	0	0	0	0	0	0	0	0	0	0	0	0	0	0	0	0	0	0	0	0	0	0	0	0	0	0	0	0	0	0	0	0	0	0	0	0	0	0	0	0	0	0	0	0	0	0	0	0	0.93201297875044	0	0	0	0	0	0	0	0.89801109882783	0	0	0	0	0	0	0	0	0	0	0	0	0	0
0	0	0	0	0	0	0	0	0	0	0	0	0	0	0	0	0	0	0	0	0	0	0	0	0	0	0	0	0	0	0	0	0	0	0	0	0	0	0	0	0	0	0	0	0	0	0	0	0	0	0	0	0	0.935630727683893	0	0	0	0	0	0.872527719816051	0	0	0	0	0	0	0	0	0	0	0	0	0	0	0	0	0	0	0	0	0	0	0	0	0	0	0	0	0	0
0	0	0	0	0	0	0	0	0	0	0.821954872454452	0	0	0	0	0	0	0	0.637850177620765	0	0	0	0.571648595578157	0	0	0	0	0	0	0	0	0	0	0	0	0	0	0	0	0	0	0	0	0	0	0	0	0	0	0	0	0	0	0	0	0	0	0	0	0	0	0	0	0	0	0	0	0	0	0	0	0	0	0	0	0	0	0	0	0	0	0	0	0	0	0	0	0	0	0
0	0	0	0	0	0	0	0	0	0	0	0	0	0	0	0	0	0	0	0	0	0	0	0	0	0	0	0	0	0.985718454309651	0	0	0	0	0	0	0	0	0	0	0	0.834981078405241	0	0	0	0	0	0	0	0	0	0.80204854542184	0	0	0	0	0	0	0	0	0	0	0	0	0	0	0	0	0.820318351029172	0	0	0	0	0	0	0	0	0	0	0	0	0	0	0	0	0	0	0	0	0
0	0	0	0	0	0	0	0	0	0	0	0	0	0	0	0.681969844546199	0	0	0.915740122036101	0	0	0	0	0	0	0	0	0.871992863957702	0	0	0	0	0	0	0	0	0	0	0	0	0	0	0	0	0	0	0	0	0	0	0	0	0	0	0	0	0	0	0	0	0	0	0	0	0	0	0	0	0	0	0	0	0	0	0	0	0	0	0	0	0	0	0	0	0	0	0	0	0	0
0	0	0	0	0	0	0	0	0	0	0	0	0	0	0	0	0	0	0.843466934482736	0	0	0	0	0	0	0	0	0	0	0	0	0	0.857643339329405	0	0	0	0	0	0	0	0	0	0	0	0	0	0	0.645136936531865	0	0	0	0	0	0	0.91842096223803	0	0	0	0	0	0	0	0	0	0	0	0	0	0	0	0	0	0	0	0	0	0	0	0	0	0	0	0	0	0	0	0	0	0	0
0	0	0	0	0	0	0	0	0	0	0	0	0	0	0	0	0	0	0	0	0	0	0	0	0	0	0	0	0	0	0	0	0	0	0	0	0	0	0	0	0	0	0	0	0	0	0	0	0	0	0	0	0	0	0.905032172930079	0	0	0	0	0	0	0	0	0	0	0	0	0	0	0	0	0	0	0	0	0	0	0	0	0	0	0	0	0	0	0	0	0	0.72173950092404	0
0	0	0	0	0	0	0	0	0	0	0	0	0	0	0	0	0	0	0	0	0	0	0	0	0	0	0	0	0	0	0	0	0	0	0	0	0	0	0	0	0	0	0	0	0	0	0	0	0	0	0	0	0	0	0	0	0	0	0	0	0	0	0	0	0	0	0	0	0	0	0	0	0	0	0	0	0	0	0	0	0	0	0	0	0	0	0	0.900247186675895	0.68425550805295	0
0	0	0	0	0	0	0	0	0	0	0	0	0	0	0	0	0	0	0	0	0	0	0	0	0.608745696830341	0	0	0	0	0	0	0	0	0	0	0	0	0	0	0	0	0	0	0	0	0	0	0	0	0	0	0	0	0	0.786825954428068	0	0.923194434639771	0	0	0	0	0	0	0	0	0	0	0	0	0	0	0.901883036006643	0.877489523288265	0	0	0	0	0	0	0	0	0	0	0	0	0	0.900247186675895	0	0	0
0.902451022890261	0	0	0	0	0	0	0	0	0	0	0	0	0	0	0	0	0	0	0	0	0	0	0	0	0	0	0	0	0	0	0	0	0	0	0	0	0	0	0	0	0	0.966564598853907	0	0	0	0	0	0	0	0	0	0	0	0	0	0	0	0	0	0.933057062315056	0	0	0	0	0	0	0	0	0	0	0	0	0	0	0	0	0	0	0	0	0	0	0	0	0.72173950092404	0.68425550805295	0	0	0
0	0	0	0	0	0	0	0	0	0	0	0	0.655476092599621	0	0	0	0	0	0	0	0	0	0	0	0	0	0	0	0	0	0	0	0	0	0	0	0	0	0	0	0	0	0.648871568144153	0	0	0	0	0	0	0	0	0	0	0	0	0	0	0	0.778510870193115	0	0	0	0	0	0	0	0	0	0	0	0	0	0	0	0	0	0	0	0	0	0	0	0	0	0	0	0	0	0	0
