0	0.961535412244867	0	0	0	0	0	0	0	0	0	0	0	0	0	0	0	0	0	0	0	0	0	0	0	0	0	0	0	0	0	0	0.797609623464744	0	0.932824270400032	0	0	0	0	0	0	0	0	0	0	0	0	0	0	0	0	0	0	0	0	0	0	0	0	0	0	0	0.948229149026255	0	0	0	0	0	0	0	0	0	0	0	0	0	0	0	0	0	0	0	0.938515142890163	0	0	0	0	0	0	0
0.961535412244867	0	0	0	0	0	0	0	0	0	0	0	0.639744898814385	0	0.975583532232763	0	0	0	0	0	0.740934897563586	0.841690989803079	0	0	0	0	0	0	0	0	0	0	0	0	0	0	0	0	0	0	0	0	0	0	0	0	0	0	0	0	0	0	0	0	0	0	0	0	0	0	0	0	0	0	0	0	0	0	0	0	0	0	0.843834360418826	0	0	0	0	0	0	0	0	0	0	0	0	0	0	0	0	0
0	0	0	0	0	0	0	0	0	0	0	0	0	0	0	0	0	0	0	0.83422222920209	0	0	0	0	0	0	0	0	0	0	0	0	0	0	0	0	0	0	0	0	0	0	0	0	0	0	0	0	0	0	0	0	0	0	0	0	0	0	0	0	0	0	0	0	0	0	0	0	0	0	0	0	0	0	0	0	0	0	0	0	0	0	0	0	0	0	0	0	0.93483886951411	0
0	0	0	0	0	0	0	0	0	0	0	0	0	0	0	0	0	0	0	0	0	0	0	0	0	0	0	0	0	0	0	0	0	0	0	0	0	0	0	0	0	0	0	0	0	0	0	0	0	0	0	0	0	0	0	0	0	0	0	0	0	0	0	0	0	0	0	0	0	0	0	0	0	0	0	0	0	0	0	0	0	0	0	0	0	0	0.772792225006499	0.901237191652677	0.940884476239403	0
0	0	0	0	0	0	0.959650088996602	0	0	0	0	0	0	0	0	0	0	0	0	0	0	0	0	0	0	0	0	0	0	0	0	0	0	0	0	0	0	0	0	0	0	0	0	0	0	0	0	0	0	0	0	0	0	0	0	0	0	0	0	0	0	0	0	0	0	0	0	0	0	0	0	0	0	0	0	0	0	0	0	0	0	0	0	0	0	0	0	0	0	0.725865083240266
0	0	0	0	0	0	0	0	0	0	0	0	0	0	0	0	0	0	0	0	0	0	0	0	0	0	0	0	0	0	0	0	0	0	0	0	0	0	0	0	0.811885012323343	0	0	0	0	0	0	0	0	0	0	0	0	0	0	0	0	0	0	0	0	0	0	0	0	0	0	0	0	0	0	0	0	0	0	0	0	0	0	0.906277729691826	0	0	0	0	0	0	0	0	0	0
0	0	0	0	0.959650088996602	0	0	0	0	0	0	0	0	0	0	0	0	0	0	0	0	0	0	0	0	0	0	0	0	0	0	0	0	0	0	0	0	0	0	0	0	0	0	0	0	0	0	0	0	0	0	0	0	0	0	0	0	0	0	0	0	0	0	0	0	0	0	0	0	0	0.9036217199819	0	0	0	0	0	0	0	0	0	0	0	0	0	0.711091426831487	0	0	0	0	0
0	0	0	0	0	0	0	0	0.91889486658066	0	0	0	0	0	0	0	0.979755515430202	0	0	0	0	0	0	0	0	0	0	0	0	0	0	0	0	0	0	0	0	0	0	0	0	0	0	0	0	0	0	0	0	0	0	0	0	0.951030242194216	0	0	0.663723481918754	0	0	0	0	0	0	0	0	0	0	0	0	0	0	0	0	0	0	0	0	0	0	0	0	0	0	0	0	0	0	0	0	0
0	0	0	0	0	0	0	0.91889486658066	0	0	0	0	0	0	0	0	0	0	0	0.672907198341875	0	0	0	0	0	0	0	0	0	0	0	0	0	0	0	0	0	0	0	0	0	0	0	0	0	0	0	0	0	0	0	0	0	0	0	0	0	0	0	0	0	0	0	0	0	0	0	0	0.715811768488239	0	0	0.669005252392677	0	0	0	0	0	0	0	0	0	0	0	0.821662083024143	0	0	0	0	0	0
0	0	0	0	0	0	0	0	0	0	0	0	0	0	0	0.93843715284087	0	0	0	0	0	0	0	0	0.684141163949273	0	0	0	0	0	0	0	0	0	0	0	0	0	0	0	0	0	0	0	0	0	0.926196466402856	0	0.862213332283656	0	0	0	0	0	0	0.868117100232202	0	0	0	0	0	0	0	0	0	0	0	0	0	0	0	0	0	0	0	0	0	0	0	0	0	0	0	0	0	0	0	0	0	0
0	0	0	0	0	0	0	0	0	0	0	0	0	0	0	0	0	0	0	0	0	0	0	0	0	0	0	0	0	0	0	0	0	0	0	0	0	0	0	0	0.867034541967805	0	0	0	0	0	0	0.990308236297299	0	0	0	0	0	0	0	0	0	0	0	0	0	0	0	0	0	0	0	0	0	0	0	0	0	0	0	0	0	0	0	0	0	0	0	0	0	0	0	0	0	0
0	0	0	0	0	0	0	0	0	0	0	0	0	0	0	0	0	0	0	0	0	0	0	0	0	0	0	0	0	0	0	0	0	0	0	0	0	0	0	0	0	0	0	0	0	0	0	0	0	0	0	0	0	0	0	0	0	0	0	0	0	0	0	0	0	0	0	0	0	0	0	0	0	0.971233515074419	0	0	0	0	0	0	0	0	0	0	0	0	0	0.575409423604259	0	0
0	0.639744898814385	0	0	0	0	0	0	0	0	0	0	0	0	0	0	0	0.87190477188085	0	0	0	0	0	0	0	0	0.814658072417074	0	0	0	0	0	0	0	0	0	0	0	0	0	0	0	0	0	0	0	0.93664887454128	0	0	0	0	0	0	0	0	0	0	0	0	0	0	0	0	0	0	0	0	0	0	0	0	0	0	0	0	0	0	0	0	0	0	0	0	0	0	0.894216625115998	0	0	0	0
0	0	0	0	0	0	0	0	0	0	0	0	0	0	0.686486896425452	0	0	0	0	0	0	0	0	0	0.796594888977777	0	0	0	0	0	0	0	0	0	0	0	0	0	0	0	0.993998974484668	0.728376877834384	0	0	0	0	0	0	0	0	0	0	0	0	0	0	0	0	0	0	0	0	0	0.829769735534808	0	0	0	0	0	0	0	0	0	0	0.906718071429965	0	0	0	0.957577838463931	0	0	0	0	0	0	0	0	0	0	0
0	0.975583532232763	0	0	0	0	0	0	0	0	0	0	0	0.686486896425452	0	0	0	0.807984107712142	0	0	0	0	0	0	0	0	0	0	0	0	0	0	0	0	0	0	0	0	0.720858647581612	0	0	0	0	0	0	0	0	0	0	0	0	0	0	0	0	0	0	0	0	0	0.805523176070639	0	0	0	0	0	0	0	0	0	0	0	0	0	0	0	0	0	0	0	0	0	0	0	0	0	0	0	0	0
0	0	0	0	0	0	0	0	0	0.93843715284087	0	0	0	0	0	0	0	0	0	0	0	0	0	0	0	0	0	0	0	0	0	0	0	0	0	0	0	0	0	0	0	0	0	0	0	0	0	0	0	0	0	0	0	0	0	0	0	0	0	0	0	0	0	0	0	0	0	0	0	0	0	0	0	0	0	0	0	0.804351624164806	0	0	0	0	0	0.657600350552795	0	0	0	0	0	0
0	0	0	0	0	0	0	0.979755515430202	0	0	0	0	0	0	0	0	0	0.941072369119423	0	0	0	0	0	0	0	0	0	0	0	0	0	0	0	0	0	0	0	0	0	0	0	0	0	0	0	0	0	0	0	0	0	0	0	0	0	0	0	0.647432176395044	0	0	0	0	0	0	0	0	0	0	0	0	0	0	0	0	0	0	0	0	0	0	0	0	0	0	0	0	0	0	0	0
0	0	0	0	0	0	0	0	0	0	0	0	0.87190477188085	0	0.807984107712142	0	0.941072369119423	0	0	0	0	0	0	0	0	0	0	0	0	0	0	0	0	0	0	0	0	0	0	0	0	0	0	0	0	0	0	0	0	0	0	0	0	0	0	0	0	0	0.856045125054264	0	0	0	0	0	0	0	0	0	0	0	0	0	0	0	0	0	0.77069241894374	0	0	0	0	0	0	0	0	0	0	0	0	0
0	0	0	0	0	0	0	0	0	0	0	0	0	0	0	0	0	0	0	0	0	0	0	0	0	0	0	0	0.760904390627803	0	0	0	0	0	0	0	0	0	0	0	0	0	0	0	0	0	0	0	0	0	0	0	0	0	0	0	0	0	0	0	0	0	0	0	0	0	0	0	0	0	0	0	0	0.799856559416757	0	0	0	0	0	0	0	0	0	0	0	0	0	0	0	0
0	0	0.83422222920209	0	0	0	0	0	0.672907198341875	0	0	0	0	0	0	0	0	0	0	0	0	0	0	0	0	0	0	0	0	0	0	0	0	0	0	0	0	0	0	0	0	0	0	0	0	0	0	0	0	0	0	0	0	0	0	0	0.951024479260577	0	0	0	0	0	0	0	0	0	0	0	0	0	0	0	0	0	0	0	0	0	0	0	0	0	0	0	0	0	0	0	0	0
0	0.740934897563586	0	0	0	0	0	0	0	0	0	0	0	0	0	0	0	0	0	0	0	0	0	0	0	0	0	0	0	0	0	0	0	0	0	0	0	0	0	0	0	0	0	0	0	0	0	0	0	0	0	0	0	0	0	0	0	0	0	0	0	0	0	0	0	0	0	0	0	0	0	0	0	0.764900332375611	0	0	0	0	0	0	0	0	0	0	0	0	0	0	0	0
0	0.841690989803079	0	0	0	0	0	0	0	0	0	0	0	0	0	0	0	0	0	0	0	0	0	0.830997650015258	0	0	0	0	0	0	0	0	0	0	0	0	0	0.914766173231242	0	0	0	0	0	0	0	0	0	0	0	0	0	0	0	0	0	0	0	0	0	0	0	0	0	0	0	0	0	0	0.922539964984187	0	0	0	0	0	0	0	0	0	0	0	0	0	0	0	0	0	0	0	0	0
0	0	0	0	0	0	0	0	0	0	0	0	0	0	0	0	0	0	0	0	0	0	0	0	0	0	0	0	0	0	0.947242429197648	0	0	0	0	0	0	0	0.722453468812041	0	0	0	0	0	0	0	0	0	0	0	0	0	0	0.673682100407356	0	0	0	0	0	0	0	0	0	0	0.720277035445163	0	0.74283817271639	0	0	0	0	0	0	0	0	0	0	0	0	0	0	0	0	0	0	0	0	0	0	0
0	0	0	0	0	0	0	0	0	0	0	0	0	0	0	0	0	0	0	0	0	0.830997650015258	0	0	0	0	0	0	0	0	0	0	0	0	0	0	0	0.850051101975468	0	0	0	0	0	0	0.987263937575502	0.59294848746202	0	0	0	0	0	0	0	0	0	0	0	0	0	0	0	0	0	0	0	0	0	0	0	0	0	0	0	0	0	0	0	0	0	0	0	0	0	0	0	0	0	0	0	0
0	0	0	0	0	0	0	0	0	0.684141163949273	0	0	0	0.796594888977777	0	0	0	0	0	0	0	0	0	0	0	0	0	0	0	0	0	0	0	0	0	0	0	0	0	0	0	0	0	0	0	0	0	0	0	0	0	0	0	0	0	0	0	0	0	0	0	0	0	0	0	0	0	0	0	0	0	0	0	0	0	0.96471137445452	0	0	0	0	0	0	0	0	0	0	0	0	0.824256405822983	0
0	0	0	0	0	0	0	0	0	0	0	0	0	0	0	0	0	0	0	0	0	0	0	0	0	0	0	0	0	0	0	0	0	0.868081878795465	0	0	0	0	0	0	0	0	0	0	0	0	0	0	0	0	0	0	0	0	0.553754487429629	0	0	0	0	0	0	0	0	0.852621360285872	0	0	0	0	0	0	0.880842124297081	0	0	0	0	0	0	0	0	0	0	0	0	0	0	0	0	0	0	0
0	0	0	0	0	0	0	0	0	0	0	0	0.814658072417074	0	0	0	0	0	0	0	0	0	0	0	0	0	0	0	0	0	0	0	0	0	0	0	0	0	0	0	0.658877206298217	0	0	0	0	0	0	0	0	0	0	0	0	0	0	0	0	0	0	0	0	0	0	0	0	0	0	0	0	0	0	0	0.526141938898474	0	0	0	0	0	0	0	0	0	0	0	0	0	0	0	0	0
0	0	0	0	0	0	0	0	0	0	0	0	0	0	0	0	0	0	0	0	0	0	0	0	0	0	0	0	0	0	0.904200257062063	0	0	0	0	0	0	0	0	0	0	0	0	0	0	0	0	0.554620904821868	0	0	0	0	0	0.880661455589764	0	0	0	0	0	0	0	0	0	0	0	0	0	0	0	0	0	0	0	0	0	0	0	0	0	0	0	0	0	0	0	0	0	0	0	0
0	0	0	0	0	0	0	0	0	0	0	0	0	0	0	0	0	0	0.760904390627803	0	0	0	0	0	0	0	0	0	0	0.971955002452019	0	0	0	0	0	0	0	0	0	0	0	0	0	0	0	0	0	0	0	0	0.734137487506979	0	0	0	0	0	0	0	0	0	0	0	0	0	0	0.734202815654965	0	0	0	0	0	0	0	0	0	0	0	0	0	0	0	0	0	0	0	0	0	0	0	0
0	0	0	0	0	0	0	0	0	0	0	0	0	0	0	0	0	0	0	0	0	0	0	0	0	0	0	0	0.971955002452019	0	0	0	0	0	0	0	0	0	0	0	0	0	0	0.956744252270817	0	0	0	0	0	0	0	0	0	0	0	0	0	0	0	0	0	0	0	0	0	0	0	0	0	0	0	0	0	0	0	0	0	0	0	0	0	0	0	0	0	0	0	0	0.736045302300127	0
0	0	0	0	0	0	0	0	0	0	0	0	0	0	0	0	0	0	0	0	0	0	0.947242429197648	0	0	0	0	0.904200257062063	0	0	0	0	0.955770078027125	0	0	0	0	0	0	0	0	0	0	0	0	0	0.65223677610187	0	0	0	0	0	0	0	0	0	0	0	0	0	0	0	0	0	0	0	0	0	0	0	0	0	0	0	0	0	0	0	0	0	0	0	0	0.988678526878417	0	0	0	0	0	0
0	0	0	0	0	0	0	0	0	0	0	0	0	0	0	0	0	0	0	0	0	0	0	0	0	0	0	0	0	0	0	0	0	0	0	0	0	0.722106378185256	0	0	0	0	0	0	0	0	0	0	0	0	0	0	0	0	0	0	0	0	0	0	0	0	0	0	0	0	0	0	0	0	0	0	0	0	0	0	0	0	0	0	0	0	0	0	0	0	0	0	0	0.989571819779467
0.797609623464744	0	0	0	0	0	0	0	0	0	0	0	0	0	0	0	0	0	0	0	0	0	0	0	0	0	0	0	0	0	0.955770078027125	0	0	0.947770000944307	0	0	0	0	0	0	0	0	0	0	0	0	0	0	0	0	0	0	0	0	0	0	0	0	0	0	0	0	0	0	0	0	0	0	0	0	0	0	0	0	0	0	0	0	0	0	0	0	0	0	0	0	0	0	0	0
0	0	0	0	0	0	0	0	0	0	0	0	0	0	0	0	0	0	0	0	0	0	0	0	0	0.868081878795465	0	0	0	0	0	0	0.947770000944307	0	0	0	0	0	0	0.690196523198715	0	0.913999236518127	0	0	0	0	0	0	0	0	0	0	0	0	0	0	0	0	0	0	0	0	0	0	0	0	0	0	0	0	0	0	0	0	0	0	0	0	0	0.922142676305672	0	0	0.645444796631126	0	0	0	0	0	0	0
0.932824270400032	0	0	0	0	0	0	0	0	0	0	0	0	0	0	0	0	0	0	0	0	0	0	0	0	0	0	0	0	0	0	0	0	0	0	0	0	0	0	0	0	0	0	0	0	0	0	0	0	0	0	0	0	0	0	0	0	0	0	0	0	0.885022773826655	0	0	0	0	0	0	0	0	0	0	0	0	0	0	0	0	0	0	0	0	0	0	0	0	0	0	0.829517898259973	0
0	0	0	0	0	0	0	0	0	0	0	0	0	0	0	0	0	0	0	0	0	0	0	0	0	0	0	0	0	0	0	0	0	0	0	0	0	0	0.9376726477208	0.984192236514226	0	0	0	0.965612572466249	0	0	0	0	0	0	0	0	0	0	0.885986632048538	0	0	0	0	0	0	0	0	0	0	0.970378926382765	0	0	0	0	0	0	0	0	0	0	0	0	0	0	0	0	0	0	0	0	0	0	0	0
0	0	0	0	0	0	0	0	0	0	0	0	0	0	0	0	0	0	0	0	0	0	0	0	0	0	0	0	0	0	0	0	0	0	0	0	0	0	0	0	0	0	0	0	0	0	0	0	0	0.918678332859966	0	0	0	0	0	0.90920061836359	0.971076879735664	0	0	0	0	0	0	0	0	0	0	0	0	0	0	0	0	0	0	0	0	0	0	0	0	0	0	0	0	0	0	0	0	0
0	0	0	0	0	0	0	0	0	0	0	0	0	0	0	0	0	0	0	0	0	0.914766173231242	0	0.850051101975468	0	0	0	0	0	0	0	0.722106378185256	0	0	0	0	0	0	0	0	0	0	0	0	0	0.875397401649416	0	0	0	0	0	0	0	0	0	0	0	0	0	0	0	0	0	0	0	0	0	0	0	0	0	0	0	0	0	0	0	0	0	0	0	0	0	0	0	0	0	0	0	0
0	0	0	0	0	0	0	0	0	0	0	0	0	0	0.720858647581612	0	0	0	0	0	0	0	0.722453468812041	0	0	0	0	0	0	0	0	0	0	0	0	0.9376726477208	0	0	0	0	0	0	0	0	0.760337866583365	0	0	0	0	0	0	0	0	0	0	0	0	0	0	0	0	0	0	0	0	0	0	0	0	0	0	0	0	0	0	0	0	0	0	0	0	0	0	0	0	0	0	0	0	0
0	0	0	0	0	0	0	0	0	0	0	0	0	0	0	0	0	0	0	0	0	0	0	0	0	0	0	0	0	0	0	0	0	0.690196523198715	0	0.984192236514226	0	0	0	0	0	0	0	0	0	0	0	0	0	0	0	0	0	0	0	0	0	0	0	0	0	0	0	0	0	0	0	0	0	0.732478606030092	0	0	0	0	0	0	0	0	0	0	0	0	0	0	0	0.864964996838286	0	0	0	0
0	0	0	0	0	0.811885012323343	0	0	0	0	0.867034541967805	0	0	0.993998974484668	0	0	0	0	0	0	0	0	0	0	0	0	0.658877206298217	0	0	0	0	0	0	0	0	0	0	0	0	0	0	0	0.598892105974187	0	0	0	0	0	0	0	0	0.620787256944225	0	0	0	0	0	0	0	0	0	0	0	0.703738814807696	0	0	0	0	0	0	0	0	0	0	0	0	0	0	0	0	0	0	0	0	0	0	0	0	0	0
0	0	0	0	0	0	0	0	0	0	0	0	0	0.728376877834384	0	0	0	0	0	0	0	0	0	0	0	0	0	0	0	0	0	0	0	0.913999236518127	0	0	0	0	0	0	0	0	0	0	0	0	0	0	0	0	0	0	0	0	0	0	0	0	0	0	0	0	0	0	0	0	0	0	0	0	0	0	0	0	0	0	0	0	0	0	0	0	0	0	0	0	0	0	0	0
0	0	0	0	0	0	0	0	0	0	0	0	0	0	0	0	0	0	0	0	0	0	0	0	0	0	0	0	0	0	0	0	0	0	0	0	0	0	0	0	0.598892105974187	0	0	0	0	0	0	0	0	0	0.728407793451483	0	0	0	0	0	0	0	0	0	0	0	0	0	0	0	0	0	0	0	0	0	0	0	0	0	0	0	0	0	0.930042863061425	0	0	0.78568445428641	0	0	0	0	0	0
0	0	0	0	0	0	0	0	0	0	0	0	0	0	0	0	0	0	0	0	0	0	0	0	0	0	0	0	0	0.956744252270817	0	0	0	0	0	0.965612572466249	0	0	0	0	0	0	0	0	0.83784398524784	0	0	0	0	0	0	0	0	0	0	0	0	0	0	0	0	0	0	0	0	0	0	0	0	0	0	0	0	0	0	0	0	0	0	0	0	0.682003740949928	0	0	0	0	0	0	0	0.985955473566471
0	0	0	0	0	0	0	0	0	0	0	0	0	0	0	0	0	0	0	0	0	0	0	0.987263937575502	0	0	0	0	0	0	0	0	0	0	0	0	0	0	0.760337866583365	0	0	0	0	0.83784398524784	0	0.702707261402719	0	0	0	0	0	0	0	0	0	0	0	0	0	0	0	0	0	0	0	0	0	0	0	0	0	0	0	0	0	0	0	0	0	0	0	0	0	0	0	0	0	0	0	0
0	0	0	0	0	0	0	0	0	0	0	0	0	0	0	0	0	0	0	0	0	0	0	0.59294848746202	0	0	0	0	0	0	0	0	0	0	0	0	0	0.875397401649416	0	0	0	0	0	0	0.702707261402719	0	0	0.997153300076381	0	0	0	0	0	0	0	0	0	0	0	0	0	0	0	0	0	0	0	0	0	0	0	0	0	0	0	0	0	0	0	0	0	0	0	0	0	0	0	0	0	0
0	0	0	0	0	0	0	0	0	0.926196466402856	0	0	0.93664887454128	0	0	0	0	0	0	0	0	0	0	0	0	0	0	0	0	0	0.65223677610187	0	0	0	0	0	0	0	0	0	0	0	0	0	0	0	0	0	0	0	0	0	0	0	0	0	0	0	0	0	0	0	0	0	0.586520099005011	0	0	0	0	0	0	0	0	0	0	0	0	0	0	0	0	0	0	0	0	0	0	0	0	0
0	0	0	0	0	0	0	0	0	0	0.990308236297299	0	0	0	0	0	0	0	0	0	0	0	0	0	0	0	0	0.554620904821868	0	0	0	0	0	0	0	0	0	0	0	0	0	0	0	0	0	0.997153300076381	0	0	0	0	0.645261035137471	0	0	0	0	0	0	0	0	0	0	0	0	0	0	0	0	0	0	0	0	0	0	0.780221120777022	0	0	0	0	0	0	0	0	0	0	0	0	0	0.827586063301514	0	0
0	0	0	0	0	0	0	0	0	0.862213332283656	0	0	0	0	0	0	0	0	0	0	0	0	0	0	0	0	0	0	0	0	0	0	0	0	0	0	0	0	0	0	0	0	0	0	0	0	0	0	0	0	0	0	0	0	0	0	0	0	0	0	0	0	0	0	0	0	0	0	0	0	0	0	0	0	0	0	0	0	0	0	0	0	0.820455361547102	0	0	0	0	0	0	0
0	0	0	0	0	0	0	0	0	0	0	0	0	0	0	0	0	0	0	0	0	0	0	0	0	0	0	0	0	0	0	0	0	0	0	0	0.918678332859966	0	0	0	0	0	0	0	0	0	0	0	0	0	0	0	0	0	0	0	0	0.774539146025597	0	0	0	0.669204179670533	0	0	0	0	0	0	0	0	0	0	0	0	0	0	0	0.898376595910079	0	0	0	0	0	0	0	0	0	0.870861656718416	0	0
0	0	0	0	0	0	0	0	0	0	0	0	0	0	0	0	0	0	0	0	0	0	0	0	0	0	0	0	0.734137487506979	0	0	0	0	0	0	0	0	0	0	0	0	0	0.728407793451483	0	0	0	0	0.645261035137471	0	0	0	0	0	0	0	0	0	0	0	0.841173990652024	0	0	0	0	0	0	0	0.777468350155847	0	0	0	0	0	0	0	0	0	0	0	0	0	0	0	0.88950446588467	0	0	0	0	0	0
0	0	0	0	0	0	0	0	0	0	0	0	0	0	0	0	0	0	0	0	0	0	0	0	0	0	0	0	0	0	0	0	0	0	0	0	0	0	0	0	0.620787256944225	0	0	0	0	0	0	0	0	0	0	0	0.865428235269582	0	0	0	0	0	0	0	0	0	0	0	0	0	0	0	0	0	0	0	0	0	0	0	0	0	0	0	0	0	0	0	0	0	0	0	0	0
0	0	0	0	0	0	0	0	0	0	0	0	0	0	0	0	0	0	0	0	0	0	0	0	0	0	0	0	0	0	0	0	0	0	0	0	0	0	0	0	0	0	0	0	0	0	0	0	0	0	0	0.865428235269582	0	0	0	0	0	0	0	0	0	0	0	0	0	0	0	0	0	0	0	0	0	0	0	0	0	0	0	0	0	0.921250073858352	0	0	0	0	0	0	0	0.58558301343787
0	0	0	0	0	0	0	0.951030242194216	0	0	0	0	0	0	0	0	0	0	0	0	0	0	0.673682100407356	0	0	0	0	0.880661455589764	0	0	0	0	0	0	0	0	0	0	0	0	0	0	0	0	0	0	0	0	0	0	0	0	0	0	0	0	0	0	0	0	0	0	0	0	0	0	0	0	0	0	0	0	0	0	0	0	0.944293561262163	0.669542281971899	0	0	0	0	0	0	0	0	0	0	0	0
0	0	0	0	0	0	0	0	0	0	0	0	0	0	0	0	0	0	0	0	0	0	0	0	0	0.553754487429629	0	0	0	0	0	0	0	0	0	0.885986632048538	0	0	0	0	0	0	0	0	0	0	0	0	0	0	0	0	0	0	0	0	0.960051006611807	0	0	0	0	0	0	0	0	0	0	0	0.854472321409752	0	0	0	0	0	0	0	0	0	0	0	0	0	0	0	0	0	0	0	0	0
0	0	0	0	0	0	0	0	0	0.868117100232202	0	0	0	0	0	0	0	0	0	0	0	0	0	0	0	0	0	0	0	0	0	0	0	0	0	0	0.90920061836359	0	0	0	0	0	0	0	0	0	0	0	0	0	0	0	0	0	0	0	0.989280666245143	0	0	0	0	0	0	0	0	0	0	0	0	0	0	0	0	0	0	0	0	0	0	0	0	0	0	0	0	0	0	0	0	0
0	0	0	0	0	0	0	0.663723481918754	0	0	0	0	0	0	0	0	0	0	0	0.951024479260577	0	0	0	0	0	0	0	0	0	0	0	0	0	0	0	0	0.971076879735664	0	0	0	0	0	0	0	0	0	0	0	0	0	0	0	0	0	0.960051006611807	0.989280666245143	0	0	0.850475347589039	0	0	0	0	0	0	0	0	0	0	0	0	0	0	0	0	0	0	0	0	0	0	0	0	0	0	0	0	0	0	0
0	0	0	0	0	0	0	0	0	0	0	0	0	0	0	0	0.647432176395044	0	0	0	0	0	0	0	0	0	0	0	0	0	0	0	0	0	0	0	0	0	0	0	0	0	0	0	0	0	0	0	0	0.774539146025597	0	0	0	0	0	0	0	0	0	0	0	0	0	0	0	0	0	0	0	0	0	0	0	0	0	0.768326796849923	0	0	0	0	0	0	0	0	0	0	0	0	0	0
0	0	0	0	0	0	0	0	0	0	0	0	0	0	0	0	0	0.856045125054264	0	0	0	0	0	0	0	0	0	0	0	0	0	0	0	0	0	0	0	0	0	0	0	0	0	0	0	0	0	0	0	0	0	0	0	0	0	0	0.850475347589039	0	0	0	0.966267345456192	0	0	0	0	0	0	0	0	0	0	0	0	0	0	0	0	0	0	0	0	0	0	0	0	0	0	0	0	0
0	0	0	0	0	0	0	0	0	0	0	0	0	0	0	0	0	0	0	0	0	0	0	0	0	0	0	0	0	0	0	0	0	0	0	0	0	0	0	0	0	0	0	0	0	0	0	0	0	0	0.841173990652024	0	0	0	0	0	0	0	0	0	0	0	0	0	0	0	0	0	0	0	0	0	0	0	0	0	0	0	0	0	0.822567135395838	0	0	0	0	0	0	0	0	0
0	0	0	0	0	0	0	0	0	0	0	0	0	0	0.805523176070639	0	0	0	0	0	0	0	0	0	0	0	0	0	0	0	0	0	0	0	0	0	0	0	0	0	0	0	0	0	0	0	0	0	0	0	0	0	0	0	0	0	0	0	0.966267345456192	0	0	0	0	0	0	0	0	0	0	0	0	0	0	0	0	0	0	0	0	0.752837149298173	0	0	0	0	0	0	0	0	0	0
0	0	0	0	0	0	0	0	0	0	0	0	0	0	0	0	0	0	0	0	0	0	0	0	0	0	0	0	0	0	0	0	0	0	0.885022773826655	0	0	0	0	0	0	0	0	0	0	0	0	0	0	0.669204179670533	0	0	0	0	0	0	0	0	0	0	0	0	0.809608770477088	0	0	0	0	0	0	0	0	0	0	0	0	0	0	0	0	0	0	0	0	0	0	0	0	0	0	0
0.948229149026255	0	0	0	0	0	0	0	0	0	0	0	0	0	0	0	0	0	0	0	0	0	0	0	0	0	0	0	0	0	0	0	0	0	0	0	0	0	0	0	0	0	0	0	0	0	0	0	0	0	0	0	0	0	0	0	0	0	0	0	0	0.809608770477088	0	0.940054421942009	0	0	0	0	0	0	0	0	0.894260152511888	0	0	0	0	0	0	0	0	0	0	0	0	0	0	0	0	0
0	0	0	0	0	0	0	0	0	0	0	0	0	0.829769735534808	0	0	0	0	0	0	0	0	0	0	0	0.852621360285872	0	0	0	0	0	0	0	0	0	0	0	0	0	0	0.703738814807696	0	0	0	0	0	0	0	0	0	0	0	0	0	0	0	0	0	0	0	0	0	0.940054421942009	0	0	0.890462194663164	0	0	0	0	0	0	0	0	0	0	0	0	0	0	0	0	0	0	0	0	0	0	0	0
0	0	0	0	0	0	0	0	0	0	0	0	0	0	0	0	0	0	0	0	0	0	0.720277035445163	0	0	0	0	0	0	0	0	0	0	0	0	0	0	0	0	0	0	0	0	0	0	0	0.586520099005011	0	0	0	0	0	0	0	0	0	0	0	0	0	0	0	0	0	0	0	0	0	0	0	0	0	0	0	0	0	0.910152810881382	0	0	0	0	0	0	0	0	0	0	0	0	0
0	0	0	0	0	0	0	0	0	0	0	0	0	0	0	0	0	0	0	0	0	0	0	0	0	0	0	0	0.734202815654965	0	0	0	0	0	0	0.970378926382765	0	0	0	0	0	0	0	0	0	0	0	0	0	0	0	0	0	0	0	0	0	0	0	0	0	0	0	0.890462194663164	0	0	0	0.761111761250003	0	0	0	0	0	0	0	0	0	0	0	0.720538511966452	0	0	0	0	0	0	0	0	0	0
0	0	0	0	0	0	0	0	0	0	0	0	0	0	0	0	0	0	0	0	0	0	0.74283817271639	0	0	0	0	0	0	0	0	0	0	0	0	0	0	0	0	0	0	0	0	0	0	0	0	0	0	0	0	0	0	0	0	0	0	0	0	0	0	0	0	0	0	0	0	0	0	0	0	0	0	0	0	0	0.92954485348119	0	0	0	0	0.767885519986548	0	0	0	0	0	0	0	0
0	0	0	0	0	0	0	0	0	0	0	0	0	0	0	0	0	0	0	0	0	0	0	0	0	0	0	0	0	0	0	0	0	0	0	0	0	0	0	0	0	0	0	0	0	0	0	0	0	0	0.777468350155847	0	0	0	0	0	0	0	0	0	0	0	0	0	0	0.761111761250003	0	0	0.644236763081071	0	0	0	0	0	0	0	0	0	0.898213233037748	0	0	0	0	0	0	0	0	0	0	0
0	0	0	0	0	0	0	0	0.715811768488239	0	0	0	0	0	0	0	0	0	0	0	0	0.922539964984187	0	0	0	0	0	0	0	0	0	0	0	0	0	0	0	0	0	0	0	0	0	0	0	0	0	0	0	0	0	0	0	0	0.854472321409752	0	0	0	0	0	0	0	0	0	0	0	0	0.644236763081071	0	0	0	0	0	0	0	0	0	0	0	0	0	0	0	0	0	0	0	0	0	0
0	0	0	0	0	0	0	0	0	0	0	0	0	0	0	0	0	0	0	0	0	0	0	0	0	0	0	0	0	0	0	0	0	0	0	0	0	0	0	0.732478606030092	0	0	0	0	0	0	0	0	0	0	0	0	0	0	0	0	0	0	0	0	0	0	0	0	0	0	0	0	0	0	0.998113699957132	0	0	0	0	0	0	0	0	0	0	0	0	0	0	0	0	0	0	0
0	0	0	0	0	0	0.9036217199819	0	0	0	0	0	0	0	0	0	0	0	0	0	0	0	0	0	0	0.880842124297081	0	0	0	0	0	0	0	0	0	0	0	0	0	0	0	0	0	0	0	0	0	0	0	0	0	0	0	0	0	0	0	0	0	0	0	0	0	0	0	0	0	0	0	0.998113699957132	0	0.775673950013972	0	0.923993337312847	0	0	0.831776391583401	0	0	0	0.935621139626681	0	0	0	0.990113300283017	0	0	0	0	0
0	0	0	0	0	0	0	0	0.669005252392677	0	0	0	0	0	0	0	0	0	0	0	0	0	0	0	0	0	0	0	0	0	0	0	0	0	0	0	0	0	0	0	0	0	0	0	0	0	0	0	0	0	0	0	0	0	0	0	0	0	0	0	0	0	0	0	0	0	0	0	0	0	0.775673950013972	0	0	0	0	0.937135355533846	0	0	0	0	0	0	0	0	0	0	0	0	0	0
0	0.843834360418826	0	0	0	0	0	0	0	0	0	0	0	0	0	0	0	0	0	0	0	0	0	0	0	0	0.526141938898474	0	0	0	0	0	0	0	0	0	0	0	0	0	0	0	0	0	0	0	0	0	0	0	0	0	0	0	0	0	0	0	0	0	0	0	0.894260152511888	0	0	0	0	0	0	0	0	0	0	0	0	0	0	0	0	0	0	0	0	0	0	0	0	0.692924085103282	0	0
0	0	0	0	0	0	0	0	0	0	0	0.971233515074419	0	0	0	0	0	0	0.799856559416757	0	0.764900332375611	0	0	0	0	0	0	0	0	0	0	0	0	0	0	0	0	0	0	0	0	0	0	0	0	0	0	0.780221120777022	0	0	0	0	0	0	0	0	0	0	0	0	0	0	0	0	0	0	0	0	0	0	0.923993337312847	0	0	0	0	0	0	0	0	0	0	0	0	0	0.576946404780724	0	0	0	0	0
0	0	0	0	0	0	0	0	0	0	0	0	0	0.906718071429965	0	0	0	0	0	0	0	0	0	0	0	0	0	0	0	0	0	0	0	0	0	0	0	0	0	0	0	0	0	0	0	0	0	0	0	0	0	0	0	0	0	0	0	0	0	0	0	0	0	0	0	0	0	0	0	0	0	0	0	0	0	0.664787532040316	0	0.987479649238748	0	0	0	0	0	0	0	0	0	0	0	0
0	0	0	0	0	0	0	0	0	0	0	0	0	0	0	0	0	0	0	0	0	0	0	0	0.96471137445452	0	0	0	0	0	0	0	0	0	0	0	0	0	0	0	0	0	0	0	0	0	0	0	0	0	0	0	0	0	0	0	0	0.768326796849923	0	0	0	0	0	0	0	0	0	0	0	0	0	0.937135355533846	0	0	0.664787532040316	0	0	0	0	0	0	0	0	0	0	0	0	0	0	0
0	0	0	0	0	0	0	0	0	0	0	0	0	0	0	0	0	0.77069241894374	0	0	0	0	0	0	0	0	0	0	0	0	0	0	0	0	0	0	0	0	0	0	0	0	0	0	0	0	0	0	0	0	0	0	0	0.944293561262163	0	0	0	0	0	0	0	0	0	0	0.910152810881382	0	0.92954485348119	0	0	0	0.831776391583401	0	0	0	0	0	0	0	0	0	0	0	0	0	0.809870480608883	0	0	0	0	0
0	0	0	0	0	0	0	0	0	0	0	0	0	0	0	0.804351624164806	0	0	0	0	0	0	0	0	0	0	0	0	0	0	0	0	0	0	0	0	0	0	0	0	0	0	0	0	0	0	0	0	0	0.898376595910079	0	0	0	0.669542281971899	0	0	0	0	0	0	0	0	0	0	0	0	0	0	0	0	0	0	0	0	0.987479649238748	0	0	0	0	0	0	0	0	0	0	0	0	0	0	0
0	0	0	0	0	0	0	0	0	0	0	0	0	0.957577838463931	0	0	0	0	0	0	0	0	0	0	0	0	0	0	0	0	0	0	0	0	0	0	0	0	0	0	0	0	0	0	0	0	0	0	0	0	0	0	0	0	0	0	0	0	0	0	0	0	0	0	0	0	0	0.898213233037748	0	0	0	0	0	0	0	0	0	0	0	0	0	0	0	0	0	0	0	0	0	0
0	0	0	0	0	0.906277729691826	0	0	0	0	0	0	0	0	0	0	0	0	0	0	0	0	0	0	0	0	0	0	0	0	0	0	0	0.922142676305672	0	0	0	0	0	0	0	0	0	0	0	0	0	0	0	0	0	0	0	0	0	0	0	0	0	0	0.752837149298173	0	0	0	0	0.720538511966452	0	0	0	0	0	0	0	0	0	0	0	0	0	0	0	0	0	0	0	0	0	0	0	0
0	0	0	0	0	0	0	0	0	0	0	0	0	0	0	0	0	0	0	0	0	0	0	0	0	0	0	0	0	0	0	0	0	0	0	0	0	0	0	0	0	0	0.930042863061425	0	0	0	0	0	0	0	0	0	0	0	0	0	0	0	0	0.822567135395838	0	0	0	0	0	0	0	0	0	0	0.935621139626681	0	0	0	0	0	0	0	0	0	0	0	0.874527412359766	0	0	0	0	0.862724941066282	0	0
0	0	0	0	0	0	0	0	0	0	0	0	0	0	0	0	0	0	0	0	0	0	0	0	0	0	0	0	0	0	0	0	0	0	0	0	0	0	0	0	0	0	0	0.682003740949928	0	0	0	0	0	0	0	0	0.921250073858352	0	0	0	0	0	0	0	0	0	0	0	0	0	0.767885519986548	0	0	0	0	0	0	0	0	0	0	0	0	0	0	0	0	0	0	0	0	0	0	0
0.938515142890163	0	0	0	0	0	0	0	0	0	0	0	0	0	0	0	0	0	0	0	0	0	0	0	0	0	0	0	0	0	0	0	0	0.645444796631126	0	0	0	0	0	0	0	0	0	0	0	0	0	0	0.820455361547102	0	0	0	0	0	0	0	0	0	0	0	0	0	0	0	0	0	0	0	0	0	0	0	0	0	0	0	0	0	0	0	0.874527412359766	0	0	0	0.88427653503762	0	0	0	0	0
0	0	0	0	0	0	0	0	0.821662083024143	0	0	0	0	0	0	0.657600350552795	0	0	0	0	0	0	0	0	0	0	0	0	0	0	0.988678526878417	0	0	0	0	0	0	0	0	0	0	0	0.78568445428641	0	0	0	0	0	0	0	0.88950446588467	0	0	0	0	0	0	0	0	0	0	0	0	0	0	0	0	0	0	0	0	0	0	0	0	0	0	0	0	0	0	0	0	0	0	0	0	0	0	0
0	0	0	0	0	0	0.711091426831487	0	0	0	0	0	0	0	0	0	0	0	0	0	0	0	0	0	0	0	0	0	0	0	0	0	0	0	0	0	0	0	0	0	0	0	0	0	0	0	0	0	0	0	0	0	0	0	0	0	0	0	0	0	0	0	0	0	0	0	0	0	0	0	0.990113300283017	0	0	0.576946404780724	0	0	0.809870480608883	0	0	0	0	0	0.88427653503762	0	0	0	0.94082246111536	0	0	0
0	0	0	0	0	0	0	0	0	0	0	0	0.894216625115998	0	0	0	0	0	0	0	0	0	0	0	0	0	0	0	0	0	0	0	0	0	0	0	0	0	0	0.864964996838286	0	0	0	0	0	0	0	0	0	0	0	0	0	0	0	0	0	0	0	0	0	0	0	0	0	0	0	0	0	0	0	0	0	0	0	0	0	0	0	0	0	0	0	0	0	0	0	0	0.993222086786144	0
0	0	0	0.772792225006499	0	0	0	0	0	0	0	0	0	0	0	0	0	0	0	0	0	0	0	0	0	0	0	0	0	0	0	0	0	0	0	0	0	0	0	0	0	0	0	0	0	0	0	0	0	0	0	0	0	0	0	0	0	0	0	0	0	0	0	0	0	0	0	0	0	0	0	0	0	0	0	0	0	0	0	0	0	0	0	0	0.94082246111536	0	0	0.615895757791994	0	0.925506819237756
0	0	0	0.901237191652677	0	0	0	0	0	0	0	0.575409423604259	0	0	0	0	0	0	0	0	0	0	0	0	0	0	0	0	0	0	0	0	0	0	0	0	0	0	0	0	0	0	0	0	0	0	0	0.827586063301514	0	0.870861656718416	0	0	0	0	0	0	0	0	0	0	0	0	0	0	0	0	0	0	0	0	0	0	0.692924085103282	0	0	0	0	0	0	0	0.862724941066282	0	0	0	0	0	0.615895757791994	0	0	0
0	0	0.93483886951411	0.940884476239403	0	0	0	0	0	0	0	0	0	0	0	0	0	0	0	0	0	0	0	0	0.824256405822983	0	0	0	0	0.736045302300127	0	0	0	0	0.829517898259973	0	0	0	0	0	0	0	0	0	0	0	0	0	0	0	0	0	0	0	0	0	0	0	0	0	0	0	0	0	0	0	0	0	0	0	0	0	0	0	0	0	0	0	0	0	0	0	0	0	0	0.993222086786144	0	0	0	0.937140405243908
0	0	0	0	0.725865083240266	0	0	0	0	0	0	0	0	0	0	0	0	0	0	0	0	0	0	0	0	0	0	0	0	0	0	0.989571819779467	0	0	0	0	0	0	0	0	0	0	0	0.985955473566471	0	0	0	0	0	0	0	0	0.58558301343787	0	0	0	0	0	0	0	0	0	0	0	0	0	0	0	0	0	0	0	0	0	0	0	0	0	0	0	0	0	0	0	0	0	0.925506819237756	0	0.937140405243908	0
