0	0	0.755617819505648	0	0	0	0	0	0	0	0	0	0	0	0	0	0	0	0	0	0	0	0	0	0	0	0	0	0	0	0	0	0	0	0	0	0	0	0	0	0	0	0	0	0	0	0	0	0	0	0	0	0	0	0	0	0	0	0	0	0	0	0	0	0	0	0	0	0.962609402449079	0	0	0	0	0	0	0	0	0	0	0	0	0	0	0	0	0	0	0	0.803673855594351	0
0	0	0.97501409755149	0	0	0	0	0	0	0	0	0	0	0	0	0	0	0	0	0	0	0	0	0	0.612585260925255	0	0	0	0	0	0	0	0	0	0	0.796580126042025	0	0	0	0	0	0	0	0	0	0	0.923839580072869	0	0	0	0	0	0	0	0	0	0	0	0	0	0	0.936834912806076	0	0	0	0	0	0	0	0	0	0	0	0	0	0	0	0	0.621250032211083	0	0	0.638773057505596	0	0	0	0	0	0	0	0
0.755617819505648	0.97501409755149	0	0	0	0	0	0	0.840208580063291	0.85438921346203	0	0	0	0	0	0	0	0	0	0	0	0	0	0	0	0	0	0	0	0	0	0	0	0	0	0	0	0	0.985652908712008	0	0	0	0	0	0	0	0	0	0	0	0	0	0	0.665280399242146	0	0	0	0	0	0	0	0	0	0	0	0	0	0	0	0	0	0	0	0	0	0	0	0.974454746238802	0	0	0	0	0	0	0	0	0	0	0	0
0	0	0	0	0	0	0	0	0	0	0	0	0	0	0	0	0	0	0	0	0	0	0	0	0	0	0	0.603022755213294	0	0	0	0	0	0	0	0	0	0	0	0	0	0	0	0	0	0	0	0	0	0	0	0	0	0	0	0	0	0	0	0	0	0	0	0	0	0	0.668777626322723	0	0	0.983293155037958	0	0	0	0	0	0	0	0	0	0	0	0	0	0	0	0	0	0	0	0
0	0	0	0	0	0	0	0	0	0	0	0	0	0	0	0	0	0	0	0	0	0	0	0	0	0	0	0	0	0	0	0	0	0	0.982606755753164	0	0	0	0	0.990402211467962	0	0	0	0	0	0	0	0	0.72510601481173	0	0	0	0	0	0	0	0	0	0	0	0	0	0	0	0	0	0	0.857545268454996	0	0	0	0	0	0	0	0.641699871129715	0	0	0	0	0	0	0	0	0	0	0	0	0	0
0	0	0	0	0	0	0.642106242974019	0	0	0	0	0	0	0	0	0	0	0	0	0	0	0	0	0	0	0	0	0	0	0	0	0.844183877060394	0	0	0	0	0	0	0	0	0	0.997171714809581	0	0	0	0	0	0.9426549813167	0	0	0	0	0	0	0	0	0	0	0	0	0	0	0	0	0	0	0	0	0	0	0	0	0	0	0	0	0	0	0	0	0	0	0	0	0	0	0	0	0	0
0	0	0	0	0	0.642106242974019	0	0.927509144788163	0	0	0	0	0	0	0	0	0	0	0	0	0	0	0	0	0	0	0	0	0	0	0	0	0	0	0	0	0	0	0	0	0	0	0	0	0	0	0	0	0	0	0	0	0	0	0	0	0	0	0	0	0	0	0	0	0	0	0.905882250187016	0	0	0	0	0	0	0	0.684349564754219	0.790605983167736	0	0	0	0	0	0	0	0	0	0	0	0	0	0
0	0	0	0	0	0	0.927509144788163	0	0.925498749930228	0	0	0	0	0	0	0	0	0	0	0	0	0	0	0	0	0	0	0.694526061938503	0	0	0	0	0	0	0	0	0	0	0	0	0	0	0	0	0	0.819009290279414	0	0	0	0	0	0	0	0	0	0	0	0	0	0	0	0	0	0	0	0	0	0	0	0	0	0	0	0	0	0	0	0	0	0	0	0	0	0	0	0	0	0	0	0
0	0	0.840208580063291	0	0	0	0	0.925498749930228	0	0.951243860551908	0	0	0.856059976519659	0	0	0	0	0	0	0	0	0	0	0	0	0	0	0	0	0	0	0	0	0	0	0	0	0	0	0	0	0	0	0	0	0	0	0	0	0	0	0	0	0	0	0	0	0	0	0	0	0	0	0	0	0	0	0	0	0	0	0	0	0	0	0	0	0	0	0	0	0.984224290863089	0	0.865488198163495	0	0	0	0	0	0
0	0	0.85438921346203	0	0	0	0	0	0.951243860551908	0	0	0	0	0	0	0	0	0	0	0	0	0	0	0	0	0	0	0	0	0	0	0	0	0	0	0	0	0	0	0	0.999389022440896	0	0	0	0	0	0	0	0	0	0	0	0	0	0	0	0	0	0	0	0	0	0	0	0	0	0	0	0	0	0	0.961219368018445	0	0	0	0	0.960426029210846	0	0	0	0	0	0	0	0	0	0	0	0	0
0	0	0	0	0	0	0	0	0	0	0	0	0	0	0	0	0	0	0	0	0	0	0	0	0	0	0	0	0	0	0	0	0	0	0	0	0	0	0.903173952453171	0	0	0	0	0	0	0	0	0	0	0	0	0	0	0	0	0	0	0	0	0	0	0	0	0	0	0	0	0	0	0	0.749178386487889	0	0	0	0	0	0	0	0	0	0	0	0	0	0	0	0	0	0	0
0	0	0	0	0	0	0	0	0	0	0	0	0.862617379771951	0	0	0	0	0	0	0	0	0	0	0	0	0.824114526087175	0	0	0	0	0	0	0	0	0	0	0	0	0	0	0	0	0	0	0	0	0	0	0	0	0	0	0	0	0	0	0	0	0	0	0	0	0	0	0	0	0	0	0	0	0	0	0	0	0	0	0	0	0	0	0	0	0	0	0	0	0	0	0.8425458820202	0
0	0	0	0	0	0	0	0	0.856059976519659	0	0	0.862617379771951	0	0	0.7086819415629	0	0	0	0	0	0	0	0	0	0	0	0	0	0	0	0	0	0	0	0	0	0	0.951834694335278	0	0	0	0	0	0	0	0	0	0.966398442201128	0	0	0	0	0	0	0	0	0	0	0	0	0	0	0	0	0	0	0	0	0	0	0	0	0	0	0	0	0	0	0	0	0	0	0	0.978764805955201	0	0	0	0	0	0
0	0	0	0	0	0	0	0	0	0	0	0	0	0	0	0	0	0	0	0	0	0.942206541384705	0	0	0	0	0	0	0	0	0	0	0	0	0	0	0	0	0	0	0	0	0	0	0	0	0	0	0	0	0	0	0	0	0	0	0	0	0	0	0	0	0	0	0	0	0	0	0	0	0	0	0	0	0	0.810178040782991	0	0	0	0	0	0	0	0	0	0	0	0	0	0
0	0	0	0	0	0	0	0	0	0	0	0	0.7086819415629	0	0	0	0	0	0.799692432624013	0	0	0	0	0	0	0	0	0	0	0	0	0	0	0	0	0	0	0	0	0	0	0	0	0	0	0	0	0	0	0	0	0	0	0	0	0	0	0	0	0	0.852839826653919	0	0	0	0	0	0	0	0	0	0	0	0	0	0	0	0	0	0	0	0	0	0	0	0	0	0	0	0	0
0	0	0	0	0	0	0	0	0	0	0	0	0	0	0	0	0	0	0	0	0.974194522422786	0	0	0	0	0	0	0	0	0.781817205763507	0	0	0	0	0	0	0	0.895061689378865	0	0	0	0	0	0	0	0	0.761481112133072	0	0	0	0	0	0	0	0	0	0	0	0	0	0	0	0	0	0	0	0	0	0	0	0	0	0	0	0	0	0	0	0	0	0	0	0	0	0	0	0	0	0	0
0	0	0	0	0	0	0	0	0	0	0	0	0	0	0	0	0	0.805753034049854	0	0	0.717676383469505	0	0	0	0	0	0	0	0	0	0	0	0	0	0	0	0	0	0	0	0	0	0	0	0	0	0	0	0	0	0	0	0	0	0	0	0	0	0	0	0	0	0	0	0	0.944527064704777	0	0	0	0	0	0	0	0	0	0	0	0	0	0	0	0.999912499004116	0.779611302185897	0	0	0	0	0	0	0
0	0	0	0	0	0	0	0	0	0	0	0	0	0	0	0	0.805753034049854	0	0	0.842058090482479	0	0	0	0	0	0	0	0	0	0	0	0	0	0	0	0	0	0	0	0	0	0	0	0	0	0	0	0	0	0	0	0	0.948349590457974	0	0	0	0	0	0	0	0	0	0	0	0	0	0	0	0	0	0	0	0	0	0	0	0	0	0	0	0	0	0	0	0	0	0	0	0	0
0	0	0	0	0	0	0	0	0	0	0	0	0	0	0.799692432624013	0	0	0	0	0	0.893050665775548	0.746741139189602	0.713882649159492	0.768558023289545	0	0	0	0	0	0	0	0	0	0	0	0	0	0	0	0	0	0	0	0	0	0	0	0	0	0	0	0	0	0	0	0	0	0	0	0.695505058007537	0	0	0	0.817606440202028	0	0	0	0	0	0	0	0	0	0	0	0	0	0	0	0	0	0	0	0	0	0	0	0	0	0
0	0	0	0	0	0	0	0	0	0	0	0	0	0	0	0	0	0.842058090482479	0	0	0	0	0	0	0	0	0	0	0	0	0	0	0	0	0	0	0	0.636081352259636	0	0	0	0	0	0	0	0	0	0	0	0	0	0	0	0	0	0	0	0	0	0	0	0	0	0	0	0	0.954693123289661	0	0	0	0	0	0	0	0	0	0	0	0	0	0.898338329458425	0	0	0	0	0	0	0	0	0
0	0	0	0	0	0	0	0	0	0	0	0	0	0	0	0.974194522422786	0.717676383469505	0	0.893050665775548	0	0	0	0	0	0	0	0	0	0	0	0	0	0	0	0	0	0	0	0	0	0	0	0	0	0	0.964921707790635	0	0	0	0	0	0	0	0	0	0	0	0	0	0	0	0	0.720241178384131	0	0	0	0	0	0	0	0	0	0	0	0	0	0	0	0.776136832869632	0	0	0	0	0	0	0	0	0	0	0
0	0	0	0	0	0	0	0	0	0	0	0	0	0.942206541384705	0	0	0	0	0.746741139189602	0	0	0	0	0	0	0	0	0	0	0	0	0	0	0	0	0	0	0	0	0	0	0	0	0	0	0	0	0	0	0	0	0	0	0	0	0	0	0	0	0	0	0	0	0	0	0	0	0	0	0	0	0.899660695165261	0	0	0	0	0	0	0	0	0	0	0	0	0	0	0.781208115878243	0	0	0
0	0	0	0	0	0	0	0	0	0	0	0	0	0	0	0	0	0	0.713882649159492	0	0	0	0	0.697714553281043	0	0	0	0	0	0	0	0	0	0	0	0	0	0	0	0	0	0	0	0	0	0	0	0	0	0	0	0	0	0	0	0	0	0	0	0	0	0	0	0	0	0	0	0	0	0	0	0	0	0	0	0	0	0	0	0	0	0	0	0	0	0	0	0	0	0
0	0	0	0	0	0	0	0	0	0	0	0	0	0	0	0	0	0	0.768558023289545	0	0	0	0.697714553281043	0	0	0.603932290095363	0	0	0	0	0	0	0	0	0	0	0	0	0	0	0	0	0	0.680584318225837	0	0	0	0	0	0	0	0	0	0	0	0	0	0	0	0	0	0	0	0	0	0	0	0	0	0	0	0	0	0	0	0	0	0	0	0	0	0	0	0	0	0	0	0	0	0
0	0.612585260925255	0	0	0	0	0	0	0	0	0	0	0	0	0	0	0	0	0	0	0	0	0	0	0	0	0	0	0	0	0	0	0	0	0	0	0	0	0	0	0	0	0.928356500952579	0	0	0	0	0	0	0	0	0.638875387296834	0	0	0	0	0	0.901469590193502	0	0	0	0	0	0	0	0	0	0	0	0	0	0	0	0	0	0	0	0	0	0	0	0	0	0	0	0	0.913269092505923	0	0	0
0	0	0	0	0	0	0	0	0	0	0	0.824114526087175	0	0	0	0	0	0	0	0	0	0	0	0.603932290095363	0	0	0	0	0	0	0	0	0	0	0	0	0	0	0.896021548551873	0	0	0	0	0.608093700618753	0	0	0	0	0	0	0	0	0	0	0	0	0	0	0	0	0	0	0	0	0	0	0	0	0	0	0	0	0	0.886767831760734	0	0	0	0	0	0.930231941436639	0	0	0	0	0	0	0	0	0	0
0	0	0	0	0	0	0	0	0	0	0	0	0	0	0	0	0	0	0	0	0	0	0	0	0	0	0	0.996675009526883	0	0	0	0	0	0	0	0	0	0	0	0	0	0.990379822239916	0	0	0	0	0	0	0	0.881667479510119	0	0	0	0	0	0	0	0	0	0	0	0	0	0	0	0	0	0	0	0	0	0	0	0	0	0	0	0	0	0	0	0	0	0	0	0	0	0	0	0
0	0	0	0.603022755213294	0	0	0	0.694526061938503	0	0	0	0	0	0	0	0	0	0	0	0	0	0	0	0	0	0	0.996675009526883	0	0	0	0	0	0	0	0	0	0	0	0	0	0	0	0	0.705910592826656	0	0	0	0	0	0	0	0	0	0	0	0	0	0	0	0	0	0	0	0.836200314785688	0	0	0	0	0	0	0	0	0	0	0	0	0	0	0	0	0	0	0	0	0	0	0	0	0	0
0	0	0	0	0	0	0	0	0	0	0	0	0	0	0	0	0	0	0	0	0	0	0	0	0	0	0	0	0	0	0	0	0	0	0	0	0	0	0.950760319979738	0	0	0	0	0	0	0	0	0	0	0	0	0	0	0	0	0	0	0	0	0	0	0	0	0	0	0	0	0	0	0	0	0	0	0	0	0	0	0	0	0	0	0.626971144248184	0	0	0	0	0	0	0.918449352556393	0
0	0	0	0	0	0	0	0	0	0	0	0	0	0	0	0.781817205763507	0	0	0	0	0	0	0	0	0	0	0	0	0	0	0	0	0	0	0	0	0	0	0	0	0	0	0	0	0.932261684598082	0	0	0	0	0	0.966909682607272	0	0	0	0	0	0	0	0.897870200137094	0	0.751114584093321	0	0	0	0	0	0	0	0	0	0	0	0	0	0	0	0	0	0	0	0.865293195380259	0	0	0	0	0	0	0	0	0
0	0	0	0	0	0	0	0	0	0	0	0	0	0	0	0	0	0	0	0	0	0	0	0	0	0	0	0	0	0	0	0	0.943901429589399	0	0	0	0	0	0.833785647246086	0	0	0	0	0	0	0	0	0	0	0	0	0	0	0	0	0	0	0	0	0	0	0	0	0	0	0	0	0	0	0	0	0	0	0	0	0	0	0	0	0	0	0	0	0	0	0	0	0	0	0
0	0	0	0	0	0.844183877060394	0	0	0	0	0	0	0	0	0	0	0	0	0	0	0	0	0	0	0	0	0	0	0	0	0	0	0	0	0	0	0	0	0	0	0	0	0	0.599880743205582	0	0	0	0	0	0	0	0	0	0	0	0	0	0	0	0	0	0	0	0	0	0	0	0	0	0	0	0	0	0.98167158039278	0	0	0	0	0	0	0	0	0	0	0	0	0	0	0	0
0	0	0	0	0	0	0	0	0	0	0	0	0	0	0	0	0	0	0	0	0	0	0	0	0	0	0	0	0	0	0.943901429589399	0	0	0	0	0	0	0	0	0	0	0	0	0	0	0	0	0	0	0	0	0	0	0	0	0	0	0	0	0	0	0	0	0	0	0	0	0	0	0	0	0	0	0	0	0.800377795361524	0	0	0	0	0	0	0	0	0	0	0.557499275522732	0	0	0
0	0	0	0	0	0	0	0	0	0	0	0	0	0	0	0	0	0	0	0	0	0	0	0	0	0	0	0	0	0	0	0	0	0	0	0	0	0	0	0	0	0	0	0	0	0	0	0.987192632862121	0	0	0	0	0	0	0	0	0	0	0	0	0	0	0	0	0	0	0	0	0	0	0.944130526962433	0	0.893171835689095	0	0	0	0	0	0	0	0	0	0	0	0.939036763365926	0.863917471929577	0	0	0	0
0	0	0	0	0.982606755753164	0	0	0	0	0	0	0	0	0	0	0	0	0	0	0	0	0	0	0	0	0	0	0	0	0	0	0	0	0	0	0	0	0	0	0	0	0	0	0	0	0	0	0	0	0	0	0	0	0	0	0	0	0	0	0	0	0	0	0	0	0	0	0	0	0	0	0	0	0.864437954440082	0	0	0	0	0	0	0	0	0	0	0	0	0	0	0	0
0	0.796580126042025	0	0	0	0	0	0	0	0	0	0	0	0	0	0	0	0	0	0	0	0	0	0	0	0	0	0	0	0	0	0	0	0	0	0	0	0	0	0	0	0	0	0	0	0	0	0	0	0	0	0.771141887058368	0	0	0	0	0	0	0	0	0	0	0	0	0	0	0	0	0	0.992373490156247	0	0	0	0	0.721982770844316	0	0	0	0	0	0	0	0	0	0	0	0	0	0	0
0	0	0	0	0	0	0	0	0	0	0	0	0	0	0	0	0	0	0	0	0	0	0	0	0	0	0	0	0	0	0	0	0	0	0	0	0	0	0.958309896434767	0	0	0	0	0	0	0	0	0	0	0.735977314645921	0	0	0	0	0	0	0.691634094073415	0	0	0	0	0	0	0	0	0	0	0	0	0	0	0	0	0	0	0	0	0	0	0	0	0	0	0	0	0	0	0	0	0
0	0	0	0	0	0	0	0	0	0	0	0	0.951834694335278	0	0	0.895061689378865	0	0	0	0.636081352259636	0	0	0	0	0	0	0	0	0	0	0	0	0	0	0	0	0	0	0	0	0	0	0	0	0	0	0	0	0	0	0	0	0	0	0	0	0	0	0	0	0.71435470607864	0	0	0	0	0	0	0	0	0	0	0	0	0	0	0	0	0.694784052223793	0	0	0	0	0	0	0	0	0	0	0	0
0	0	0.985652908712008	0	0	0	0	0	0	0	0.903173952453171	0	0	0	0	0	0	0	0	0	0	0	0	0	0	0.896021548551873	0	0	0.950760319979738	0	0.833785647246086	0	0	0	0	0	0.958309896434767	0	0	0	0	0	0	0	0	0	0	0	0	0	0	0	0	0	0	0	0	0	0	0	0	0	0	0	0	0	0	0	0	0	0	0	0	0	0	0	0	0	0	0	0	0	0	0	0	0	0	0	0	0
0	0	0	0	0.990402211467962	0	0	0	0	0	0	0	0	0	0	0	0	0	0	0	0	0	0	0	0	0	0	0	0	0	0	0	0	0	0	0	0	0	0	0	0	0	0	0	0	0.686045817440711	0	0	0	0	0	0	0	0	0	0	0	0	0	0	0	0	0	0	0	0	0	0	0	0	0	0	0	0	0	0	0	0	0	0	0	0	0	0	0	0	0	0	0	0
0	0	0	0	0	0	0	0	0	0.999389022440896	0	0	0	0	0	0	0	0	0	0	0	0	0	0	0	0	0	0	0	0	0	0	0	0	0	0	0	0	0	0	0	0	0	0	0.901969108873705	0	0	0	0	0	0	0	0	0	0	0	0	0	0.614280974526135	0	0	0	0	0	0	0	0	0	0	0.652045375595301	0	0	0	0	0	0	0	0	0	0	0	0	0	0	0	0	0	0	0	0
0	0	0	0	0	0.997171714809581	0	0	0	0	0	0	0	0	0	0	0	0	0	0	0	0	0	0	0	0	0.990379822239916	0	0	0	0	0	0	0	0	0	0	0	0	0	0	0	0	0	0	0	0	0	0	0	0	0	0	0	0	0	0	0	0	0	0	0	0	0	0	0	0	0	0	0	0	0	0	0	0	0	0	0	0	0	0	0	0	0	0	0	0	0	0	0
0	0	0	0	0	0	0	0	0	0	0	0	0	0	0	0	0	0	0	0	0	0	0	0	0.928356500952579	0	0	0	0	0	0	0	0	0	0	0	0	0	0	0	0	0	0	0	0	0	0	0	0	0	0	0	0	0	0	0	0	0	0	0	0	0	0	0	0	0	0	0	0.79008653370281	0	0	0	0	0	0	0	0	0	0	0	0	0	0	0	0	0	0	0	0	0
0	0	0	0	0	0	0	0	0	0	0	0	0	0	0	0	0	0	0	0	0	0	0	0.680584318225837	0	0.608093700618753	0	0.705910592826656	0	0	0	0.599880743205582	0	0	0	0	0	0	0	0	0	0	0	0	0	0	0	0	0	0	0	0	0	0	0	0	0	0	0	0	0	0	0	0	0	0	0.827969567999719	0	0	0	0	0	0	0	0	0	0	0	0	0	0	0	0	0	0	0	0	0	0	0
0	0	0	0	0	0	0	0	0	0	0	0	0	0	0	0	0	0	0	0	0	0	0	0	0	0	0	0	0	0.932261684598082	0	0	0	0	0	0	0	0	0	0	0.901969108873705	0	0	0	0	0	0	0	0	0	0	0	0	0	0	0	0	0	0	0	0	0	0	0	0	0	0	0	0	0	0	0	0	0	0	0	0	0	0	0	0	0	0	0	0	0	0	0	0	0
0	0	0	0	0	0	0	0.819009290279414	0	0	0	0	0	0	0	0	0	0	0	0	0.964921707790635	0	0	0	0	0	0	0	0	0	0	0	0	0	0	0	0	0	0	0.686045817440711	0	0	0	0	0	0	0	0	0	0	0	0	0	0	0	0	0	0	0	0	0	0	0	0	0	0	0	0	0	0	0	0	0	0	0	0	0	0	0	0	0	0	0	0	0	0	0	0	0	0
0	0.923839580072869	0	0	0	0	0	0	0	0	0	0	0	0	0	0.761481112133072	0	0	0	0	0	0	0	0	0	0	0	0	0	0	0	0	0	0	0	0	0	0	0	0	0	0	0	0	0	0	0	0.833818463457438	0	0	0	0	0	0	0	0	0	0	0	0	0	0	0	0	0.917402651602857	0	0.872901061509015	0.826538490791399	0	0	0	0	0	0	0	0	0	0	0	0	0	0	0	0	0	0	0	0	0	0
0	0	0	0	0	0.9426549813167	0	0	0	0	0	0	0.966398442201128	0	0	0	0	0	0	0	0	0	0	0	0	0	0	0	0	0	0	0	0	0.987192632862121	0	0	0	0	0	0	0	0	0	0	0	0	0.833818463457438	0	0	0	0	0.74611298095318	0.814304664441744	0	0.843639737172379	0	0	0	0	0	0	0	0	0	0	0	0	0	0	0	0	0	0	0	0	0	0	0	0	0	0	0.646147570086974	0	0	0	0	0	0	0	0
0	0	0	0	0.72510601481173	0	0	0	0	0	0	0	0	0	0	0	0	0	0	0	0	0	0	0	0	0	0	0	0	0	0	0	0	0	0	0	0	0	0	0	0	0	0	0	0	0	0	0	0	0	0	0	0	0	0	0	0	0	0	0	0	0	0	0	0	0	0	0	0	0	0	0	0	0.912508934590371	0	0.686969891051448	0	0	0	0	0	0	0.706691819041527	0	0	0	0	0	0	0
0	0	0	0	0	0	0	0	0	0	0	0	0	0	0	0	0	0	0	0	0	0	0	0	0	0	0.881667479510119	0	0	0	0	0	0	0	0	0	0.735977314645921	0	0	0	0	0	0	0	0	0	0	0	0	0	0	0	0	0	0	0	0	0	0	0	0	0	0	0	0	0.604266686592628	0.746792020562259	0	0	0	0	0	0	0	0	0	0	0	0	0	0	0	0	0	0	0	0	0	0	0
0	0	0	0	0	0	0	0	0	0	0	0	0	0	0	0	0	0	0	0	0	0	0	0	0	0	0	0	0	0.966909682607272	0	0	0	0	0	0	0	0	0	0	0	0	0	0	0	0	0	0	0	0	0	0	0	0	0	0	0	0	0	0	0	0	0	0.993141874642058	0	0	0	0	0	0	0	0	0	0	0	0	0	0	0	0	0	0	0	0	0	0.926984463307462	0	0	0	0
0	0	0	0	0	0	0	0	0	0	0	0	0	0	0	0	0	0	0	0	0	0	0	0	0.638875387296834	0	0	0	0	0	0	0	0	0	0	0.771141887058368	0	0	0	0	0	0	0	0	0	0	0	0.74611298095318	0	0	0	0	0	0	0	0	0.718699687545203	0	0	0	0	0	0	0	0	0	0	0	0	0	0	0	0	0	0	0	0	0	0	0	0	0	0	0	0	0	0	0	0	0
0	0	0	0	0	0	0	0	0	0	0	0	0	0	0	0	0	0.948349590457974	0	0	0	0	0	0	0	0	0	0	0	0	0	0	0	0	0	0	0	0	0	0	0	0	0	0	0	0	0	0.814304664441744	0	0	0	0	0	0	0	0	0	0	0	0	0	0	0	0	0	0	0	0	0	0	0	0	0	0	0	0	0	0	0	0.790211548084669	0	0	0	0	0	0	0	0	0	0
0	0	0.665280399242146	0	0	0	0	0	0	0	0	0	0	0	0	0	0	0	0	0	0	0	0	0	0	0	0	0	0	0	0	0	0	0	0	0	0	0	0	0	0	0	0	0	0	0	0	0	0	0	0	0	0	0	0	0	0	0	0	0	0	0.847245527544375	0	0	0	0	0	0	0	0	0	0	0	0	0	0	0	0	0	0	0	0	0	0	0	0	0	0	0	0
0	0	0	0	0	0	0	0	0	0	0	0	0	0	0	0	0	0	0	0	0	0	0	0	0	0	0	0	0	0	0	0	0	0	0	0	0	0	0	0	0	0	0	0	0	0	0	0.843639737172379	0	0	0	0	0	0	0	0	0	0	0	0	0	0	0	0	0	0	0	0	0	0	0	0	0	0	0	0	0	0	0.574473910016321	0	0	0	0	0	0	0	0	0	0	0
0	0	0	0	0	0	0	0	0	0	0	0	0	0	0	0	0	0	0	0	0	0	0	0	0	0	0	0	0	0	0	0	0	0	0	0	0	0	0	0	0	0	0	0	0	0	0	0	0	0	0	0	0	0	0	0	0	0	0	0.835247885507708	0	0.742944150879518	0	0	0	0	0	0	0	0	0	0	0	0	0	0	0	0	0	0	0.920089607355462	0	0	0	0	0	0	0	0	0
0	0	0	0	0	0	0	0	0	0	0	0	0	0	0	0	0	0	0	0	0	0	0	0	0	0	0	0	0	0	0	0	0	0	0	0	0.691634094073415	0	0	0	0	0	0	0	0	0	0	0	0	0	0	0.718699687545203	0	0	0	0	0	0.856970994567361	0	0	0	0	0	0	0	0	0	0	0	0	0	0	0	0	0	0	0	0	0	0	0	0	0	0	0	0	0	0	0	0.914753237307882
0	0	0	0	0	0	0	0	0	0	0	0	0	0	0	0	0	0	0	0	0	0	0	0	0.901469590193502	0	0	0	0	0	0	0	0	0	0	0	0	0	0	0	0	0	0	0	0	0	0	0	0	0	0	0	0	0	0	0	0.856970994567361	0	0	0.969348745402023	0	0	0	0	0	0	0	0	0	0	0	0	0	0	0	0	0	0	0	0	0	0	0	0	0	0	0	0	0	0
0	0	0	0	0	0	0	0	0	0	0	0	0	0	0	0	0	0	0	0	0	0	0	0	0	0	0	0	0	0.897870200137094	0	0	0	0	0	0	0	0	0	0	0.614280974526135	0	0	0	0	0	0	0	0	0	0	0	0	0	0	0	0	0	0	0	0	0	0	0	0	0	0	0	0	0	0.847540456589419	0	0.895122792989072	0	0	0	0	0	0	0	0	0	0	0	0	0	0	0	0	0
0	0	0	0	0	0	0	0	0	0	0	0	0	0	0	0	0	0	0.695505058007537	0	0	0	0	0	0	0	0	0	0	0	0	0	0	0	0	0	0	0	0	0	0	0	0	0	0	0	0	0	0	0	0	0	0	0	0	0.835247885507708	0	0.969348745402023	0	0	0	0	0	0	0	0	0	0	0	0	0	0	0	0	0	0	0	0.997098987185338	0	0	0	0	0	0	0	0	0	0	0	0
0	0	0	0	0	0	0	0	0	0	0	0	0	0	0.852839826653919	0	0	0	0	0	0	0	0	0	0	0	0	0	0	0.751114584093321	0	0	0	0	0	0	0	0.71435470607864	0	0	0	0	0	0	0	0	0	0	0	0	0	0	0	0	0	0	0	0	0	0	0	0	0	0	0	0	0	0	0	0	0	0	0	0	0	0	0	0	0	0	0	0	0	0	0	0	0	0	0	0.548968813436692
0	0.936834912806076	0	0	0	0	0	0	0	0	0	0	0	0	0	0	0	0	0	0	0	0	0	0	0	0	0	0	0	0	0	0	0	0	0	0	0	0	0	0	0	0	0	0	0	0	0	0	0	0	0	0	0	0.847245527544375	0	0.742944150879518	0	0	0	0	0	0	0	0	0	0	0	0	0	0	0	0	0	0	0.765344552259334	0	0	0	0	0	0	0	0	0	0.901377924893146	0	0	0.622531381486372	0	0
0	0	0	0	0	0	0	0	0	0	0	0	0	0	0	0	0	0	0	0	0.720241178384131	0	0	0	0	0	0	0	0	0	0	0	0	0	0	0	0	0	0	0	0	0	0	0	0	0	0	0	0	0	0	0	0	0	0	0	0	0	0	0	0	0	0	0.963274956478435	0	0	0	0	0	0	0	0.714121558298864	0	0	0	0	0	0	0	0	0	0	0	0	0	0.85932892443817	0	0	0	0
0	0	0	0	0	0	0	0	0	0	0	0	0	0	0	0	0	0	0.817606440202028	0	0	0	0	0	0	0	0	0.836200314785688	0	0	0	0	0	0	0	0	0	0	0	0	0	0	0	0	0	0	0	0	0	0	0.993141874642058	0	0	0	0	0	0	0	0	0	0	0	0.963274956478435	0	0	0	0	0	0	0	0	0	0	0	0	0	0	0	0	0	0	0	0.997820453591764	0	0	0	0	0	0	0
0	0	0	0	0	0	0	0	0	0	0	0	0	0	0	0	0	0	0	0	0	0	0	0	0	0	0	0	0	0	0	0	0	0	0	0	0	0	0	0	0	0	0	0	0	0	0.917402651602857	0	0	0	0	0	0	0	0	0	0	0	0	0	0	0	0	0	0	0	0	0	0	0	0	0	0	0.926217883369904	0	0.983828016915771	0	0	0	0	0	0	0	0	0	0	0	0	0	0
0	0	0	0	0	0	0	0	0	0	0	0	0	0	0	0	0.944527064704777	0	0	0	0	0	0	0	0	0	0	0	0	0	0	0	0	0	0	0	0	0	0	0	0	0	0	0	0	0	0	0	0	0.604266686592628	0	0	0	0	0	0	0	0	0	0	0	0	0	0	0	0	0	0	0	0	0	0	0	0	0	0	0	0	0	0	0	0	0	0	0	0	0	0	0	0
0	0	0	0.668777626322723	0	0	0.905882250187016	0	0	0	0	0	0	0	0	0	0	0	0	0.954693123289661	0	0	0	0	0	0	0	0	0	0	0	0	0	0	0	0	0	0	0	0	0	0	0	0.827969567999719	0	0	0.872901061509015	0	0	0.746792020562259	0	0	0	0	0	0	0	0	0	0	0	0	0	0	0	0	0	0	0	0	0	0	0	0	0	0	0	0	0	0	0	0	0	0	0	0	0	0	0	0
0	0	0	0	0.857545268454996	0	0	0	0	0	0	0	0	0	0	0	0	0	0	0	0	0	0	0	0	0	0	0	0	0	0	0	0	0	0	0	0	0	0	0	0	0	0	0	0	0	0.826538490791399	0	0	0	0	0	0	0	0	0	0	0	0	0	0	0	0	0	0	0	0	0	0	0.894291077209368	0	0	0	0	0	0	0	0	0	0	0	0	0	0	0	0	0	0	0	0
0.962609402449079	0	0	0	0	0	0	0	0	0	0	0	0	0	0	0	0	0	0	0	0	0	0	0	0	0	0	0	0	0	0	0	0	0	0	0	0	0	0	0	0	0	0.79008653370281	0	0	0	0	0	0	0	0	0	0	0	0	0	0	0	0	0	0	0	0	0	0	0	0	0	0	0.61838730834647	0.878180386335105	0	0	0	0	0	0	0.972108465379282	0	0	0	0	0	0	0	0	0	0	0	0
0	0	0	0.983293155037958	0	0	0	0	0	0	0	0	0	0	0	0	0	0	0	0	0	0	0	0	0	0	0	0	0	0	0	0	0	0	0	0.992373490156247	0	0	0	0	0.652045375595301	0	0	0	0	0	0	0	0	0	0	0	0	0	0	0	0	0	0	0	0	0	0	0	0	0	0	0.894291077209368	0.61838730834647	0	0	0	0	0	0	0	0	0	0	0	0	0	0	0	0	0	0	0	0	0
0	0	0	0	0	0	0	0	0	0	0.749178386487889	0	0	0	0	0	0	0	0	0	0	0	0	0	0	0	0	0	0	0	0	0	0	0.944130526962433	0	0	0	0	0	0	0	0	0	0	0	0	0	0	0	0	0	0	0	0	0	0	0	0	0.847540456589419	0	0	0	0	0	0	0	0	0	0.878180386335105	0	0	0	0	0.660970465102428	0	0	0	0	0	0	0	0	0	0	0	0	0	0	0	0
0	0	0	0	0	0	0	0	0	0.961219368018445	0	0	0	0	0	0	0	0	0	0	0	0.899660695165261	0	0	0	0	0	0	0	0	0	0	0	0	0	0	0	0	0	0	0	0	0	0	0	0	0	0	0	0	0	0	0	0	0	0	0	0	0	0	0	0	0.714121558298864	0	0	0	0	0	0	0	0	0	0	0	0	0	0	0	0	0	0	0	0	0	0	0	0	0	0	0
0	0	0	0	0	0	0	0	0	0	0	0	0	0	0	0	0	0	0	0	0	0	0	0	0	0	0	0	0	0	0	0	0	0.893171835689095	0	0	0	0	0	0	0	0	0	0	0	0	0	0	0	0	0	0	0	0	0	0	0	0	0.895122792989072	0	0	0	0	0	0	0	0	0	0	0	0	0	0	0.887386978902749	0	0	0	0	0	0	0	0	0	0	0	0	0	0	0	0.612949398192488
0	0	0	0	0	0	0	0	0	0	0	0	0	0	0	0	0	0	0	0	0	0	0	0	0	0.886767831760734	0	0	0	0	0	0.98167158039278	0	0	0.864437954440082	0	0	0	0	0	0	0	0	0	0	0	0	0	0.912508934590371	0	0	0	0	0	0	0	0	0	0	0	0	0	0	0	0.926217883369904	0	0	0	0	0	0.660970465102428	0	0.887386978902749	0	0	0	0	0	0	0	0	0	0	0	0	0	0	0	0	0
0	0	0	0	0	0	0.684349564754219	0	0	0	0	0	0	0	0	0	0	0	0	0	0	0	0	0	0	0	0	0	0	0	0	0	0	0	0	0.721982770844316	0	0	0	0	0	0	0	0	0	0	0	0	0	0	0	0	0	0	0	0	0	0	0	0	0	0.765344552259334	0	0	0	0	0	0	0	0	0	0	0	0	0	0	0	0	0	0	0	0	0	0	0	0	0	0	0	0
0	0	0	0	0.641699871129715	0	0.790605983167736	0	0	0	0	0	0	0.810178040782991	0	0	0	0	0	0	0	0	0	0	0	0	0	0	0	0	0	0	0.800377795361524	0	0	0	0	0	0	0	0	0	0	0	0	0	0	0	0.686969891051448	0	0	0	0	0	0	0	0	0	0	0	0	0	0	0	0.983828016915771	0	0	0	0	0	0	0	0	0	0	0	0	0	0	0	0	0	0	0	0	0	0	0	0	0
0	0	0	0	0	0	0	0	0	0.960426029210846	0	0	0	0	0	0	0	0	0	0	0	0	0	0	0	0	0	0	0	0	0	0	0	0	0	0	0	0	0	0	0	0	0	0	0	0	0	0	0	0	0	0	0	0	0	0	0	0	0	0	0	0	0	0	0	0	0	0	0	0	0	0	0	0	0	0	0	0.799634026055495	0	0	0	0	0	0	0	0	0	0	0	0
0	0	0.974454746238802	0	0	0	0	0	0	0	0	0	0	0	0	0	0	0	0	0	0	0	0	0	0	0	0	0	0	0	0	0	0	0	0	0	0	0.694784052223793	0	0	0	0	0	0	0	0	0	0	0	0	0	0	0	0	0	0	0	0	0	0.997098987185338	0	0	0	0	0	0	0	0	0.972108465379282	0	0	0	0	0	0	0	0.799634026055495	0	0	0	0	0	0	0	0	0	0	0	0	0
0	0.621250032211083	0	0	0	0	0	0	0	0	0	0	0	0	0	0	0	0	0	0	0.776136832869632	0	0	0	0	0	0	0	0	0	0	0	0	0	0	0	0	0	0	0	0	0	0	0	0	0	0	0	0	0	0	0	0	0	0.574473910016321	0	0	0	0	0	0	0	0	0	0	0	0	0	0	0	0	0	0	0	0	0	0	0	0	0	0	0	0	0	0	0.705905818718914	0	0	0	0
0	0	0	0	0	0	0	0	0	0	0	0	0	0	0	0	0	0	0	0	0	0	0	0	0	0.930231941436639	0	0	0	0	0	0	0	0	0	0	0	0	0	0	0	0	0	0	0	0	0	0	0	0	0	0	0.790211548084669	0	0	0	0	0	0	0	0	0	0	0	0	0	0	0	0	0	0	0	0	0	0	0	0	0	0	0	0.835679149110651	0	0	0	0	0	0	0	0	0
0	0	0	0	0	0	0	0	0	0	0	0	0	0	0	0	0	0	0	0.898338329458425	0	0	0	0	0	0	0	0	0	0.865293195380259	0	0	0	0	0	0	0	0	0	0	0	0	0	0	0	0	0	0	0	0	0	0	0	0	0	0.920089607355462	0	0	0	0	0	0	0	0	0	0	0	0	0	0	0	0	0	0	0	0	0	0	0	0.835679149110651	0	0	0	0	0	0	0	0	0	0
0	0.638773057505596	0	0	0	0	0	0	0.984224290863089	0	0	0	0	0	0	0	0.999912499004116	0	0	0	0	0	0	0	0	0	0	0	0.626971144248184	0	0	0	0	0	0	0	0	0	0	0	0	0	0	0	0	0	0	0.646147570086974	0	0	0	0	0	0	0	0	0	0	0	0	0	0	0	0	0	0	0	0	0	0	0	0	0	0	0	0	0	0	0	0	0	0	0	0	0	0	0.977230363791969	0	0	0
0	0	0	0	0	0	0	0	0	0	0	0	0	0	0	0	0.779611302185897	0	0	0	0	0	0	0	0	0	0	0	0	0	0	0	0	0	0	0	0	0	0	0	0	0	0	0	0	0	0	0	0.706691819041527	0	0	0	0	0	0	0	0	0	0	0	0	0	0	0.997820453591764	0	0	0	0	0	0	0	0	0	0	0	0	0	0	0	0	0	0	0	0.98058354147765	0	0	0	0	0	0
0	0	0	0	0	0	0	0	0.865488198163495	0	0	0	0.978764805955201	0	0	0	0	0	0	0	0	0	0	0	0	0	0	0	0	0	0	0	0	0	0	0	0	0	0	0	0	0	0	0	0	0	0	0	0	0	0	0	0	0	0	0	0	0	0	0	0	0	0	0	0	0	0	0	0	0	0	0	0	0	0	0	0	0	0	0	0	0	0.98058354147765	0	0	0	0	0	0	0
0	0	0	0	0	0	0	0	0	0	0	0	0	0	0	0	0	0	0	0	0	0	0	0	0	0	0	0	0	0	0	0	0	0.939036763365926	0	0	0	0	0	0	0	0	0	0	0	0	0	0	0	0	0	0	0	0	0	0	0	0	0	0	0	0.901377924893146	0	0	0	0	0	0	0	0	0	0	0	0	0	0	0	0	0	0	0	0	0	0	0	0	0	0	0	0
0	0	0	0	0	0	0	0	0	0	0	0	0	0	0	0	0	0	0	0	0	0	0	0	0	0	0	0	0	0	0	0	0	0.863917471929577	0	0	0	0	0	0	0	0	0	0	0	0	0	0	0	0	0.926984463307462	0	0	0	0	0	0	0	0	0	0	0	0.85932892443817	0	0	0	0	0	0	0	0	0	0	0	0	0	0	0	0.705905818718914	0	0	0	0	0	0	0	0	0	0	0
0	0	0	0	0	0	0	0	0	0	0	0	0	0	0	0	0	0	0	0	0	0.781208115878243	0	0	0.913269092505923	0	0	0	0	0	0	0	0.557499275522732	0	0	0	0	0	0	0	0	0	0	0	0	0	0	0	0	0	0	0	0	0	0	0	0	0	0	0	0	0	0	0	0	0	0	0	0	0	0	0	0	0	0	0	0	0	0	0	0	0.977230363791969	0	0	0	0	0	0	0	0
0	0	0	0	0	0	0	0	0	0	0	0	0	0	0	0	0	0	0	0	0	0	0	0	0	0	0	0	0	0	0	0	0	0	0	0	0	0	0	0	0	0	0	0	0	0	0	0	0	0	0	0	0	0	0	0	0	0	0	0	0	0.622531381486372	0	0	0	0	0	0	0	0	0	0	0	0	0	0	0	0	0	0	0	0	0	0	0	0	0	0	0.868074201335423	0
0.803673855594351	0	0	0	0	0	0	0	0	0	0	0.8425458820202	0	0	0	0	0	0	0	0	0	0	0	0	0	0	0	0	0.918449352556393	0	0	0	0	0	0	0	0	0	0	0	0	0	0	0	0	0	0	0	0	0	0	0	0	0	0	0	0	0	0	0	0	0	0	0	0	0	0	0	0	0	0	0	0	0	0	0	0	0	0	0	0	0	0	0	0	0	0	0.868074201335423	0	0
0	0	0	0	0	0	0	0	0	0	0	0	0	0	0	0	0	0	0	0	0	0	0	0	0	0	0	0	0	0	0	0	0	0	0	0	0	0	0	0	0	0	0	0	0	0	0	0	0	0	0	0	0	0	0	0	0.914753237307882	0	0	0	0.548968813436692	0	0	0	0	0	0	0	0	0	0	0	0.612949398192488	0	0	0	0	0	0	0	0	0	0	0	0	0	0	0	0	0
