0	0	0	0	0.779096160299148	0	0	0	0	0	0	0	0	0	0	0	0.931682291006842	0	0	0	0	0	0	0	0	0	0	0	0	0	0	0	0	0	0	0	0	0	0	0	0	0	0	0	0	0	0	0	0	0	0	0	0	0	0	0	0	0	0	0	0	0	0	0.920978050329505	0	0	0	0	0	0	0	0	0	0	0	0	0	0	0	0	0	0	0	0	0	0	0	0	0.726449667915327	0.67609948228405
0	0	0	0	0	0	0	0	0	0	0	0	0	0	0	0	0	0	0	0	0	0	0	0	0	0	0.99336281205975	0	0	0	0	0	0	0	0.739880759878029	0	0	0	0	0	0	0.80100246535942	0	0	0	0	0	0	0	0	0	0	0	0	0	0	0	0	0	0	0	0	0	0	0	0	0	0	0	0	0	0	0	0	0	0	0	0.885251789459035	0	0	0	0	0	0	0	0	0	0	0	0
0	0	0	0	0	0	0	0	0	0	0	0	0	0	0	0	0	0	0	0	0	0	0	0	0	0	0	0	0	0	0	0	0	0	0	0	0.828487871763913	0	0	0	0	0	0	0	0	0	0	0	0	0	0	0	0	0	0	0	0	0	0	0	0	0	0	0	0	0	0	0	0	0	0	0.782638937524945	0	0	0	0	0	0	0	0	0	0	0	0	0	0	0	0	0	0
0	0	0	0	0	0.882865859810162	0	0.878065699199542	0	0	0	0	0	0	0	0	0	0	0.989072109208553	0	0	0	0	0	0	0	0	0	0	0	0	0	0	0	0	0	0	0	0	0	0	0	0	0	0	0	0	0	0	0	0	0	0	0	0	0	0	0	0	0	0.987708463257158	0.784610447659236	0	0	0	0	0	0	0	0	0	0.930899419005487	0	0	0	0	0	0	0	0	0	0	0	0	0	0	0	0	0	0
0.779096160299148	0	0	0	0	0	0	0	0	0	0	0.917673361276161	0	0	0	0	0	0	0	0	0	0	0	0	0	0	0	0	0	0	0	0	0	0	0	0	0	0	0	0	0	0	0	0	0	0	0.619490298944086	0	0	0	0	0	0	0	0	0	0	0	0	0	0	0	0	0	0.898596489186448	0	0	0	0	0	0	0	0	0	0	0	0	0	0	0	0	0	0	0	0	0	0	0	0	0
0	0	0	0.882865859810162	0	0	0	0	0	0	0	0	0	0	0	0	0	0	0	0	0	0	0	0	0	0	0	0	0	0	0	0	0	0	0	0	0	0	0	0	0	0	0	0	0	0	0	0	0	0	0	0	0	0	0	0	0	0	0	0	0	0	0	0.906732674005767	0	0	0	0	0	0.759296414051723	0	0	0	0	0	0	0	0	0	0	0	0	0	0.786238468510247	0	0	0	0	0	0
0	0	0	0	0	0	0	0.75077819582175	0	0	0	0.800016571434016	0	0	0	0	0	0	0	0	0	0	0	0	0	0	0	0	0	0	0	0	0	0	0	0	0	0	0	0	0	0	0	0	0	0	0	0	0	0	0	0	0	0	0	0	0	0	0	0	0	0	0	0	0	0	0.637503692426585	0	0	0	0	0	0	0	0	0	0	0	0	0	0	0	0	0	0	0	0	0	0	0
0	0	0	0.878065699199542	0	0	0.75077819582175	0	0.69126575354584	0	0	0	0	0	0	0	0	0	0	0	0	0	0	0	0	0	0	0	0	0	0	0	0	0	0	0	0	0	0	0	0	0	0	0	0	0	0	0	0	0	0	0	0	0	0	0	0	0	0	0	0	0	0	0	0	0	0	0	0	0	0	0	0	0	0	0	0	0	0	0	0	0	0	0	0	0	0	0	0	0
0	0	0	0	0	0	0	0.69126575354584	0	0	0	0	0	0	0	0	0	0	0	0	0	0	0	0	0	0	0	0	0	0	0	0	0	0	0	0	0	0	0	0	0	0	0	0	0	0	0	0	0	0.817926745540345	0	0	0	0	0	0	0	0	0	0	0	0	0	0	0	0	0	0	0.982302784452057	0	0	0	0	0	0	0	0	0.901184167429365	0	0	0	0	0	0	0	0	0	0	0	0
0	0	0	0	0	0	0	0	0	0	0	0	0	0	0	0	0	0	0	0	0	0	0	0	0	0	0	0	0	0	0	0	0	0	0	0	0	0	0	0	0	0	0	0	0	0	0	0.711533426991435	0	0	0	0	0	0	0	0	0	0	0	0	0	0	0	0	0	0	0	0	0	0	0.905578414732221	0	0	0	0.798846233642238	0	0	0	0	0	0	0	0	0	0	0	0	0	0	0
0	0	0	0	0	0	0	0	0	0	0	0	0	0	0	0	0	0.763499830427015	0	0	0	0.739860316599429	0	0	0	0	0	0	0	0	0	0	0	0	0	0	0	0	0	0	0	0	0	0	0	0	0	0	0	0	0	0	0	0	0	0	0	0	0	0	0	0	0	0	0	0	0	0	0	0	0	0	0	0	0	0	0	0	0	0	0	0	0.978929833003044	0	0.787164042769409	0	0	0	0	0
0	0	0	0	0.917673361276161	0	0.800016571434016	0	0	0	0	0	0	0	0	0	0	0	0	0	0	0	0	0	0	0	0	0	0	0	0	0	0	0	0	0	0	0	0	0	0.967482111709574	0	0	0	0.934065434428744	0	0	0	0	0	0	0	0	0	0	0	0	0	0	0.935792176278506	0	0	0	0	0	0	0	0	0	0	0	0	0	0	0	0.736064236740729	0.931700754783652	0	0	0	0	0	0	0	0	0	0	0	0	0
0	0	0	0	0	0	0	0	0	0	0	0	0	0	0.903893975225769	0	0	0	0	0	0	0	0	0	0	0	0	0	0	0	0	0	0	0	0	0	0	0	0	0	0.94175268182442	0	0	0	0	0	0	0	0	0	0	0	0	0	0	0	0	0	0	0	0	0	0	0	0	0	0	0	0	0	0	0	0	0	0	0	0	0	0	0	0	0	0	0	0	0	0	0	0	0
0	0	0	0	0	0	0	0	0	0	0	0	0	0	0	0.941955731905121	0	0	0	0	0	0	0	0	0	0.909935614582458	0	0	0	0	0	0	0	0	0	0	0	0	0	0	0.752805370971909	0	0	0	0	0	0	0	0	0	0	0	0	0	0	0	0	0	0	0	0	0	0	0	0	0	0	0	0	0	0	0	0	0.768477468879998	0	0	0	0	0	0	0	0	0	0	0	0	0	0	0	0
0	0	0	0	0	0	0	0	0	0	0	0	0.903893975225769	0	0	0	0	0	0	0.998852560963464	0	0	0	0	0	0	0	0	0	0	0	0	0	0	0	0.841222652276292	0	0	0	0	0	0	0	0	0	0	0	0	0	0	0	0	0	0	0	0	0	0	0	0	0.917075266203567	0	0	0	0	0	0	0	0	0	0	0	0	0	0	0	0	0	0	0	0	0	0	0	0	0	0	0	0	0
0	0	0	0	0	0	0	0	0	0	0	0	0	0.941955731905121	0	0	0	0	0	0	0	0	0	0	0	0	0	0	0	0	0	0	0	0	0	0	0	0	0	0	0	0	0	0	0	0	0	0.612567333385372	0.889013861666408	0	0	0	0	0	0	0	0	0	0	0	0	0	0	0	0	0	0	0	0	0	0	0	0	0	0	0	0	0	0	0	0	0	0	0	0	0	0.750983317828326	0	0	0
0.931682291006842	0	0	0	0	0	0	0	0	0	0	0	0	0	0	0	0	0	0	0	0	0	0	0	0	0	0	0	0	0	0	0	0	0	0	0	0	0	0	0	0	0	0	0	0	0	0	0	0	0	0	0	0	0	0	0	0	0	0	0	0	0	0	0	0	0	0	0	0	0	0	0	0	0	0	0	0	0	0	0	0	0	0	0	0	0.612954877005767	0	0	0.64081553375646	0
0	0	0	0	0	0	0	0	0	0	0.763499830427015	0	0	0	0	0	0	0	0	0.96876790102411	0	0	0	0	0.564508002478017	0	0	0	0	0	0.832387800506468	0	0	0	0	0	0	0.981455319396741	0	0.838693111973086	0	0	0	0	0	0	0	0	0	0	0	0	0	0	0	0	0	0	0	0	0	0	0	0	0	0	0	0	0	0	0	0	0	0	0	0	0	0	0	0	0	0	0	0	0	0.9614448069449	0	0	0	0
0	0	0	0.989072109208553	0	0	0	0	0	0	0	0	0	0	0	0	0	0	0	0	0	0	0	0	0	0	0	0	0	0	0	0	0	0	0	0	0	0.903978190145548	0	0	0	0	0	0	0	0	0	0	0.725179204692134	0	0	0	0	0	0	0	0	0	0	0	0	0	0	0	0	0	0	0	0	0	0	0	0	0	0	0	0	0	0	0	0.918526104705575	0	0	0	0	0	0	0	0	0
0	0	0	0	0	0	0	0	0	0	0	0	0	0	0.998852560963464	0	0	0.96876790102411	0	0	0	0	0	0	0	0	0	0	0	0	0.801899286823673	0	0	0	0	0	0	0	0	0	0	0	0	0	0	0	0	0	0	0	0	0	0	0	0	0	0	0	0	0	0	0	0	0	0	0	0	0	0	0	0	0	0	0	0	0	0	0	0	0	0	0	0	0	0	0	0	0	0	0
0	0	0	0	0	0	0	0	0	0	0	0	0	0	0	0	0	0	0	0	0	0.750808476783336	0	0	0	0	0	0	0	0	0	0	0	0.981941980434626	0	0.81407781250601	0	0	0	0	0	0	0	0	0	0	0	0	0	0	0	0	0	0	0	0	0	0	0	0	0	0	0	0	0	0	0	0	0	0	0.848393878895476	0	0	0	0.743070220743348	0	0	0	0	0	0	0	0	0	0	0	0	0	0	0
0	0	0	0	0	0	0	0	0	0	0.739860316599429	0	0	0	0	0	0	0	0	0	0.750808476783336	0	0.966657284408826	0	0	0	0	0	0	0	0	0	0	0	0	0	0	0	0	0	0	0	0	0	0	0	0	0	0	0	0	0	0	0	0	0	0	0	0	0.982866151231123	0	0	0.879729605024858	0	0	0	0	0	0	0	0	0	0	0	0	0	0	0	0	0	0	0	0	0	0	0	0	0	0	0
0	0	0	0	0	0	0	0	0	0	0	0	0	0	0	0	0	0	0	0	0	0.966657284408826	0	0.949045760092546	0	0	0	0	0	0	0	0.585350883737243	0	0	0	0	0	0	0	0	0	0	0	0	0	0	0	0	0	0	0	0	0	0	0.727052838652082	0	0	0	0	0	0	0	0	0	0	0	0	0	0	0	0	0	0	0	0	0	0	0	0	0	0	0	0	0	0	0	0	0	0	0
0	0	0	0	0	0	0	0	0	0	0	0	0	0	0	0	0	0	0	0	0	0	0.949045760092546	0	0	0	0	0	0	0	0	0	0	0	0	0	0	0	0	0	0	0	0.770971679033682	0	0	0	0	0	0	0	0	0	0	0	0	0	0	0	0	0	0	0	0	0	0	0	0	0	0	0	0	0.899835717768114	0	0	0	0	0	0	0	0	0	0	0	0.922227054934506	0	0	0.542098982769881	0	0	0
0	0	0	0	0	0	0	0	0	0	0	0	0	0	0	0	0	0.564508002478017	0	0	0	0	0	0	0	0	0	0	0	0	0	0	0	0	0	0	0	0	0	0	0	0	0	0	0	0	0	0	0	0	0	0	0	0	0	0	0	0	0	0	0	0	0	0.96839051471585	0	0	0	0	0	0	0	0	0	0	0	0	0	0	0	0	0	0.973725237355375	0	0	0	0	0.788687500524062	0	0	0
0	0	0	0	0	0	0	0	0	0	0	0	0	0.909935614582458	0	0	0	0	0	0	0	0	0	0	0	0	0	0	0	0	0	0	0.751834526063546	0	0	0	0	0	0	0	0	0	0	0	0	0	0	0	0	0	0	0	0	0	0	0	0	0	0	0	0	0	0	0	0	0	0	0	0	0	0	0	0	0	0	0	0	0	0	0	0.982992231166956	0	0.882723109256596	0	0	0	0	0	0	0
0	0.99336281205975	0	0	0	0	0	0	0	0	0	0	0	0	0	0	0	0	0	0	0	0	0	0	0	0	0	0.624424504009641	0	0	0	0	0	0	0	0	0	0	0	0	0	0	0	0	0	0	0	0	0	0.990499138050194	0	0	0	0	0	0	0	0	0	0	0	0	0	0	0	0	0	0	0	0	0	0	0	0	0	0	0	0	0	0	0	0	0	0	0	0	0	0	0	0
0	0	0	0	0	0	0	0	0	0	0	0	0	0	0	0	0	0	0	0	0	0	0	0	0	0	0.624424504009641	0	0	0.923264422848056	0	0	0	0	0.924748432166703	0	0	0	0	0	0	0	0	0	0	0	0	0	0	0	0.798165473143052	0	0	0	0	0	0	0	0	0	0	0	0	0	0	0	0	0	0	0	0	0	0	0	0	0	0	0	0	0	0	0	0	0	0.667591102265807	0	0	0	0	0
0	0	0	0	0	0	0	0	0	0	0	0	0	0	0	0	0	0	0	0	0	0	0	0	0	0	0	0	0	0.764344038381836	0	0	0	0	0	0	0	0	0	0	0	0	0	0	0	0	0	0	0	0	0	0	0.741387429090361	0	0	0	0	0	0.901356563690694	0	0	0	0	0	0	0	0	0	0	0	0	0	0	0	0	0	0	0	0	0	0	0	0	0	0	0	0	0	0	0
0	0	0	0	0	0	0	0	0	0	0	0	0	0	0	0	0	0	0	0	0	0	0	0	0	0	0	0.923264422848056	0.764344038381836	0	0	0	0	0	0	0	0	0	0	0	0	0	0	0	0	0	0	0	0	0	0	0	0	0	0	0	0	0	0.849455380871006	0	0	0	0	0	0.799232146560552	0	0	0	0	0	0	0	0	0	0	0	0	0.974317411948297	0	0	0	0	0.86345237245556	0	0	0	0	0	0	0
0	0	0	0	0	0	0	0	0	0	0	0	0	0	0	0	0	0.832387800506468	0	0.801899286823673	0	0	0	0	0	0	0	0	0	0	0	0	0	0	0	0	0	0.982624974774543	0	0	0	0	0	0	0	0	0.676595555055573	0	0	0	0	0	0	0	0	0	0	0	0	0	0	0	0	0.717400725500765	0	0	0.996086715690878	0	0	0	0	0	0	0	0	0	0	0	0	0	0	0	0	0	0	0	0	0	0	0
0	0	0	0	0	0	0	0	0	0	0	0	0	0	0	0	0	0	0	0	0	0	0.585350883737243	0	0	0	0	0	0	0	0	0	0	0	0	0	0	0	0	0.898581034955186	0	0	0	0	0	0	0	0	0	0	0.992354083109632	0	0	0	0	0	0	0	0	0	0	0	0	0	0	0	0	0	0	0	0	0	0	0	0	0	0	0	0	0	0	0	0	0	0	0	0	0	0	0
0	0	0	0	0	0	0	0	0	0	0	0	0	0	0	0	0	0	0	0	0	0	0	0	0	0.751834526063546	0	0	0	0	0	0	0	0	0	0	0	0	0	0	0	0	0	0	0	0	0	0	0	0	0	0	0	0	0	0	0	0.769067873852879	0	0	0	0	0	0	0	0	0	0	0	0	0	0	0	0	0	0	0	0	0	0	0	0	0	0	0	0	0	0	0	0
0	0	0	0	0	0	0	0	0	0	0	0	0	0	0	0	0	0	0	0	0.981941980434626	0	0	0	0	0	0	0	0	0	0	0	0	0	0.774896354794271	0	0	0	0	0	0	0	0	0	0	0	0	0	0	0	0	0	0	0	0	0	0	0	0	0	0	0	0	0	0	0	0	0	0	0	0	0	0	0	0	0	0	0	0	0	0	0	0	0	0.866896280722594	0	0	0	0	0
0	0.739880759878029	0	0	0	0	0	0	0	0	0	0	0	0	0	0	0	0	0	0	0	0	0	0	0	0	0	0.924748432166703	0	0	0	0	0	0.774896354794271	0	0	0	0	0	0	0	0	0	0	0	0	0	0	0	0	0	0	0	0	0	0	0	0	0	0	0	0	0.73879162918824	0	0	0	0	0	0	0	0	0	0	0	0	0	0	0	0	0	0	0	0	0	0	0	0	0	0	0
0	0	0	0	0	0	0	0	0	0	0	0	0	0	0.841222652276292	0	0	0	0	0	0.81407781250601	0	0	0	0	0	0	0	0	0	0	0	0	0	0	0	0	0	0	0	0	0	0	0	0	0	0	0	0	0	0	0	0.947416655757467	0	0	0	0	0	0	0	0	0	0	0	0	0	0	0	0	0	0	0	0	0	0	0	0	0.791712396877252	0	0	0	0	0	0	0	0	0	0	0	0
0	0	0.828487871763913	0	0	0	0	0	0	0	0	0	0	0	0	0	0	0	0	0	0	0	0	0	0	0	0	0	0	0	0	0	0	0	0	0	0	0	0	0	0	0	0	0	0	0	0	0	0	0	0	0	0	0	0	0	0	0	0	0	0	0	0	0.906702808679273	0	0	0	0.692969408367499	0	0	0	0	0	0	0	0	0	0	0	0	0	0	0	0	0	0.684058520462036	0	0	0	0
0	0	0	0	0	0	0	0	0	0	0	0	0	0	0	0	0	0.981455319396741	0.903978190145548	0	0	0	0	0	0	0	0	0	0	0	0.982624974774543	0	0	0	0	0	0	0	0	0	0	0	0	0	0	0	0	0	0	0	0	0	0	0.651256647021648	0	0	0	0.891777620910491	0	0	0	0	0	0	0	0	0	0	0	0	0	0	0	0	0	0	0	0	0	0	0	0	0	0	0	0	0	0	0	0
0	0	0	0	0	0	0	0	0	0	0	0	0	0	0	0	0	0	0	0	0	0	0	0	0	0	0	0	0	0	0	0	0	0	0	0	0	0	0	0	0	0	0	0	0	0	0	0	0	0	0	0	0	0	0	0	0	0	0	0	0.979745293930865	0	0	0	0	0	0	0	0	0.647556644284617	0	0	0	0	0	0	0	0	0	0	0.91524650213569	0	0	0	0	0	0	0	0	0.884956986487273
0	0	0	0	0	0	0	0	0	0	0	0	0	0	0	0	0	0.838693111973086	0	0	0	0	0	0	0	0	0	0	0	0	0	0.898581034955186	0	0	0	0	0	0	0	0	0	0	0	0	0	0	0	0	0	0	0	0	0	0	0	0	0	0	0	0	0	0	0	0	0	0	0	0	0	0	0	0	0	0	0	0	0	0	0	0	0	0	0	0	0	0	0	0	0	0
0	0	0	0	0	0	0	0	0	0	0	0.967482111709574	0.94175268182442	0.752805370971909	0	0	0	0	0	0	0	0	0	0	0	0	0	0	0	0	0	0	0	0	0	0	0	0	0	0	0	0.984129908067995	0	0	0	0.830905489199453	0	0	0	0	0	0	0	0.632894376277901	0	0	0	0	0	0	0	0	0	0	0	0	0	0	0	0	0	0	0	0	0	0	0	0	0	0	0	0	0	0	0	0	0	0	0	0
0	0.80100246535942	0	0	0	0	0	0	0	0	0	0	0	0	0	0	0	0	0	0	0	0	0	0	0	0	0	0	0	0	0	0	0	0	0	0	0	0	0	0	0.984129908067995	0	0	0.907985063301868	0	0	0	0	0	0	0	0	0	0	0	0	0	0	0	0	0	0	0	0	0	0	0	0	0	0	0	0	0	0	0	0	0	0	0	0	0	0	0	0	0	0	0	0	0	0
0	0	0	0	0	0	0	0	0	0	0	0	0	0	0	0	0	0	0	0	0	0	0	0.770971679033682	0	0	0	0	0	0	0	0	0	0	0	0	0	0	0	0	0	0	0	0.550587957153659	0.785870578986613	0	0	0	0	0	0	0	0	0	0	0	0	0	0	0	0	0	0	0	0	0	0	0	0	0	0	0	0	0	0	0	0	0	0	0	0	0	0	0	0	0	0.61287873194221	0	0	0
0	0	0	0	0	0	0	0	0	0	0	0	0	0	0	0	0	0	0	0	0	0	0	0	0	0	0	0	0	0	0	0	0	0	0	0	0	0	0	0	0	0.907985063301868	0.550587957153659	0	0	0	0	0	0	0	0.941795774069193	0	0	0	0	0	0	0	0	0	0	0	0	0	0	0	0	0	0	0	0	0	0	0	0	0	0.847040516891819	0	0	0.866603763810143	0	0	0	0	0	0	0	0	0	0
0	0	0	0	0	0	0	0	0	0	0	0.934065434428744	0	0	0	0	0	0	0	0	0	0	0	0	0	0	0	0	0	0	0	0	0	0	0	0	0	0	0	0	0	0	0.785870578986613	0	0	0	0	0	0	0	0	0	0	0	0	0	0	0	0	0	0	0	0	0	0	0	0	0	0	0	0.836150539219264	0	0	0	0	0	0	0	0	0	0	0	0	0	0	0	0	0.799943823660779	0	0
0	0	0	0	0	0	0	0	0	0	0	0	0	0	0	0	0	0	0	0	0	0	0	0	0	0	0	0	0	0	0	0	0	0	0	0	0	0	0	0	0.830905489199453	0	0	0	0	0	0	0	0	0	0	0	0	0	0	0	0	0	0	0	0	0	0	0	0	0	0	0	0	0	0	0	0	0	0	0	0	0	0.741348853406065	0	0	0	0	0	0	0	0	0	0	0
0	0	0	0	0.619490298944086	0	0	0	0	0	0	0	0	0	0	0	0	0	0	0	0	0	0	0	0	0	0	0	0	0	0.676595555055573	0	0	0	0	0	0	0	0	0	0	0	0	0	0	0	0	0.683385783576183	0	0	0	0	0	0	0	0	0	0	0	0	0	0	0	0	0	0.599011218388681	0	0	0	0	0	0	0	0	0	0	0	0	0	0	0	0	0	0	0	0	0	0	0	0
0	0	0	0	0	0	0	0	0	0.711533426991435	0	0	0	0	0	0.612567333385372	0	0	0	0	0	0	0	0	0	0	0	0	0	0	0	0	0	0	0	0	0	0	0	0	0	0	0	0	0	0	0.683385783576183	0	0	0.977300373984544	0	0	0	0	0	0	0.710166297889296	0	0	0	0	0	0	0	0	0	0	0	0	0	0	0	0	0	0	0	0	0	0	0	0	0	0	0	0	0	0	0	0	0
0	0	0	0	0	0	0	0	0	0	0	0	0	0	0	0.889013861666408	0	0	0.725179204692134	0	0	0	0	0	0	0	0	0	0	0	0	0	0	0	0	0	0	0	0	0	0	0	0	0	0	0	0	0	0	0	0	0	0	0	0	0	0	0	0	0	0	0	0	0	0	0	0	0	0	0	0	0	0	0	0	0	0	0	0	0	0	0	0	0	0	0	0	0	0	0
0	0	0	0	0	0	0	0	0.817926745540345	0	0	0	0	0	0	0	0	0	0	0	0	0	0	0	0	0	0.990499138050194	0	0	0	0	0	0	0	0	0	0	0	0	0	0	0	0	0	0	0	0	0.977300373984544	0	0	0	0	0	0	0	0.772875876378046	0.943332566896611	0	0	0	0	0	0	0	0	0	0	0.949922351800837	0	0	0	0	0	0	0	0	0	0	0	0	0	0	0	0	0	0	0	0	0	0
0	0	0	0	0	0	0	0	0	0	0	0	0	0	0	0	0	0	0	0	0	0	0	0	0	0	0	0.798165473143052	0	0	0	0.992354083109632	0	0	0	0	0	0	0	0	0	0	0	0.941795774069193	0	0	0	0	0	0	0	0	0	0	0	0	0	0	0	0	0	0	0	0.892308551664039	0	0	0	0	0	0	0	0	0	0	0	0	0	0	0	0	0	0	0	0	0	0	0	0	0.880445314758707	0
0	0	0	0	0	0	0	0	0	0	0	0	0	0	0	0	0	0	0	0	0	0	0	0	0	0	0	0	0	0	0	0	0	0	0	0	0	0	0	0	0	0	0	0	0	0	0	0	0	0	0	0	0	0	0	0	0	0	0	0	0	0	0	0	0	0	0	0	0	0	0	0	0	0	0	0	0.76727016162351	0	0	0	0	0.661218751533503	0	0	0.875523208782613	0	0	0	0	0
0	0	0	0	0	0	0	0	0	0	0	0	0	0	0	0	0	0	0	0	0	0	0	0	0	0	0	0	0.741387429090361	0	0	0	0	0	0	0.947416655757467	0	0	0	0	0	0	0	0	0	0	0	0	0	0	0	0	0	0	0	0	0	0	0	0	0	0	0	0	0	0.630177594415853	0	0	0	0	0	0	0	0	0	0	0	0	0	0	0	0	0	0	0.950915528869397	0	0	0	0	0
0	0	0	0	0	0	0	0	0	0	0	0	0	0	0	0	0	0	0	0	0	0	0	0	0	0	0	0	0	0	0	0	0	0	0	0	0	0.651256647021648	0	0	0.632894376277901	0	0	0	0	0	0	0	0	0	0	0	0	0	0	0	0	0	0	0	0	0	0	0	0	0	0	0	0	0	0	0	0.733062682919905	0	0.908613740687465	0	0	0	0	0	0	0	0	0	0	0	0	0	0	0
0	0	0	0	0	0	0	0	0	0	0	0	0	0	0	0	0	0	0	0	0	0	0.727052838652082	0	0	0	0	0	0	0	0	0	0	0	0	0	0	0	0	0	0	0	0	0	0	0	0	0	0	0	0	0	0	0	0	0	0	0	0	0	0	0	0	0	0	0	0	0	0	0	0	0	0	0	0	0	0	0	0	0.590424903718734	0	0	0	0	0	0	0	0	0	0
0	0	0	0	0	0	0	0	0	0	0	0	0	0	0	0	0	0	0	0	0	0	0	0	0	0	0	0	0	0	0	0	0	0	0	0	0	0	0	0	0	0	0	0	0	0	0	0	0	0.772875876378046	0	0	0	0	0	0	0	0.771480181605555	0	0	0.989588969537506	0	0	0	0	0	0	0	0	0	0	0	0	0	0	0	0	0	0	0	0	0	0	0	0	0	0	0	0	0
0	0	0	0	0	0	0	0	0	0	0	0	0	0	0	0	0	0	0	0	0	0	0	0	0	0	0	0	0	0	0	0	0	0	0	0	0	0	0	0	0	0	0	0	0	0	0	0.710166297889296	0	0.943332566896611	0	0	0	0	0	0	0	0.691612122827289	0	0	0	0	0	0	0	0.748572536948737	0	0	0	0	0	0	0	0	0	0	0	0	0	0	0.82705975625706	0	0	0	0	0	0	0	0	0
0	0	0	0	0	0	0	0	0	0	0	0	0	0	0	0	0	0	0	0	0	0	0	0	0	0	0	0	0	0	0	0	0.769067873852879	0	0	0	0	0.891777620910491	0	0	0	0	0	0	0	0	0	0	0	0	0	0	0	0	0	0.771480181605555	0.691612122827289	0	0.869881869890782	0	0	0	0	0	0	0	0	0	0	0	0	0	0	0	0	0	0	0	0.647519877131835	0	0	0	0	0	0	0	0	0	0	0
0	0	0	0	0	0	0	0	0	0	0	0	0	0	0	0	0	0	0	0	0	0	0	0	0	0	0	0	0.901356563690694	0.849455380871006	0	0	0	0	0	0	0	0	0	0	0	0	0	0	0	0	0	0	0	0	0	0	0	0	0	0	0	0.869881869890782	0	0	0	0.892250893374808	0	0	0	0	0	0	0	0.974028886720878	0	0	0	0	0	0.857223760365443	0	0	0	0	0	0	0	0	0	0	0	0	0	0
0	0	0	0	0	0	0	0	0	0	0	0.935792176278506	0	0	0	0	0	0	0	0	0	0.982866151231123	0	0	0	0	0	0	0	0	0	0	0	0	0	0	0	0	0	0	0	0	0	0	0	0	0	0	0	0	0	0	0	0	0	0	0	0	0	0	0	0	0	0	0	0	0	0	0	0	0	0	0	0	0	0	0	0	0	0	0	0	0	0	0	0	0	0	0	0
0	0	0	0.987708463257158	0	0	0	0	0	0	0	0	0	0	0.917075266203567	0	0	0	0	0	0	0	0	0	0	0	0	0	0	0	0	0	0	0	0	0	0	0	0.979745293930865	0	0	0	0	0	0	0	0	0	0	0	0	0	0	0	0	0.989588969537506	0	0	0	0	0	0	0	0	0	0	0	0	0	0	0	0	0	0	0	0.843740870732022	0	0	0	0	0	0	0	0	0	0	0	0	0	0
0	0	0	0.784610447659236	0	0	0	0	0	0	0	0	0	0	0	0	0	0	0	0	0	0	0	0	0	0	0	0	0	0	0	0	0	0	0	0	0	0	0	0	0	0	0	0	0	0	0	0	0	0	0	0	0	0	0	0	0	0	0.892250893374808	0	0	0	0	0	0	0	0	0	0	0	0	0	0	0	0	0	0	0	0	0	0	0	0	0	0	0	0	0.98638728932768	0	0
0	0	0	0	0	0	0	0	0	0	0	0	0	0	0	0	0	0	0	0	0	0.879729605024858	0	0	0	0	0	0	0	0	0	0	0	0	0.73879162918824	0	0	0	0	0	0	0	0	0	0	0	0	0	0	0	0	0	0	0	0	0	0	0	0	0	0	0	0	0	0	0	0	0	0	0	0	0	0	0	0	0	0	0	0	0	0	0	0	0	0	0.911437180925106	0	0	0	0
0.920978050329505	0	0	0	0	0.906732674005767	0	0	0	0	0	0	0	0	0	0	0	0	0	0	0	0	0	0	0.96839051471585	0	0	0	0	0	0.717400725500765	0	0	0	0	0	0.906702808679273	0	0	0	0	0	0	0	0	0	0	0	0	0	0.892308551664039	0	0	0	0	0	0	0	0	0	0	0	0	0	0	0	0	0	0	0	0	0	0	0	0	0	0	0	0	0	0	0	0	0	0	0	0	0	0	0
0	0	0	0	0.898596489186448	0	0	0	0	0	0	0	0	0	0	0	0	0	0	0	0	0	0	0	0	0	0	0	0	0.799232146560552	0	0	0	0	0	0	0	0	0	0	0	0	0	0	0	0	0	0	0	0	0	0	0	0	0	0	0	0	0	0	0	0	0	0	0	0	0	0	0	0	0	0	0	0	0	0	0	0	0	0.871393054578387	0	0	0	0	0	0	0	0	0	0
0	0	0	0	0	0	0	0	0	0	0	0	0	0	0	0	0	0	0	0	0	0	0	0	0	0	0	0	0	0	0	0	0	0	0	0	0	0	0	0	0	0	0	0	0	0	0.599011218388681	0	0	0	0	0	0.630177594415853	0	0	0	0.748572536948737	0	0	0	0	0	0	0	0	0	0	0	0	0	0	0	0	0	0	0	0	0	0	0	0	0	0	0	0	0	0	0	0	0
0	0	0	0	0	0	0.637503692426585	0	0	0	0	0	0	0	0	0	0	0	0	0	0	0	0	0	0	0	0	0	0	0	0.996086715690878	0	0	0	0	0	0	0	0	0	0	0	0	0	0	0	0	0	0	0	0	0	0	0	0	0	0	0	0	0	0	0	0	0	0	0	0	0	0	0	0	0	0	0	0.593878892290611	0	0	0	0	0	0	0	0	0	0	0	0	0	0	0
0	0	0	0	0	0	0	0	0	0	0	0	0	0	0	0	0	0	0	0	0	0	0	0	0	0	0	0	0	0	0	0	0	0	0	0	0.692969408367499	0	0	0	0	0	0	0	0	0	0	0	0	0.949922351800837	0	0	0	0	0	0	0	0	0	0	0	0	0	0	0	0	0	0	0	0	0	0	0	0	0	0	0	0	0	0	0	0.97041264769733	0	0	0	0	0	0	0	0
0	0	0	0	0	0	0	0	0.982302784452057	0	0	0	0	0	0	0	0	0	0	0	0	0	0	0	0	0	0	0	0	0	0	0	0	0	0	0	0	0	0	0	0	0	0	0	0	0	0	0	0	0	0	0	0	0	0	0	0	0	0	0	0	0	0	0	0	0	0	0	0	0	0	0	0	0	0	0	0	0	0	0	0.951951532329574	0	0	0	0	0	0	0	0	0
0	0	0	0	0	0.759296414051723	0	0	0	0	0	0	0	0	0	0	0	0	0	0	0	0	0	0	0	0	0	0	0	0	0	0	0	0	0	0	0	0	0.647556644284617	0	0	0	0	0	0	0	0	0	0	0	0	0	0	0	0	0	0	0	0.974028886720878	0	0	0	0	0	0	0	0	0	0	0	0	0	0	0	0	0	0	0	0	0	0	0	0	0	0	0	0	0	0	0
0	0	0	0	0	0	0	0	0	0.905578414732221	0	0	0	0	0	0	0	0	0	0	0.848393878895476	0	0	0	0	0	0	0	0	0	0	0	0	0	0	0	0	0	0	0	0	0	0	0	0.836150539219264	0	0	0	0	0	0	0	0	0	0	0	0	0	0	0	0	0	0	0	0	0	0	0	0	0	0	0	0.942451575544926	0	0	0	0	0	0	0	0	0	0	0	0	0	0	0	0	0
0	0	0.782638937524945	0.930899419005487	0	0	0	0	0	0	0	0	0	0	0	0	0	0	0	0	0	0	0	0.899835717768114	0	0	0	0	0	0	0	0	0	0	0	0	0	0	0	0	0	0	0	0	0	0	0	0	0	0	0	0	0	0	0	0	0	0	0	0	0	0	0	0	0	0	0	0	0	0	0	0	0.605434683170369	0	0	0	0	0	0.990326408246087	0	0	0	0	0	0	0	0	0	0	0
0	0	0	0	0	0	0	0	0	0	0	0	0	0	0	0	0	0	0	0	0	0	0	0	0	0	0	0	0	0	0	0	0	0	0	0	0	0	0	0	0	0	0	0	0	0	0	0	0	0	0	0	0	0.733062682919905	0	0	0	0	0	0	0	0	0	0	0	0	0	0	0	0	0.942451575544926	0.605434683170369	0	0	0	0	0	0	0	0	0	0	0	0	0	0	0	0	0	0.89257156939267
0	0	0	0	0	0	0	0	0	0	0	0	0	0.768477468879998	0	0	0	0	0	0	0	0	0	0	0	0	0	0	0	0	0	0	0	0	0	0	0	0	0	0	0	0	0	0	0	0	0	0	0	0	0	0	0	0	0	0	0	0	0	0	0	0	0	0	0	0	0	0	0	0	0	0	0	0	0	0	0	0	0.597815767724559	0	0	0	0	0	0	0	0	0	0	0
0	0	0	0	0	0	0	0	0	0.798846233642238	0	0	0	0	0	0	0	0	0	0	0.743070220743348	0	0	0	0	0	0	0	0	0	0	0	0	0	0	0	0	0	0	0	0	0	0	0	0	0	0	0	0	0	0	0	0	0.908613740687465	0	0	0	0	0	0	0	0	0	0	0	0	0.593878892290611	0	0	0	0	0	0	0	0	0	0	0	0	0	0	0	0	0	0	0	0	0	0	0
0	0	0	0	0	0	0	0	0	0	0	0.736064236740729	0	0	0	0	0	0	0	0	0	0	0	0	0	0	0	0	0	0	0	0	0	0	0	0	0	0	0	0	0	0	0	0	0	0	0	0	0	0	0	0	0	0	0	0	0	0	0.857223760365443	0	0.843740870732022	0	0	0	0	0	0	0	0	0	0	0	0	0	0	0	0	0	0	0	0	0	0.857759272699874	0	0	0.969949220998006	0	0	0	0
0	0	0	0	0	0	0	0	0	0	0	0.931700754783652	0	0	0	0	0	0	0	0	0	0	0	0	0	0	0	0	0	0	0	0	0	0	0	0	0	0	0	0	0	0	0	0.847040516891819	0	0	0	0	0	0	0	0.76727016162351	0	0	0	0	0	0	0	0	0	0	0	0	0	0	0	0	0	0	0	0	0	0	0	0	0	0	0	0	0	0	0	0	0	0	0	0	0	0
0	0.885251789459035	0	0	0	0	0	0	0.901184167429365	0	0	0	0	0	0	0	0	0	0	0	0	0	0	0	0	0	0	0	0	0.974317411948297	0	0	0	0	0	0.791712396877252	0	0	0	0	0	0	0	0	0	0	0	0	0	0	0	0	0	0	0	0	0	0	0	0	0	0	0	0	0	0	0	0	0	0	0	0	0	0	0	0	0	0	0	0	0	0	0	0	0	0	0	0	0	0
0	0	0	0	0	0	0	0	0	0	0	0	0	0	0	0	0	0	0	0	0	0	0	0	0	0	0	0	0	0	0	0	0	0	0	0	0	0	0	0	0	0	0	0	0	0.741348853406065	0	0	0	0	0	0	0	0	0	0	0	0.647519877131835	0	0	0	0	0	0	0	0	0	0	0	0	0	0.990326408246087	0	0.597815767724559	0	0	0	0	0	0	0	0	0	0	0	0	0	0	0	0
0	0	0	0	0	0	0	0	0	0	0	0	0	0	0	0	0	0	0	0	0	0	0	0	0	0	0	0	0	0	0	0	0	0	0	0	0	0	0	0	0	0	0	0.866603763810143	0	0	0	0	0	0	0	0	0	0	0.590424903718734	0	0	0	0	0	0	0	0	0	0.871393054578387	0	0	0	0	0	0	0	0	0	0	0	0	0	0	0	0.94941076588453	0	0	0	0	0	0	0	0	0
0	0	0	0	0	0	0	0	0	0	0	0	0	0	0	0	0	0	0.918526104705575	0	0	0	0	0	0	0.982992231166956	0	0	0	0	0	0	0	0	0	0	0	0	0.91524650213569	0	0	0	0	0	0	0	0	0	0	0	0	0	0	0	0	0	0.82705975625706	0	0	0	0	0	0	0	0	0	0	0	0.951951532329574	0	0	0	0	0	0	0	0	0	0	0.94941076588453	0	0	0	0	0	0	0	0	0	0
0	0	0	0	0	0	0	0	0	0	0	0	0	0	0	0	0	0	0	0	0	0	0	0	0.973725237355375	0	0	0	0	0	0	0	0	0	0	0	0	0	0	0	0	0	0	0	0	0	0	0	0	0	0	0.661218751533503	0	0	0	0	0	0	0	0	0	0	0	0	0	0	0	0.97041264769733	0	0	0	0	0	0	0	0	0	0	0	0	0	0	0	0.931659896120148	0	0	0	0	0	0
0	0	0	0	0	0	0	0	0	0	0.978929833003044	0	0	0	0	0	0	0	0	0	0	0	0	0	0	0.882723109256596	0	0	0	0.86345237245556	0	0	0	0	0	0	0	0	0	0	0	0	0	0	0	0	0	0	0	0	0	0	0	0	0	0	0	0	0	0	0	0	0	0	0	0	0	0	0	0	0	0	0	0	0	0.857759272699874	0	0	0	0	0	0	0	0	0	0	0	0	0	0
0	0	0	0	0	0.786238468510247	0	0	0	0	0	0	0	0	0	0	0	0	0	0	0	0	0	0.922227054934506	0	0	0	0	0	0	0	0	0	0	0	0	0	0	0	0	0	0	0	0	0	0	0	0	0	0	0	0	0	0	0	0	0	0	0	0	0	0	0	0	0	0	0	0	0	0	0	0	0	0	0	0	0	0	0	0	0	0.931659896120148	0	0	0	0.824892387117605	0	0.702291221205272	0	0
0	0	0	0	0	0	0	0	0	0	0.787164042769409	0	0	0	0	0	0	0	0	0	0	0	0	0	0	0	0	0.667591102265807	0	0	0	0	0	0.866896280722594	0	0	0	0	0	0	0	0	0	0	0	0	0	0	0	0	0	0.875523208782613	0.950915528869397	0	0	0	0	0	0	0	0	0	0	0	0	0	0	0	0	0	0	0	0	0	0	0	0	0	0	0	0	0	0	0	0	0	0	0	0	0
0	0	0	0	0	0	0	0	0	0	0	0	0	0	0	0	0.612954877005767	0.9614448069449	0	0	0	0	0	0	0	0	0	0	0	0	0	0	0	0	0	0	0.684058520462036	0	0	0	0	0	0	0	0	0	0	0	0	0	0	0	0	0	0	0	0	0	0	0	0	0	0.911437180925106	0	0	0	0	0	0	0	0	0	0	0	0	0.969949220998006	0	0	0	0	0	0	0	0.824892387117605	0	0	0	0	0	0
0	0	0	0	0	0	0	0	0	0	0	0	0	0	0	0.750983317828326	0	0	0	0	0	0	0	0.542098982769881	0.788687500524062	0	0	0	0	0	0	0	0	0	0	0	0	0	0	0	0	0	0.61287873194221	0	0	0	0	0	0	0	0	0	0	0	0	0	0	0	0	0	0	0	0	0	0	0	0	0	0	0	0	0	0	0	0	0	0	0	0	0	0	0	0	0	0	0	0	0	0	0
0	0	0	0	0	0	0	0	0	0	0	0	0	0	0	0	0	0	0	0	0	0	0	0	0	0	0	0	0	0	0	0	0	0	0	0	0	0	0	0	0	0	0	0	0.799943823660779	0	0	0	0	0	0	0	0	0	0	0	0	0	0	0	0	0.98638728932768	0	0	0	0	0	0	0	0	0	0	0	0	0	0	0	0	0	0	0	0	0	0.702291221205272	0	0	0	0	0	0.913437368045418
0.726449667915327	0	0	0	0	0	0	0	0	0	0	0	0	0	0	0	0.64081553375646	0	0	0	0	0	0	0	0	0	0	0	0	0	0	0	0	0	0	0	0	0	0	0	0	0	0	0	0	0	0	0	0	0	0.880445314758707	0	0	0	0	0	0	0	0	0	0	0	0	0	0	0	0	0	0	0	0	0	0	0	0	0	0	0	0	0	0	0	0	0	0	0	0	0	0	0
0.67609948228405	0	0	0	0	0	0	0	0	0	0	0	0	0	0	0	0	0	0	0	0	0	0	0	0	0	0	0	0	0	0	0	0	0	0	0	0	0	0.884956986487273	0	0	0	0	0	0	0	0	0	0	0	0	0	0	0	0	0	0	0	0	0	0	0	0	0	0	0	0	0	0	0	0	0	0.89257156939267	0	0	0	0	0	0	0	0	0	0	0	0	0	0	0.913437368045418	0	0
