0	0	0	0	0	0.886299423300909	0	0	0	0	0	0	0	0	0	0	0	0	0	0	0	0	0	0	0	0	0	0	0	0	0	0	0	0	0	0	0	0	0	0	0	0	0	0	0	0.897849480572126	0	0	0	0	0	0	0	0	0	0	0	0	0	0	0	0	0	0	0	0	0	0	0	0	0	0	0	0	0	0	0	0	0	0	0	0.750871559836442	0	0	0	0	0	0	0	0
0	0	0	0	0	0	0	0	0	0	0	0	0	0	0	0	0	0	0	0	0	0	0	0	0	0	0	0	0	0	0	0	0	0	0	0	0	0	0	0	0	0	0.988386398231216	0	0	0	0	0	0	0	0	0	0	0	0.957898250716033	0	0	0	0	0	0	0	0.824095544676358	0	0	0	0	0	0.756142094375187	0	0	0	0	0	0	0.852328744563828	0	0	0	0	0	0	0	0	0	0	0	0	0	0
0	0	0	0	0.819408749017618	0	0	0	0	0	0	0	0	0	0	0	0	0	0	0	0	0	0	0	0	0	0	0	0	0	0	0	0	0	0	0	0	0	0	0	0	0	0	0	0.959780744832442	0	0	0	0	0	0	0	0	0	0	0	0.637149002153881	0	0	0	0	0	0	0	0	0	0	0.953073980680552	0	0	0	0	0	0.773712967561254	0	0	0	0.976120119917428	0	0	0	0	0	0	0	0	0	0	0	0
0	0	0	0	0	0	0	0	0	0	0	0	0	0	0	0	0	0	0	0	0	0	0	0	0	0	0	0	0	0	0	0	0	0	0.942160606853117	0	0	0	0	0	0	0	0	0	0	0	0	0	0	0	0	0	0	0	0.850008162218155	0	0	0	0	0	0	0	0	0.695836452015634	0	0	0	0	0	0	0	0	0	0	0	0	0	0	0	0	0	0	0	0	0	0	0	0	0	0
0	0	0.819408749017618	0	0	0	0.624404230198643	0	0	0	0	0	0	0	0	0	0	0	0	0	0	0	0	0	0	0	0	0	0	0	0	0	0	0	0	0	0.728782156625028	0	0	0	0	0	0	0.805076349515824	0.934677547799911	0	0	0	0	0	0	0	0	0	0	0	0	0	0	0	0	0	0	0	0	0	0	0	0	0	0	0	0	0	0	0	0	0	0	0	0	0	0	0	0	0	0	0	0	0
0.886299423300909	0	0	0	0	0	0	0	0	0	0	0	0	0	0	0	0	0.927305038475319	0	0	0	0	0	0	0	0	0	0	0	0	0	0	0	0	0	0	0	0	0	0	0	0	0	0	0	0	0	0	0	0	0	0	0	0	0	0	0	0	0	0	0	0	0	0	0	0	0	0	0	0	0	0	0	0.994582608362229	0	0	0	0	0	0	0	0	0	0	0	0	0	0	0	0
0	0	0	0	0.624404230198643	0	0	0	0	0	0.791110315296048	0	0	0	0	0	0	0	0	0	0	0	0	0	0	0	0	0	0	0	0	0	0	0.916642634461567	0	0.870118004622322	0	0	0	0	0	0	0	0	0	0	0	0	0	0	0	0.647098451517812	0	0	0	0	0	0	0	0	0	0	0	0	0	0	0	0	0	0	0	0	0	0	0	0	0	0	0	0	0	0	0	0	0	0	0	0	0	0
0	0	0	0	0	0	0	0	0.914858054351164	0	0	0	0	0	0	0	0	0	0	0	0	0	0	0	0	0	0	0	0	0	0	0	0.994379298861622	0	0	0	0	0	0	0	0	0	0	0	0	0	0	0	0	0	0.899060256367759	0	0	0	0	0	0	0	0	0	0.714296096990804	0	0	0	0	0	0	0	0	0	0	0	0.76877641073769	0	0.857176296599468	0	0	0	0	0	0	0	0	0	0	0	0	0	0	0
0	0	0	0	0	0	0	0.914858054351164	0	0.817053695815642	0	0	0	0	0	0	0	0	0	0	0	0	0	0.930328531126078	0	0	0	0	0	0.869494670528995	0	0	0	0.981069094027229	0	0	0	0	0	0	0	0	0	0	0	0	0	0	0	0	0	0	0	0	0	0	0	0	0	0	0	0	0	0	0	0	0	0	0	0	0	0	0	0	0	0	0	0	0	0	0	0	0	0	0	0	0	0	0	0
0	0	0	0	0	0	0	0	0.817053695815642	0	0	0.893790064856002	0	0	0	0	0	0	0	0	0	0	0	0	0	0	0	0	0	0	0	0	0	0	0	0	0	0	0	0	0	0	0	0	0	0	0	0	0	0	0	0	0	0	0	0	0	0	0	0	0	0	0	0	0	0	0	0	0	0	0	0	0	0.788038070676803	0	0	0	0	0	0	0	0	0	0	0	0	0	0	0	0
0	0	0	0	0	0	0.791110315296048	0	0	0	0	0	0	0	0	0	0	0	0	0	0	0	0	0	0	0	0	0	0	0	0	0	0	0	0	0	0	0	0	0	0	0	0	0	0	0	0	0	0	0	0	0	0	0	0	0	0	0	0	0	0	0	0	0	0	0	0	0	0	0	0	0	0	0	0	0	0	0	0	0.73991407769809	0.860581046881261	0	0	0	0	0	0	0	0	0
0	0	0	0	0	0	0	0	0	0.893790064856002	0	0	0	0	0	0	0	0	0	0	0	0	0	0	0	0	0	0	0	0	0	0	0	0	0	0	0	0	0	0	0	0	0	0	0	0	0	0	0.951467520332836	0	0	0	0	0	0	0	0	0	0	0	0.795776123683454	0	0	0	0	0	0	0	0	0	0	0	0	0	0	0	0.812675663190508	0	0	0	0	0	0	0	0	0	0	0	0	0
0	0	0	0	0	0	0	0	0	0	0	0	0	0.815666135169858	0	0	0	0	0	0	0	0	0	0	0	0	0	0	0.744863324978737	0	0	0	0	0	0	0	0	0	0	0	0	0	0	0	0	0	0	0	0	0	0	0	0	0	0	0	0	0	0	0.811038580279655	0	0	0	0	0	0	0	0	0	0	0	0	0	0	0	0	0	0	0	0	0	0	0	0	0	0	0	0	0	0
0	0	0	0	0	0	0	0	0	0	0	0	0.815666135169858	0	0	0	0	0.853693129087034	0	0	0	0	0	0	0	0	0	0	0.641461435671269	0	0	0	0	0	0	0	0	0	0	0	0	0.847068929466022	0	0	0	0	0	0	0	0	0	0	0	0	0.718050310799749	0	0	0	0	0	0	0	0	0	0	0	0	0	0	0	0	0.720662367495629	0	0	0	0	0	0	0	0	0	0	0	0	0	0	0	0	0	0
0	0	0	0	0	0	0	0	0	0	0	0	0	0	0	0.945408966795643	0	0	0	0	0	0	0	0	0	0	0	0	0	0	0	0	0	0	0	0	0	0	0	0	0	0	0	0	0	0	0	0	0	0	0	0	0	0	0	0	0	0	0	0.82732258855504	0	0	0	0	0	0	0	0	0	0	0	0	0	0	0	0	0	0	0	0	0	0	0	0	0	0	0	0	0	0
0	0	0	0	0	0	0	0	0	0	0	0	0	0	0.945408966795643	0	0	0	0	0	0	0	0	0	0	0	0	0	0	0	0	0	0	0	0	0	0	0	0	0	0	0	0	0	0	0	0	0	0	0.881437256964572	0	0	0	0	0	0.771636273354626	0	0	0	0	0	0	0.901970141953509	0	0	0	0	0	0	0	0	0	0	0	0	0	0	0	0	0	0.662192076002428	0	0	0	0	0	0	0	0	0
0	0	0	0	0	0	0	0	0	0	0	0	0	0	0	0	0	0	0	0	0	0	0	0	0	0	0	0.933119663426019	0	0	0	0	0	0	0	0	0	0	0	0.96151005708451	0	0	0.985417926784404	0	0	0	0	0	0	0	0	0	0	0	0	0	0	0	0	0.952989814018124	0	0	0	0	0	0	0	0	0	0	0	0	0	0	0	0	0	0	0	0	0	0	0	0	0	0	0	0	0	0
0	0	0	0	0	0.927305038475319	0	0	0	0	0	0	0	0.853693129087034	0	0	0	0	0	0	0	0	0.796770909955224	0	0	0	0	0	0	0	0	0	0	0	0	0	0	0	0	0	0	0	0	0	0	0	0	0	0	0	0	0	0	0	0	0	0	0	0	0	0	0	0	0	0	0	0	0	0	0	0	0	0	0	0	0	0	0	0	0	0	0	0	0	0	0	0	0	0	0
0	0	0	0	0	0	0	0	0	0	0	0	0	0	0	0	0	0	0	0.996241579116083	0	0	0	0	0.711587437451214	0	0	0	0	0	0	0	0	0	0.919206244554503	0	0.953511987026657	0	0	0	0	0	0.711524183274633	0	0	0	0.866383330917813	0	0	0	0	0	0	0	0	0	0	0	0	0	0	0	0	0	0	0	0	0	0	0	0	0	0	0	0	0	0	0	0	0	0	0	0	0	0.852871660583466	0	0	0	0	0
0	0	0	0	0	0	0	0	0	0	0	0	0	0	0	0	0	0	0.996241579116083	0	0	0	0	0	0	0	0	0	0	0	0	0	0	0	0	0	0	0	0	0	0	0	0.550552331386133	0	0	0	0	0	0	0	0	0	0	0	0	0	0	0	0	0	0	0	0	0	0	0	0	0	0	0	0	0	0	0	0	0	0	0	0.981873462219112	0	0	0	0	0	0	0	0	0	0	0
0	0	0	0	0	0	0	0	0	0	0	0	0	0	0	0	0	0	0	0	0	0	0	0	0	0	0	0	0	0.857420078445194	0	0	0	0	0	0	0	0.866746581488029	0	0	0	0	0	0	0	0	0	0	0	0	0	0	0	0.859716178996617	0	0	0	0	0	0	0	0	0	0	0	0	0	0	0	0	0	0	0	0	0	0	0	0	0	0	0	0	0	0	0	0	0	0	0	0
0	0	0	0	0	0	0	0	0	0	0	0	0	0	0	0	0	0	0	0	0	0	0	0	0	0	0	0	0	0	0	0	0	0	0	0	0	0.833244970702995	0	0	0	0	0	0	0	0	0	0	0	0	0	0	0.958081247084392	0	0	0	0	0	0	0.78362631084443	0	0	0	0	0	0	0	0	0	0	0	0	0.866469235368337	0	0	0	0	0	0	0	0	0	0	0	0	0	0	0	0	0
0	0	0	0	0	0	0	0	0	0	0	0	0	0	0	0	0	0.796770909955224	0	0	0	0	0	0	0.800361979522789	0.781965376803257	0	0	0	0	0	0	0	0	0	0	0	0	0	0	0	0	0	0	0	0	0	0	0	0	0	0	0	0	0	0	0	0	0	0	0	0	0	0	0	0	0	0	0	0	0	0	0	0	0	0	0	0	0	0	0	0	0	0	0	0	0	0	0	0
0	0	0	0	0	0	0	0	0.930328531126078	0	0	0	0	0	0	0	0	0	0	0	0	0	0	0	0	0	0	0	0	0	0	0	0	0	0	0	0	0	0.950526875097457	0	0.926596153065311	0	0	0	0	0	0	0	0	0	0	0	0	0	0	0	0	0	0	0	0	0	0	0.798729994157007	0	0	0	0	0	0	0	0	0	0	0	0	0	0	0	0	0	0	0	0	0	0	0	0	0	0
0	0	0	0	0	0	0	0	0	0	0	0	0	0	0	0	0	0	0.711587437451214	0	0	0	0.800361979522789	0	0	0	0	0	0	0	0	0	0	0	0	0	0	0	0	0	0	0	0	0	0	0	0	0	0	0	0	0	0	0	0	0	0	0	0	0	0	0	0	0	0	0	0.686012216493353	0	0	0	0	0	0	0	0	0	0	0	0	0.919807607460274	0	0	0	0	0	0	0	0	0	0
0	0	0	0	0	0	0	0	0	0	0	0	0	0	0	0	0	0	0	0	0	0	0.781965376803257	0	0	0	0	0	0	0	0	0	0	0	0	0	0	0	0	0	0.781018149239728	0	0	0	0	0	0	0	0	0	0	0	0.756081771645224	0	0	0	0	0	0	0	0	0	0	0	0	0	0	0	0	0	0	0	0	0	0	0	0	0	0	0	0	0	0	0	0	0	0	0	0	0
0	0	0	0	0	0	0	0	0	0	0	0	0	0	0	0	0	0	0	0	0	0	0	0	0	0	0	0	0	0	0	0	0	0	0	0	0	0	0	0	0	0	0.9455149944334	0	0	0	0	0	0	0	0	0	0	0	0	0	0	0	0	0.932075338009411	0	0	0	0	0	0	0	0	0	0	0	0	0	0	0	0	0	0	0	0	0	0	0	0	0	0	0	0	0	0
0	0	0	0	0	0	0	0	0	0	0	0	0	0	0	0	0.933119663426019	0	0	0	0	0	0	0	0	0	0	0	0	0	0	0	0	0	0	0	0	0	0	0	0	0	0	0	0.702778489549774	0	0	0	0	0	0	0	0	0	0	0	0	0	0	0	0	0	0	0	0	0	0	0	0	0	0	0	0	0	0	0	0	0	0	0	0	0	0	0	0.885791321236783	0	0.690693108991008	0	0	0
0	0	0	0	0	0	0	0	0	0	0	0	0.744863324978737	0.641461435671269	0	0	0	0	0	0	0	0	0	0	0	0	0	0	0	0	0	0	0	0	0	0.656097089604608	0	0	0	0	0	0	0	0	0	0	0	0	0	0	0	0	0	0	0	0	0	0	0	0	0	0	0	0	0	0	0	0	0	0	0	0	0	0	0	0	0	0	0	0	0	0	0	0	0	0	0	0	0	0
0	0	0	0	0	0	0	0	0.869494670528995	0	0	0	0	0	0	0	0	0	0	0	0.857420078445194	0	0	0	0	0	0	0	0	0	0	0	0	0	0	0	0	0	0	0	0	0	0	0	0	0	0	0	0	0.603904653278515	0	0	0	0	0	0	0	0.986709627481436	0	0	0	0	0	0	0	0	0	0	0	0	0	0	0	0	0	0	0	0	0	0	0	0	0	0	0	0	0	0	0	0
0	0	0	0	0	0	0	0	0	0	0	0	0	0	0	0	0	0	0	0	0	0	0	0	0	0	0	0	0	0	0	0	0	0	0	0	0	0	0.99048137424556	0	0	0	0	0	0	0	0	0	0.811562553177861	0	0	0	0	0	0	0	0	0	0	0	0	0	0	0	0	0	0	0	0	0	0.876776997775395	0	0	0	0	0	0	0	0	0	0	0	0	0	0	0	0	0	0	0
0	0	0	0	0	0	0	0	0	0	0	0	0	0	0	0	0	0	0	0	0	0	0	0	0	0	0	0	0	0	0	0	0	0	0	0	0	0	0	0	0	0	0	0	0	0	0	0	0	0	0	0	0	0.830851454440148	0	0	0	0	0	0	0	0	0	0	0	0	0	0	0	0	0.589317782033396	0.708497193954081	0	0	0	0	0	0	0	0	0	0	0	0	0	0	0	0	0	0
0	0	0	0	0	0	0	0.994379298861622	0	0	0	0	0	0	0	0	0	0	0	0	0	0	0	0	0	0	0	0	0	0	0	0	0	0	0	0	0	0	0	0	0	0	0	0	0	0	0	0	0	0	0	0	0	0.944461953539308	0	0	0	0	0	0	0	0	0	0	0	0	0	0	0.680898436158921	0	0	0	0	0	0	0	0	0	0	0	0	0	0	0	0	0	0	0	0	0
0	0	0	0	0	0	0.916642634461567	0	0.981069094027229	0	0	0	0	0	0	0	0	0	0	0	0	0	0	0	0	0	0	0	0	0	0	0	0	0	0	0	0	0	0	0	0	0	0	0	0	0	0	0	0	0	0.920929563988198	0	0	0	0.740572781936237	0	0	0	0	0	0	0	0	0	0	0	0	0	0.703067719790008	0	0	0	0	0	0	0	0	0	0	0	0	0	0	0	0	0	0	0	0	0
0	0	0	0.942160606853117	0	0	0	0	0	0	0	0	0	0	0	0	0	0	0.919206244554503	0	0	0	0	0	0	0	0	0	0	0	0	0	0	0	0	0	0	0	0	0	0	0	0	0	0	0	0	0	0	0	0	0	0	0	0	0	0	0	0	0	0	0	0	0	0	0	0	0	0	0	0	0	0	0	0.995770961994294	0	0	0	0	0	0	0	0	0.977281915477648	0	0	0	0	0	0
0	0	0	0	0	0	0.870118004622322	0	0	0	0	0	0	0	0	0	0	0	0	0	0	0	0	0	0	0	0	0	0.656097089604608	0	0	0	0	0	0	0	0	0	0	0	0	0	0	0	0	0	0	0	0	0	0	0	0	0	0	0	0	0	0.732461727774181	0	0	0	0	0.949002093346438	0	0	0	0.793385701257745	0	0	0	0	0	0	0	0	0	0	0	0	0	0	0	0	0	0	0	0.99742645193344	0	0
0	0	0	0	0.728782156625028	0	0	0	0	0	0	0	0	0	0	0	0	0	0.953511987026657	0	0	0	0	0	0	0	0	0	0	0	0	0	0	0	0	0	0	0	0	0	0	0	0	0	0	0	0	0	0	0	0	0	0	0	0	0	0	0	0	0	0	0	0	0	0	0	0	0	0	0	0	0	0	0	0	0	0	0	0	0	0	0	0	0	0	0.783160588863586	0	0	0	0
0	0	0	0	0	0	0	0	0	0	0	0	0	0	0	0	0	0	0	0	0.866746581488029	0.833244970702995	0	0	0	0	0	0	0	0	0	0	0	0	0	0	0	0	0.903720253466824	0	0	0	0	0	0	0.641797138123954	0	0	0	0	0	0	0	0	0	0	0	0	0	0	0	0	0	0	0	0	0	0	0	0	0	0	0	0	0.962117703645328	0	0	0	0	0	0	0	0	0	0	0	0	0	0	0
0	0	0	0	0	0	0	0	0	0	0	0	0	0	0	0	0	0	0	0	0	0	0	0.950526875097457	0	0	0	0	0	0	0.99048137424556	0	0	0	0	0	0	0.903720253466824	0	0	0	0	0	0	0	0	0	0	0	0	0	0	0	0	0	0	0	0	0	0	0	0	0	0	0	0	0	0	0	0	0	0	0	0	0	0	0	0.732241662291252	0	0	0	0	0.96806119319411	0	0	0	0	0	0	0
0	0	0	0	0	0	0	0	0	0	0	0	0	0	0	0	0.96151005708451	0	0	0	0	0	0	0	0	0	0	0	0	0	0	0	0	0	0	0	0	0	0	0	0	0	0	0	0	0	0	0	0	0	0	0	0	0	0	0	0	0	0	0.834235922629944	0	0	0	0	0	0	0	0	0	0	0	0	0	0	0	0	0	0	0	0	0	0	0	0	0	0	0	0	0	0
0	0	0	0	0	0	0	0	0	0	0	0	0	0	0	0	0	0	0	0	0	0	0	0.926596153065311	0	0.781018149239728	0	0	0	0	0	0	0	0	0	0	0	0	0	0	0	0	0	0	0	0	0	0	0	0	0	0	0	0	0	0	0	0	0	0	0	0	0	0	0	0	0	0	0	0	0	0	0	0	0	0	0	0	0	0	0	0	0	0	0	0	0	0	0	0
0	0	0	0	0	0	0	0	0	0	0	0	0	0.847068929466022	0	0	0	0	0	0	0	0	0	0	0	0	0	0	0	0	0	0	0	0	0	0	0	0	0	0	0	0	0	0	0	0	0	0	0	0	0	0	0	0	0	0	0	0	0	0	0	0	0	0	0	0	0	0	0	0	0	0	0	0	0.818894131741876	0	0	0	0	0	0	0	0	0	0	0	0	0	0	0.937566566663056
0	0.988386398231216	0	0	0	0	0	0	0	0	0	0	0	0	0	0	0.985417926784404	0	0.711524183274633	0.550552331386133	0	0	0	0	0	0	0.9455149944334	0	0	0	0	0	0	0	0	0	0	0	0	0	0	0	0	0	0.935658603117053	0	0	0	0	0	0	0	0	0	0	0	0	0	0	0	0	0	0	0	0	0	0	0	0	0	0	0	0	0	0	0	0	0	0	0	0	0	0	0	0	0	0	0	0	0
0	0	0	0	0.805076349515824	0	0	0	0	0	0	0	0	0	0	0	0	0	0	0	0	0	0	0	0	0	0	0	0	0	0	0	0	0	0	0	0	0	0	0	0	0	0	0	0	0	0	0	0	0	0	0	0	0	0	0	0	0	0	0.902964680912349	0	0	0	0	0	0	0	0	0	0	0	0	0	0	0	0	0	0	0	0	0	0	0	0	0	0	0	0.686749453926867	0	0
0	0	0.959780744832442	0	0.934677547799911	0	0	0	0	0	0	0	0	0	0	0	0	0	0	0	0	0	0	0	0	0	0	0.702778489549774	0	0	0	0	0	0	0	0	0	0	0	0	0	0	0.935658603117053	0	0	0	0	0	0	0.984160054761524	0	0	0	0	0	0	0	0	0	0	0	0	0	0	0.720763019773077	0	0	0	0	0.725591005423253	0	0	0	0	0	0	0	0	0	0	0	0	0	0	0	0	0	0	0	0
0.897849480572126	0	0	0	0	0	0	0	0	0	0	0	0	0	0	0	0	0	0	0	0	0	0	0	0	0	0	0	0	0	0	0	0	0	0	0	0	0.641797138123954	0	0	0	0	0	0	0	0	0.865334126215862	0	0.857370022970414	0	0	0	0	0	0	0	0	0	0	0	0	0	0	0	0	0	0	0.825300047674223	0	0	0	0	0	0	0	0.949988284854712	0	0	0	0	0	0	0	0	0.879145208453748	0	0	0	0	0
0	0	0	0	0	0	0	0	0	0	0	0	0	0	0	0	0	0	0.866383330917813	0	0	0	0	0	0	0	0	0	0	0	0	0	0	0	0	0	0	0	0	0	0	0	0	0	0	0.865334126215862	0	0	0.798866230392344	0	0	0	0	0	0	0	0	0	0	0	0	0	0	0	0	0	0	0	0	0	0	0	0	0	0	0	0	0	0	0	0	0	0	0	0	0	0	0	0	0.672107799197645
0	0	0	0	0	0	0	0	0	0	0	0	0	0	0	0	0	0	0	0	0	0	0	0	0	0	0	0	0	0	0	0	0	0	0	0	0	0	0	0	0	0	0	0	0	0	0	0	0	0	0	0	0.564831429840587	0	0	0	0	0	0	0	0	0	0	0	0	0	0	0	0	0	0	0	0	0	0	0.982729178990306	0	0	0	0	0	0	0	0	0	0	0	0	0	0
0	0	0	0	0	0	0	0	0	0	0	0.951467520332836	0	0	0	0	0	0	0	0	0	0	0	0	0	0	0	0	0	0	0.811562553177861	0	0	0	0	0	0	0	0	0	0	0	0	0	0	0.857370022970414	0.798866230392344	0	0	0	0	0	0.670219617300398	0	0	0	0	0	0	0	0	0	0	0	0	0	0	0	0	0	0	0	0	0	0	0	0	0	0	0	0	0	0	0	0	0	0	0	0	0
0	0	0	0	0	0	0	0	0	0	0	0	0	0	0	0.881437256964572	0	0	0	0	0	0	0	0	0	0	0	0	0	0.603904653278515	0	0	0	0	0	0	0	0	0	0	0	0	0	0	0.984160054761524	0	0	0	0	0	0	0	0	0	0	0	0	0	0	0	0	0	0	0	0.999937092720243	0	0	0	0	0	0	0	0	0	0	0	0	0	0.853934158388508	0	0	0	0	0	0	0	0	0	0	0
0	0	0	0	0	0	0	0.899060256367759	0	0	0	0	0	0	0	0	0	0	0	0	0	0	0	0	0	0	0	0	0	0	0	0	0	0.920929563988198	0	0	0	0	0	0	0	0	0	0	0	0	0	0	0	0	0	0	0	0	0	0	0	0	0	0	0	0	0	0	0	0	0	0	0	0	0	0	0	0	0	0	0	0	0	0	0	0	0	0	0	0	0	0	0.95888370048486	0
0	0	0	0	0	0	0.647098451517812	0	0	0	0	0	0	0	0	0	0	0	0	0	0	0	0	0	0	0	0	0	0	0	0	0	0	0	0	0	0	0	0	0	0	0	0	0	0	0	0	0	0	0	0	0	0	0	0	0	0	0	0	0	0	0	0	0	0	0	0	0	0	0	0	0	0	0	0	0	0	0	0	0	0.989039185514996	0	0	0	0	0	0	0	0	0
0	0	0	0	0	0	0	0	0	0	0	0	0	0	0	0	0	0	0	0	0	0.958081247084392	0	0	0	0.756081771645224	0	0	0	0	0	0	0	0	0	0	0	0	0	0	0	0	0	0	0	0	0	0.564831429840587	0.670219617300398	0	0	0	0	0	0	0	0	0	0	0	0	0	0	0	0	0	0	0.658124006828497	0	0	0	0	0	0	0	0	0	0	0	0	0	0.963669013517153	0	0	0	0	0	0	0	0.881258870829476
0	0	0	0	0	0	0	0	0	0	0	0	0	0	0	0	0	0	0	0	0.859716178996617	0	0	0	0	0	0	0	0	0	0	0.830851454440148	0.944461953539308	0	0	0	0	0	0	0	0	0	0	0	0	0	0	0	0	0	0	0	0	0	0.98581522061189	0	0	0	0	0	0	0	0	0	0	0	0	0	0	0	0	0	0	0	0	0	0	0	0	0	0	0	0	0	0	0	0	0	0	0
0	0.957898250716033	0	0.850008162218155	0	0	0	0	0	0	0	0	0	0.718050310799749	0	0	0	0	0	0	0	0	0	0	0	0	0	0	0	0	0	0	0	0.740572781936237	0	0	0	0	0	0	0	0	0	0	0	0	0	0	0	0	0	0	0	0.98581522061189	0	0	0	0	0	0.83421696636089	0	0	0	0	0	0	0	0	0	0	0	0	0	0	0	0	0	0	0	0	0	0	0	0	0	0	0	0	0	0
0	0	0	0	0	0	0	0	0	0	0	0	0	0	0	0.771636273354626	0	0	0	0	0	0	0	0	0	0	0	0	0	0	0	0	0	0	0	0	0	0	0	0	0	0	0	0	0	0	0	0	0	0	0	0	0	0	0	0	0	0	0	0	0	0.863355939551637	0	0	0	0	0	0	0	0	0	0	0	0	0	0	0	0	0.957625663941778	0	0	0	0	0	0	0	0	0	0	0
0	0	0.637149002153881	0	0	0	0	0	0	0	0	0	0	0	0	0	0	0	0	0	0	0	0	0	0	0	0	0	0	0	0	0	0	0	0	0	0	0	0	0	0	0	0	0	0	0	0	0	0	0	0	0	0	0	0	0	0	0	0	0	0	0	0	0	0	0	0	0	0	0	0	0	0	0	0	0	0	0.637949973124255	0	0	0	0	0	0	0	0	0	0	0	0
0	0	0	0	0	0	0	0	0	0	0	0	0	0	0	0	0	0	0	0	0	0	0	0	0	0	0	0	0	0.986709627481436	0	0	0	0	0	0	0	0	0	0	0	0	0	0	0	0	0	0	0	0	0	0	0	0	0	0	0	0	0	0	0	0	0	0	0	0	0	0	0	0	0	0.791018637486298	0.706697418469687	0	0	0	0	0	0	0	0	0	0	0	0	0	0	0	0	0
0	0	0	0	0	0	0	0	0	0	0	0	0	0	0	0	0	0	0	0	0	0	0	0	0	0	0	0	0	0	0	0	0	0	0	0.732461727774181	0	0	0	0	0	0	0	0	0	0	0	0	0	0	0	0	0	0	0	0	0	0	0	0	0.991472721567709	0	0	0	0	0	0	0	0	0	0	0	0	0	0	0	0	0	0	0	0	0	0.752297956811467	0	0	0	0	0	0	0
0	0	0	0	0	0	0	0	0	0	0	0	0.811038580279655	0	0.82732258855504	0	0.952989814018124	0	0	0	0	0.78362631084443	0	0	0	0	0.932075338009411	0	0	0	0	0	0	0	0	0	0	0	0	0.834235922629944	0	0	0	0.902964680912349	0	0	0	0	0	0	0	0	0	0	0.83421696636089	0	0	0	0	0	0	0	0	0	0	0	0	0	0	0	0	0	0	0	0	0	0	0.769806381314925	0	0	0	0	0	0	0	0	0	0	0	0
0	0	0	0	0	0	0	0.714296096990804	0	0	0	0.795776123683454	0	0	0	0	0	0	0	0	0	0	0	0	0	0	0	0	0	0	0	0	0	0	0	0	0	0	0	0	0	0	0	0	0	0	0	0	0	0	0	0	0	0	0	0	0	0	0.991472721567709	0	0	0	0	0	0	0	0	0	0	0	0	0	0	0	0	0	0.993381709934437	0	0.929722295940748	0	0	0	0	0	0	0	0	0	0	0
0	0	0	0	0	0	0	0	0	0	0	0	0	0	0	0	0	0	0	0	0	0	0	0	0	0	0	0	0	0	0	0	0	0	0	0	0	0	0	0	0	0	0	0	0	0	0	0	0	0	0	0	0	0	0	0.863355939551637	0	0	0	0	0	0	0	0	0	0	0	0	0	0	0	0	0	0	0	0	0.596337837822724	0	0	0	0	0	0	0	0	0	0	0	0	0
0	0.824095544676358	0	0	0	0	0	0	0	0	0	0	0	0	0	0.901970141953509	0	0	0	0	0	0	0	0	0	0	0	0	0	0	0	0	0	0	0	0	0	0	0	0	0	0	0	0	0	0	0	0	0	0	0	0	0	0	0	0	0	0	0	0	0	0	0	0	0	0	0	0	0	0	0	0	0	0	0	0	0	0	0	0	0	0.958227732649178	0	0	0	0	0	0	0	0
0	0	0	0.695836452015634	0	0	0	0	0	0	0	0	0	0	0	0	0	0	0	0	0	0	0	0.798729994157007	0	0	0	0	0	0	0	0	0	0	0	0.949002093346438	0	0	0	0	0	0	0	0	0	0	0	0	0	0	0	0	0	0	0	0	0	0	0	0	0	0	0	0	0.610336482432621	0	0	0	0	0	0	0	0	0	0	0	0	0	0	0	0	0	0	0	0	0	0	0	0	0
0	0	0	0	0	0	0	0	0	0	0	0	0	0	0	0	0	0	0	0	0	0	0	0	0	0	0	0	0	0	0	0	0	0	0	0	0	0	0	0	0	0	0	0	0.720763019773077	0	0	0	0	0.999937092720243	0	0	0	0	0	0	0	0	0	0	0	0	0	0.610336482432621	0	0	0	0	0	0	0	0	0	0	0	0	0	0	0	0	0	0	0	0	0	0	0	0.829165675220862	0	0
0	0	0	0	0	0	0	0	0	0	0	0	0	0	0	0	0	0	0	0	0	0	0	0	0	0	0	0	0	0	0	0	0	0	0	0	0	0	0	0	0	0	0	0	0	0	0	0	0	0	0	0	0	0	0	0	0	0	0	0	0	0	0	0	0	0	0	0	0.579461832430808	0	0	0	0	0	0	0	0	0	0	0	0.611469188956281	0	0	0	0	0	0	0	0	0
0	0	0	0	0	0	0	0	0	0	0	0	0	0	0	0	0	0	0	0	0	0	0	0	0.686012216493353	0	0	0	0	0	0	0	0	0	0	0	0	0	0	0	0	0	0	0	0	0	0	0	0	0	0	0	0	0	0	0	0	0	0	0	0	0	0	0	0	0	0	0	0	0	0.736782164569401	0	0	0	0	0	0	0	0	0.805256771342582	0	0	0	0	0	0	0	0	0.777774499959921	0
0	0	0.953073980680552	0	0	0	0	0	0	0	0	0	0	0	0	0	0	0	0	0	0	0	0	0	0	0	0	0	0	0	0	0	0	0	0	0.793385701257745	0	0	0	0	0	0	0	0	0	0.825300047674223	0	0	0	0	0	0	0.658124006828497	0	0	0	0	0	0	0	0	0	0	0	0	0	0	0	0.820647123604748	0	0	0	0	0	0	0	0	0.982981057967402	0	0	0	0	0	0	0	0	0	0	0	0
0	0.756142094375187	0	0	0	0	0	0	0	0	0	0	0	0	0	0	0	0	0	0	0	0	0	0	0	0	0	0	0	0	0	0	0.680898436158921	0.703067719790008	0	0	0	0	0	0	0	0	0	0	0	0	0	0	0	0	0	0	0	0	0	0	0	0	0	0	0	0	0	0	0	0.579461832430808	0	0.820647123604748	0	0	0	0	0	0	0	0	0	0	0	0	0	0	0	0	0	0	0	0	0	0
0	0	0	0	0	0	0	0	0	0	0	0	0	0	0	0	0	0	0	0	0	0	0	0	0	0	0	0	0	0	0	0	0	0	0	0	0	0	0	0	0	0	0	0	0.725591005423253	0	0	0	0	0	0	0	0	0	0	0	0	0	0	0	0	0	0	0	0	0	0	0	0	0	0.67206282877107	0	0	0	0.744813200151576	0	0	0	0	0	0	0	0	0	0	0	0	0	0	0
0	0	0	0	0	0	0	0	0	0	0	0	0	0	0	0	0	0	0	0	0	0	0	0	0	0	0	0	0	0	0.876776997775395	0.589317782033396	0	0	0	0	0	0	0	0	0	0	0	0	0	0	0	0	0	0	0	0	0	0	0	0	0	0	0	0	0	0	0	0	0	0	0.736782164569401	0	0	0.67206282877107	0	0.901329611836654	0	0	0	0	0	0	0	0	0	0	0	0	0	0	0	0	0	0
0	0	0	0	0	0	0	0	0	0	0	0	0	0.720662367495629	0	0	0	0	0	0	0	0	0	0	0	0	0	0	0	0	0	0.708497193954081	0	0	0	0	0	0	0	0	0	0	0	0	0	0	0	0	0	0	0	0	0	0	0	0	0	0.791018637486298	0	0	0	0	0	0	0	0	0	0	0	0	0.901329611836654	0	0	0	0	0	0	0	0	0	0	0	0	0	0	0	0.939145337482338	0	0	0
0	0	0	0	0	0	0	0.76877641073769	0	0	0	0	0	0	0	0	0	0	0	0	0	0.866469235368337	0	0	0	0	0	0	0	0	0	0	0	0	0	0	0	0	0	0	0	0	0	0	0	0	0	0	0	0	0	0	0	0	0	0	0	0.706697418469687	0	0	0	0	0	0	0	0	0	0	0	0	0	0	0	0	0	0	0	0	0	0	0	0	0	0	0	0	0	0	0	0
0	0	0.773712967561254	0	0	0.994582608362229	0	0	0	0.788038070676803	0	0	0	0	0	0	0	0	0	0	0	0	0	0	0	0	0	0	0	0	0	0	0	0	0	0	0	0	0	0	0	0	0	0	0	0	0	0	0	0	0	0	0	0	0	0	0	0	0	0	0	0	0	0	0	0	0	0	0	0	0	0	0	0	0	0	0	0	0	0	0	0	0	0	0	0	0	0	0	0
0	0	0	0	0	0	0	0.857176296599468	0	0	0	0	0	0	0	0	0	0	0	0	0	0	0	0	0	0	0	0	0	0	0	0	0	0	0.995770961994294	0	0	0.962117703645328	0	0	0	0.818894131741876	0	0	0	0	0	0	0	0	0	0	0	0	0	0	0	0	0	0	0	0	0	0	0	0	0	0	0	0.744813200151576	0	0	0	0	0	0.992421642666163	0	0	0	0	0	0	0	0	0	0	0	0	0	0
0	0.852328744563828	0	0	0	0	0	0	0	0	0	0	0	0	0	0	0	0	0	0	0	0	0	0	0	0	0	0	0	0	0	0	0	0	0	0	0	0	0	0	0	0	0	0	0	0.949988284854712	0	0.982729178990306	0	0	0	0	0	0	0	0	0	0	0	0	0	0	0	0	0	0	0	0	0	0	0	0	0	0	0.992421642666163	0	0	0	0	0	0	0	0	0	0	0.924976629896338	0	0	0	0
0	0	0	0	0	0	0	0	0	0	0	0.812675663190508	0	0	0	0	0	0	0	0	0	0	0	0	0	0	0	0	0	0	0	0	0	0	0	0	0	0	0	0	0	0	0	0	0	0	0	0	0	0	0	0	0	0	0	0	0	0	0	0	0.993381709934437	0.596337837822724	0	0	0	0	0	0	0	0	0	0	0	0	0	0	0	0	0.864896371865979	0	0	0	0	0	0	0	0	0	0	0
0	0	0.976120119917428	0	0	0	0	0	0	0	0	0	0	0	0	0	0	0	0	0	0	0	0	0	0	0	0	0	0	0	0	0	0	0	0	0	0	0	0.732241662291252	0	0	0	0	0	0	0	0	0	0	0	0	0	0	0	0	0	0.637949973124255	0	0	0.769806381314925	0	0	0	0	0	0	0	0.982981057967402	0	0	0	0	0	0	0	0	0	0	0	0	0	0	0	0	0	0	0	0	0	0
0	0	0	0	0	0	0	0	0	0	0	0	0	0	0	0	0	0	0	0.981873462219112	0	0	0	0	0	0	0	0	0	0	0	0	0	0	0	0	0	0	0	0	0	0	0	0	0	0	0	0	0	0.853934158388508	0	0	0	0	0	0.957625663941778	0	0	0	0	0.929722295940748	0	0	0	0	0	0	0	0	0	0	0	0	0	0	0	0.864896371865979	0	0	0	0	0	0.806028273535199	0	0	0	0	0	0	0
0	0	0	0	0	0	0	0	0	0	0.73991407769809	0	0	0	0	0	0	0	0	0	0	0	0	0	0.919807607460274	0	0	0	0	0	0	0	0	0	0	0	0	0	0	0	0	0	0	0	0	0	0	0	0	0	0	0	0	0	0	0	0	0	0	0	0	0	0	0	0	0	0.805256771342582	0	0	0	0	0	0	0	0	0	0	0	0	0	0.902443747925652	0	0	0	0	0	0	0	0	0
0	0	0	0	0	0	0	0	0	0	0.860581046881261	0	0	0	0	0.662192076002428	0	0	0	0	0	0	0	0	0	0	0	0	0	0	0	0	0	0	0	0	0	0	0	0	0	0	0	0	0	0	0	0	0	0	0	0.989039185514996	0	0	0	0	0	0	0	0	0	0	0	0	0	0.611469188956281	0	0	0	0	0	0	0	0	0	0	0	0	0	0.902443747925652	0	0.876331054926611	0	0	0	0	0	0	0	0
0.750871559836442	0	0	0	0	0	0	0	0	0	0	0	0	0	0	0	0	0	0	0	0	0	0	0	0	0	0	0	0	0	0	0	0	0	0	0	0	0	0	0	0	0	0	0	0	0	0	0	0	0	0	0	0.963669013517153	0	0	0	0	0	0	0	0	0	0.958227732649178	0	0	0	0	0	0	0	0	0	0	0	0	0	0	0	0	0	0.876331054926611	0	0	0	0	0	0	0	0	0
0	0	0	0	0	0	0	0	0	0	0	0	0	0	0	0	0	0	0	0	0	0	0	0	0	0	0	0	0	0	0	0	0	0	0	0	0	0	0.96806119319411	0	0	0	0	0	0	0	0	0	0	0	0	0	0	0	0	0	0	0	0.752297956811467	0	0	0	0	0	0	0	0	0	0	0	0	0	0	0	0	0	0	0	0.806028273535199	0	0	0	0	0	0	0	0	0	0	0
0	0	0	0	0	0	0	0	0	0	0	0	0	0	0	0	0	0	0	0	0	0	0	0	0	0	0	0	0	0	0	0	0	0	0.977281915477648	0	0	0	0	0	0	0	0	0	0	0	0	0	0	0	0	0	0	0	0	0	0	0	0	0	0	0	0	0	0	0	0	0	0	0	0	0	0	0	0	0	0	0	0	0	0	0	0	0	0	0.813085133901346	0	0	0	0
0	0	0	0	0	0	0	0	0	0	0	0	0	0	0	0	0	0	0.852871660583466	0	0	0	0	0	0	0	0	0.885791321236783	0	0	0	0	0	0	0	0	0	0	0	0	0	0	0	0	0	0.879145208453748	0	0	0	0	0	0	0	0	0	0	0	0	0	0	0	0	0	0	0	0	0	0	0	0	0	0	0	0	0	0	0	0	0	0	0	0	0	0	0	0	0	0	0	0
0	0	0	0	0	0	0	0	0	0	0	0	0	0	0	0	0	0	0	0	0	0	0	0	0	0	0	0	0	0	0	0	0	0	0	0	0.783160588863586	0	0	0	0	0	0	0	0	0	0	0	0	0	0	0	0	0	0	0	0	0	0	0	0	0	0	0	0	0	0	0	0	0	0	0	0	0	0	0.924976629896338	0	0	0	0	0	0	0	0.813085133901346	0	0	0	0	0	0
0	0	0	0	0	0	0	0	0	0	0	0	0	0	0	0	0	0	0	0	0	0	0	0	0	0	0	0.690693108991008	0	0	0	0	0	0	0	0	0	0	0	0	0	0	0	0	0	0	0	0	0	0	0	0	0	0	0	0	0	0	0	0	0	0	0	0	0	0	0	0	0	0	0	0.939145337482338	0	0	0	0	0	0	0	0	0	0	0	0	0	0	0	0	0	0
0	0	0	0	0	0	0	0	0	0	0	0	0	0	0	0	0	0	0	0	0	0	0	0	0	0	0	0	0	0	0	0	0	0	0	0.99742645193344	0	0	0	0	0	0	0	0.686749453926867	0	0	0	0	0	0	0	0	0	0	0	0	0	0	0	0	0	0	0	0	0.829165675220862	0	0	0	0	0	0	0	0	0	0	0	0	0	0	0	0	0	0	0	0	0	0	0	0.966225911803811	0
0	0	0	0	0	0	0	0	0	0	0	0	0	0	0	0	0	0	0	0	0	0	0	0	0	0	0	0	0	0	0	0	0	0	0	0	0	0	0	0	0	0	0	0	0	0	0	0	0	0	0.95888370048486	0	0	0	0	0	0	0	0	0	0	0	0	0	0	0	0.777774499959921	0	0	0	0	0	0	0	0	0	0	0	0	0	0	0	0	0	0	0	0	0.966225911803811	0	0
0	0	0	0	0	0	0	0	0	0	0	0	0	0	0	0	0	0	0	0	0	0	0	0	0	0	0	0	0	0	0	0	0	0	0	0	0	0	0	0	0	0.937566566663056	0	0	0	0	0.672107799197645	0	0	0	0	0	0.881258870829476	0	0	0	0	0	0	0	0	0	0	0	0	0	0	0	0	0	0	0	0	0	0	0	0	0	0	0	0	0	0	0	0	0	0	0	0	0
