0	0	0.515213683103356	0	0	0	0	0	0	0	0	0	0.713905257061862	0	0	0	0	0	0	0.941810428747832	0	0	0	0	0	0	0	0	0	0	0	0	0	0	0	0	0	0	0	0	0	0	0	0	0	0	0	0	0	0	0	0	0	0	0	0	0	0	0	0	0	0	0	0	0	0	0	0	0	0	0	0	0	0	0	0	0	0	0	0	0	0	0	0	0	0	0	0	0	0
0	0	0	0	0	0	0	0	0	0	0	0	0	0	0	0	0	0	0	0	0	0	0	0	0	0.86209253168829	0	0	0	0	0	0	0	0	0	0	0	0	0	0	0	0	0	0	0	0	0	0	0.918846546696706	0	0	0	0	0.933544719363816	0	0	0	0	0.890426760668246	0	0	0	0	0	0	0	0	0	0	0	0	0	0	0	0	0	0	0	0.810645278286775	0	0	0	0	0	0	0	0	0	0	0
0.515213683103356	0	0	0	0	0	0	0	0	0	0	0	0	0	0	0	0	0	0	0	0	0	0	0	0	0	0	0	0	0	0	0	0	0	0	0	0	0	0	0	0	0.887286860267176	0	0	0	0	0	0	0	0	0	0	0	0	0	0	0	0	0	0	0	0	0	0	0	0	0	0	0	0	0	0	0	0	0	0	0	0	0	0	0	0	0	0	0	0	0	0	0	0
0	0	0	0	0	0	0	0	0	0	0	0	0	0	0	0.959635751399336	0	0	0	0	0	0	0	0	0	0	0	0	0	0	0	0	0	0.94304027103552	0	0	0	0	0.79199622091877	0	0	0	0	0	0	0	0	0	0	0.982453476869068	0.728856098749829	0	0.722507433588028	0	0	0	0	0	0	0	0	0	0	0	0	0	0	0	0	0	0	0	0	0	0	0	0	0	0	0	0	0	0	0	0	0	0	0	0	0
0	0	0	0	0	0	0	0	0	0	0	0	0	0	0	0	0	0	0	0	0	0	0	0	0	0	0	0	0	0	0	0	0	0	0	0.747927550399602	0	0	0	0	0.997173122914865	0	0	0	0	0	0	0	0	0	0	0	0	0	0	0	0	0	0	0	0	0	0	0	0	0	0	0	0	0	0	0	0.863316977934051	0	0	0	0	0	0	0	0	0	0	0.918429790515555	0	0	0	0	0	0
0	0	0	0	0	0	0	0.63740618058866	0	0	0	0	0	0	0	0	0	0	0	0	0	0.734691854150139	0	0	0	0	0	0	0	0	0.859056369001462	0	0.722670019688406	0	0	0	0	0	0	0	0	0	0	0	0	0	0	0	0	0	0	0	0	0	0	0	0	0	0	0	0	0	0	0	0	0	0	0	0	0	0	0	0	0	0	0	0	0	0	0	0	0	0	0	0	0	0	0	0	0
0	0	0	0	0	0	0	0	0	0	0	0	0	0	0	0	0	0	0	0	0	0	0	0	0	0	0	0	0	0	0	0	0	0	0	0	0	0	0	0	0	0	0	0	0.915330051327378	0	0	0	0	0	0	0	0	0	0	0	0.814350730096607	0	0	0	0	0	0.713201667220076	0	0	0	0	0	0	0	0	0	0.83639945649683	0	0	0	0	0	0	0	0	0	0	0	0	0	0.653325116342197	0	0	0
0	0	0	0	0	0.63740618058866	0	0	0	0	0	0	0	0	0	0	0	0	0	0	0.968926136804973	0	0	0	0	0	0	0	0	0.975012286220007	0	0.747399709987261	0	0	0	0	0	0	0	0	0	0	0	0	0	0	0	0	0	0	0	0	0	0	0	0	0	0	0	0	0	0	0	0	0	0	0	0	0	0	0	0	0	0	0	0	0	0	0	0	0	0	0	0	0	0	0	0	0	0.836118986161813
0	0	0	0	0	0	0	0	0	0	0	0	0	0	0	0	0	0	0	0	0	0	0	0	0	0	0	0	0	0	0	0	0	0	0	0	0	0	0	0	0	0	0	0	0	0.962266489449694	0	0	0	0	0	0	0	0	0	0	0.738833325740786	0	0	0.863465905969677	0	0	0	0	0	0	0	0	0	0	0	0	0	0	0	0	0	0	0	0	0	0	0	0	0	0	0	0	0	0
0	0	0	0	0	0	0	0	0	0	0.774951623660061	0	0	0	0	0	0	0.891160327126383	0	0	0	0	0	0	0	0	0	0	0	0	0	0	0	0	0	0	0	0	0	0	0	0	0	0	0	0	0	0.910539077270064	0	0	0	0	0	0	0	0	0	0	0.993833343243177	0	0	0	0	0	0	0	0	0	0	0	0	0	0	0	0	0	0	0	0	0	0	0	0	0	0	0	0	0	0	0
0	0	0	0	0	0	0	0	0	0.774951623660061	0	0	0.682205167816639	0	0	0	0	0	0	0	0	0	0	0	0	0	0	0	0	0	0	0	0	0	0	0	0	0	0	0.646213710165062	0	0	0	0	0	0	0	0	0	0	0	0	0	0	0	0	0	0	0	0	0	0	0	0	0	0	0	0	0	0	0	0	0	0	0	0	0	0.778535120121985	0	0	0	0	0	0	0	0	0	0	0	0
0	0	0	0	0	0	0	0	0	0	0	0	0	0	0	0	0	0	0	0	0	0	0	0	0.69910190980349	0	0	0	0	0	0	0	0	0	0	0	0	0	0	0	0	0	0	0	0	0	0	0	0	0	0	0	0	0	0	0	0	0	0	0	0	0	0	0.836389261412462	0	0.914697734357307	0	0	0	0	0	0	0.94672748592475	0	0	0	0.98745613962171	0	0	0	0	0	0	0	0	0	0	0	0	0
0.713905257061862	0	0	0	0	0	0	0	0	0	0.682205167816639	0	0	0	0	0	0	0.928826898029475	0.628739790376561	0	0	0	0	0	0	0	0	0	0	0	0	0	0	0	0	0	0	0	0	0	0.716337163428476	0	0	0	0	0	0	0	0	0	0	0	0.523078609062726	0	0	0	0	0	0	0	0	0	0	0	0	0	0	0	0	0	0	0	0	0	0	0	0	0	0	0	0	0	0	0	0	0	0	0	0	0
0	0	0	0	0	0	0	0	0	0	0	0	0	0	0	0	0	0	0	0	0	0	0	0	0	0	0	0	0	0	0	0	0	0	0	0	0	0	0	0	0	0	0	0	0	0	0	0	0	0	0	0.88260241986368	0	0	0	0	0	0	0	0	0	0	0	0	0	0	0	0	0	0	0	0	0	0	0	0	0	0	0	0.999060415572957	0	0	0	0	0	0	0	0	0	0
0	0	0	0	0	0	0	0	0	0	0	0	0	0	0	0.97901327000917	0	0	0	0	0	0	0	0	0	0	0	0	0	0	0	0	0	0	0.995165992886778	0	0.863529710898487	0	0	0	0	0	0	0.972286640693288	0	0	0	0	0	0.927221954747789	0	0	0	0	0	0	0	0	0	0	0	0	0	0	0	0	0	0	0	0	0	0	0	0	0	0	0	0	0	0	0	0	0	0	0.923658938430157	0	0	0	0	0
0	0	0	0.959635751399336	0	0	0	0	0	0	0	0	0	0	0.97901327000917	0	0	0	0	0	0	0	0	0.933391417484386	0	0	0	0	0	0	0	0	0	0	0	0	0	0	0	0	0	0	0	0	0	0	0	0	0.882537387875547	0	0	0	0	0	0	0.830845295039662	0	0	0	0	0	0	0	0	0	0	0	0	0.721877026624623	0	0	0	0	0	0	0	0	0	0	0	0	0.989411413294713	0	0	0	0	0	0	0	0
0	0	0	0	0	0	0	0	0	0	0	0	0	0	0	0	0	0	0.967434411765764	0	0	0	0	0	0	0	0	0	0	0	0	0	0	0	0	0	0	0	0	0	0	0	0	0	0.843611745411801	0	0	0	0	0	0	0	0	0	0	0	0	0	0	0	0	0	0	0	0	0	0	0	0	0	0	0.922852570775428	0	0	0	0	0	0	0	0	0	0	0	0	0	0	0	0	0	0
0	0	0	0	0	0	0	0	0	0.891160327126383	0	0	0.928826898029475	0	0	0	0	0	0	0	0	0	0	0	0	0	0	0.918275563562365	0	0	0	0	0	0	0	0	0	0	0	0	0	0	0	0	0	0	0	0	0	0	0	0	0	0	0	0	0	0	0	0	0	0	0	0	0	0	0	0	0	0	0	0	0	0	0	0	0	0	0	0.832243282476432	0	0	0	0	0	0	0	0	0	0
0	0	0	0	0	0	0	0	0	0	0	0	0.628739790376561	0	0	0	0.967434411765764	0	0	0.700425970754879	0.865715415196574	0	0	0	0	0	0	0	0	0	0	0	0	0	0	0	0	0	0	0	0	0	0	0	0	0	0	0	0	0	0	0	0	0	0	0	0	0	0	0	0	0	0	0	0	0	0	0	0	0	0	0	0	0	0	0	0	0	0	0	0	0	0	0	0	0	0	0	0	0
0.941810428747832	0	0	0	0	0	0	0	0	0	0	0	0	0	0	0	0	0	0.700425970754879	0	0	0.756627665777445	0	0	0	0	0	0	0	0	0	0	0	0	0	0	0	0	0	0	0	0	0	0	0	0	0	0	0	0	0	0	0	0	0	0	0	0	0	0	0	0	0	0.893900585245476	0	0	0	0	0	0	0	0	0	0	0	0	0	0	0	0	0	0	0	0	0	0	0	0	0	0
0	0	0	0	0	0	0	0.968926136804973	0	0	0	0	0	0	0	0	0	0	0.865715415196574	0	0	0	0	0	0	0	0	0	0	0	0	0	0	0	0	0	0	0	0	0	0	0	0	0	0	0	0	0	0	0	0	0	0	0	0	0	0	0	0	0	0	0.942004484010744	0	0	0	0	0	0	0	0	0	0	0	0	0	0	0.692614962391099	0	0	0	0	0	0	0.851057447226917	0	0	0	0	0	0
0	0	0	0	0	0.734691854150139	0	0	0	0	0	0	0	0	0	0	0	0	0	0.756627665777445	0	0	0	0	0	0	0	0	0	0	0	0	0	0	0	0	0	0	0	0	0	0	0	0	0	0	0	0	0	0	0	0	0	0	0	0	0	0	0	0	0	0	0	0	0	0	0	0	0	0	0	0	0	0	0	0	0	0	0	0	0	0.89261955218422	0	0	0	0	0	0	0	0
0	0	0	0	0	0	0	0	0	0	0	0	0	0	0	0	0	0	0	0	0	0	0	0	0	0	0	0	0	0	0	0	0	0	0	0	0	0	0	0.680696259957269	0	0	0	0	0	0	0.743122119298334	0	0	0	0	0	0	0	0	0	0	0	0	0	0	0	0	0	0	0	0	0	0	0	0	0	0	0	0	0	0	0	0	0	0	0	0	0	0	0	0	0	0	0.654623885546581
0	0	0	0	0	0	0	0	0	0	0	0	0	0	0	0.933391417484386	0	0	0	0	0	0	0	0	0	0.97298876372807	0	0	0	0	0	0	0	0	0	0.997759498663662	0	0	0	0	0	0	0	0	0	0	0	0.965615333896185	0	0	0	0	0	0	0	0	0	0	0	0	0	0	0	0	0	0	0	0	0	0	0	0	0	0	0	0	0	0	0	0	0	0	0	0	0	0	0	0	0	0
0	0	0	0	0	0	0	0	0	0	0	0.69910190980349	0	0	0	0	0	0	0	0	0	0	0	0	0	0	0.767507201586541	0	0	0	0	0	0	0	0	0	0	0	0	0	0	0	0	0	0	0	0	0	0	0	0	0	0	0	0	0	0	0	0	0	0	0	0	0	0	0	0	0	0	0.987464931547524	0	0	0	0	0	0	0	0	0	0	0	0	0	0	0	0	0	0	0	0
0	0.86209253168829	0	0	0	0	0	0	0	0	0	0	0	0	0	0	0	0	0	0	0	0	0	0.97298876372807	0	0	0	0	0	0	0	0	0	0	0	0	0	0	0	0	0	0	0	0	0	0	0	0	0	0	0	0	0	0	0	0	0	0	0	0	0	0.889508076202266	0	0	0	0	0	0	0	0	0	0	0	0	0	0.881231646660379	0	0	0	0	0	0	0	0	0	0	0	0	0	0
0	0	0	0	0	0	0	0	0	0	0	0	0	0	0	0	0	0	0	0	0	0	0	0	0.767507201586541	0	0	0.776577520050701	0	0	0	0	0	0	0	0	0	0	0	0	0	0	0	0	0	0.879927239840155	0	0	0	0	0	0	0	0	0	0	0	0	0	0	0	0	0	0	0	0	0	0	0	0	0	0.661261985566684	0	0	0	0	0	0	0	0	0	0	0	0	0	0	0	0	0	0
0	0	0	0	0	0	0	0	0	0	0	0	0	0	0	0	0	0.918275563562365	0	0	0	0	0	0	0	0	0.776577520050701	0	0.718704859805067	0	0	0	0	0	0	0	0	0	0	0	0	0	0	0	0	0	0	0	0	0	0	0	0	0	0	0	0	0	0	0	0	0	0	0	0	0	0	0	0	0	0	0	0	0	0	0	0	0	0	0	0	0	0	0	0	0	0	0	0	0
0	0	0	0	0	0	0	0	0	0	0	0	0	0	0	0	0	0	0	0	0	0	0	0	0	0	0	0.718704859805067	0	0	0	0	0	0	0	0	0	0.743764707305331	0	0	0	0	0	0	0	0	0	0	0	0.707107260887297	0	0	0	0	0	0	0	0	0	0	0	0	0	0	0	0	0	0	0	0	0	0	0.878864972211464	0	0	0	0.859508786460719	0	0	0	0	0	0.906805679488526	0	0	0	0	0	0	0
0	0	0	0	0	0	0	0.975012286220007	0	0	0	0	0	0	0	0	0	0	0	0	0	0	0	0	0	0	0	0	0	0	0	0	0	0	0	0	0	0	0	0	0	0	0	0	0	0	0	0	0	0	0	0	0	0	0	0	0	0	0	0	0	0	0	0	0	0	0	0	0	0	0	0.600619338522185	0	0	0	0	0	0	0	0	0	0	0	0	0	0	0	0	0	0
0	0	0	0	0	0.859056369001462	0	0	0	0	0	0	0	0	0	0	0	0	0	0	0	0	0	0	0	0	0	0	0	0	0	0	0	0	0	0	0	0	0	0	0	0.932275120832347	0	0	0	0	0	0	0	0	0	0	0	0	0	0	0	0	0.749782516685042	0	0	0	0	0	0	0	0	0	0	0	0	0	0.98254191715832	0	0	0	0	0	0.793032840592203	0	0	0	0	0	0	0	0	0	0	0
0	0	0	0	0	0	0	0.747399709987261	0	0	0	0	0	0	0	0	0	0	0	0	0	0	0	0	0	0	0	0	0	0	0	0	0	0	0	0	0	0	0	0.838651607642712	0	0	0	0	0	0	0	0.72150187090291	0	0	0	0	0	0.806334471722253	0	0	0	0	0	0	0	0	0	0	0	0	0	0	0	0	0	0	0	0	0	0	0	0.950260281730794	0	0	0	0	0	0	0	0	0.669405677556637	0	0	0
0	0	0	0	0	0.722670019688406	0	0	0	0	0	0	0	0	0	0	0	0	0	0	0	0	0	0	0	0	0	0	0	0	0	0	0	0.638756792406305	0	0	0	0	0	0	0	0	0	0	0	0	0	0	0	0	0	0	0	0	0	0	0	0	0	0	0	0	0	0	0	0	0	0	0	0	0	0	0	0	0	0	0.956794628414058	0	0	0	0	0	0	0	0	0	0	0	0	0
0	0	0	0.94304027103552	0	0	0	0	0	0	0	0	0	0	0	0	0	0	0	0	0	0	0	0	0	0	0	0	0	0	0	0	0.638756792406305	0	0	0	0	0	0	0	0	0	0	0	0	0	0	0	0	0	0	0	0	0	0	0.746107477806186	0	0.81443211670188	0	0	0	0	0	0	0	0	0	0	0	0	0	0	0	0	0	0	0	0	0	0	0	0	0	0	0	0	0	0	0	0
0	0	0	0	0	0	0	0	0	0	0	0	0	0	0.995165992886778	0	0	0	0	0	0	0	0	0	0	0	0	0	0	0	0	0	0	0	0	0	0	0	0	0	0	0	0	0	0	0	0	0	0	0	0	0	0	0	0	0	0	0	0	0	0	0	0	0	0	0	0.925611674483665	0	0	0	0	0	0	0	0	0	0	0	0	0	0	0	0	0	0	0	0	0	0	0
0	0	0	0	0.747927550399602	0	0	0	0	0	0	0	0	0	0	0	0	0	0	0	0	0	0	0.997759498663662	0	0	0	0	0	0	0	0	0	0	0	0	0	0	0	0	0	0	0	0	0	0	0	0	0	0	0	0	0	0	0	0	0	0	0	0	0	0	0	0	0	0	0	0	0	0	0	0	0	0	0	0	0	0	0	0	0	0	0	0	0	0	0	0	0	0
0	0	0	0	0	0	0	0	0	0	0	0	0	0	0.863529710898487	0	0	0	0	0	0	0	0	0	0	0	0	0	0	0	0	0	0	0	0	0	0	0	0.901410621363	0	0	0	0	0	0	0	0	0	0	0	0	0	0	0	0	0	0	0	0	0	0	0	0.995862635774395	0	0	0	0	0	0	0	0	0	0	0	0	0	0	0	0	0	0	0	0	0	0	0	0	0	0	0
0	0	0	0	0	0	0	0	0	0	0	0	0	0	0	0	0	0	0	0	0	0	0	0	0	0	0	0	0.743764707305331	0	0	0	0	0	0	0	0	0	0.865541721928704	0.845173244969469	0	0	0	0	0	0	0	0	0	0	0	0	0	0	0	0	0	0	0	0	0	0	0.782890315227999	0	0	0	0	0	0	0	0	0	0	0	0	0	0	0	0	0	0	0	0	0	0	0	0	0.866143706801008	0	0
0	0	0	0.79199622091877	0	0	0	0	0	0	0	0	0	0	0	0	0	0	0	0	0	0	0	0	0	0	0	0	0	0	0	0	0	0	0	0	0.901410621363	0.865541721928704	0	0	0	0	0	0	0.698069916461161	0	0	0	0	0	0	0	0	0	0	0	0	0	0	0	0	0	0	0	0	0	0	0	0	0	0	0	0	0	0.877131176396887	0	0	0	0	0.806507863883971	0	0	0	0	0.867387364538754	0	0	0	0	0
0	0	0	0	0	0	0	0	0	0	0.646213710165062	0	0	0	0	0	0	0	0	0	0	0	0.680696259957269	0	0	0	0	0	0	0	0	0.838651607642712	0	0	0	0	0	0.845173244969469	0	0	0	0	0	0	0	0	0	0	0	0	0	0.849948814116222	0	0	0	0	0	0	0	0	0	0	0	0	0	0	0	0	0	0	0	0	0	0	0	0	0	0	0	0	0	0	0	0	0	0	0	0	0	0
0	0	0	0	0.997173122914865	0	0	0	0	0	0	0	0.716337163428476	0	0	0	0	0	0	0	0	0	0	0	0	0	0	0	0	0	0	0	0	0	0	0	0	0	0	0	0	0	0	0	0	0	0	0	0	0	0	0	0	0	0	0	0	0	0	0	0	0	0	0	0.619060464838957	0	0	0	0	0	0	0	0.644036860082188	0	0	0	0	0	0	0	0	0	0	0	0	0	0	0	0	0
0	0	0.887286860267176	0	0	0	0	0	0	0	0	0	0	0	0	0	0	0	0	0	0	0	0	0	0	0	0	0	0	0	0.932275120832347	0	0	0	0	0	0	0	0	0	0	0	0.663096209405774	0	0	0.798750245541552	0	0	0	0	0	0	0	0	0	0	0.974371382961658	0	0	0	0	0	0	0	0	0	0	0	0	0	0	0	0	0	0.96432220683991	0	0	0.669716430933273	0	0	0	0	0	0	0	0	0	0	0	0
0	0	0	0	0	0	0	0	0	0	0	0	0	0	0	0	0	0	0	0	0	0	0	0	0	0	0	0	0	0	0	0	0	0	0	0	0	0	0	0	0	0.663096209405774	0	0	0	0	0	0	0	0	0	0	0	0	0.856891848122405	0	0	0	0	0	0	0	0	0.846342839937716	0	0	0	0	0	0	0.651026763256041	0	0	0	0	0	0	0	0	0	0	0	0	0	0	0.916578307836867	0	0	0.903421161806076	0
0	0	0	0	0	0	0	0	0	0	0	0	0	0	0.972286640693288	0	0	0	0	0	0	0	0	0	0	0	0	0	0	0	0	0	0	0	0	0	0	0	0	0	0	0	0	0	0	0.875216233672378	0	0	0	0	0	0	0	0	0	0	0	0	0	0	0	0	0	0	0	0	0	0	0	0	0	0	0	0	0	0	0	0	0	0	0	0	0	0	0	0	0	0	0	0
0	0	0	0	0	0	0.915330051327378	0	0	0	0	0	0	0	0	0	0.843611745411801	0	0	0	0	0	0	0	0	0	0	0	0	0	0	0	0	0	0	0	0	0	0.698069916461161	0	0	0	0	0	0	0	0	0	0	0	0	0	0	0	0	0	0	0	0	0	0	0	0	0	0	0	0	0	0	0	0	0	0	0	0	0	0	0	0	0	0	0	0	0	0	0	0	0	0	0
0	0	0	0	0	0	0	0	0.962266489449694	0	0	0	0	0	0	0	0	0	0	0	0	0	0	0	0	0	0.879927239840155	0	0	0	0	0	0	0	0	0	0	0	0	0	0	0.798750245541552	0	0.875216233672378	0	0	0	0	0	0	0	0	0	0	0.977127920585149	0	0	0	0	0	0	0	0	0	0	0	0	0.868854981910111	0	0	0	0	0	0	0	0	0	0	0	0	0	0	0	0	0	0	0	0	0	0
0	0	0	0	0	0	0	0	0	0	0	0	0	0	0	0	0	0	0	0	0	0	0.743122119298334	0	0	0	0	0	0	0	0	0	0	0	0	0	0	0	0	0	0	0	0	0	0	0	0	0	0	0	0	0	0	0	0	0	0	0	0	0	0	0	0	0	0	0	0	0	0	0	0	0	0	0	0	0	0	0	0	0	0	0	0.746766289068916	0	0	0	0	0	0	0
0	0	0	0	0	0	0	0	0	0.910539077270064	0	0	0	0	0	0	0	0	0	0	0	0	0	0.965615333896185	0	0	0	0	0	0	0	0.72150187090291	0	0	0	0	0	0	0	0	0	0	0	0	0	0	0	0	0	0	0	0	0	0	0	0	0	0	0	0	0	0	0	0	0	0	0	0	0	0	0	0	0	0	0	0	0	0	0	0	0	0	0	0	0	0	0	0	0	0
0	0.918846546696706	0	0	0	0	0	0	0	0	0	0	0	0	0	0.882537387875547	0	0	0	0	0	0	0	0	0	0	0	0	0	0	0	0	0	0	0	0	0	0	0	0	0	0	0	0	0	0	0	0	0	0	0	0	0	0	0	0	0	0	0	0	0	0	0	0	0	0	0	0	0	0	0	0	0	0	0	0	0	0	0.910958098681351	0	0	0	0	0	0	0	0	0	0	0
0	0	0	0.982453476869068	0	0	0	0	0	0	0	0	0	0	0.927221954747789	0	0	0	0	0	0	0	0	0	0	0	0	0	0.707107260887297	0	0	0	0	0	0	0	0	0	0	0	0	0	0	0	0	0	0	0	0	0	0	0	0	0	0	0	0	0	0	0	0	0	0	0	0	0	0	0	0	0	0	0	0	0	0	0	0	0	0	0	0	0	0	0	0	0	0	0	0	0
0	0	0	0.728856098749829	0	0	0	0	0	0	0	0	0	0	0	0	0	0	0	0	0	0	0	0	0	0	0	0	0	0	0	0	0	0	0	0	0	0	0	0	0	0	0	0	0	0	0	0	0	0	0	0	0	0	0	0	0	0	0	0	0	0	0	0	0	0	0	0	0	0	0	0.935404367489393	0	0	0	0	0	0	0	0	0	0	0	0	0	0	0	0	0	0
0	0	0	0	0	0	0	0	0	0	0	0	0	0.88260241986368	0	0	0	0	0	0	0	0	0	0	0	0	0	0	0	0	0	0	0	0	0	0	0	0	0	0.849948814116222	0	0	0	0	0	0	0	0	0	0	0	0	0	0	0	0	0	0	0	0	0	0	0	0	0	0	0.76612900537576	0	0	0	0	0.948956551843575	0	0	0	0	0	0	0	0	0	0	0	0	0	0	0	0	0	0.860497285395615
0	0	0	0.722507433588028	0	0	0	0	0	0	0	0	0.523078609062726	0	0	0	0	0	0	0	0	0	0	0	0	0	0	0	0	0	0	0	0	0	0	0	0	0	0	0	0	0	0	0	0	0	0	0	0	0	0	0	0	0	0	0	0	0	0	0	0	0	0	0	0	0	0	0	0	0	0	0	0	0	0	0	0.86179252275181	0	0	0	0	0	0	0	0	0	0	0	0	0
0	0.933544719363816	0	0	0	0	0	0	0	0	0	0	0	0	0	0	0	0	0	0	0	0	0	0	0	0	0	0	0	0	0	0.806334471722253	0	0	0	0	0	0	0	0	0	0	0	0	0	0	0	0	0	0	0	0	0	0	0	0	0	0	0	0	0	0	0	0	0.862051033658268	0	0.847028774640671	0	0	0	0	0	0	0	0	0	0	0	0	0	0	0	0	0	0	0	0	0.604812522470027	0	0
0	0	0	0	0	0	0	0	0	0	0	0	0	0	0	0	0	0	0	0	0	0	0	0	0	0	0	0	0	0	0	0	0	0	0	0	0	0	0	0	0	0	0.856891848122405	0	0	0.977127920585149	0	0	0	0	0	0	0	0	0	0.864775348349152	0	0	0	0	0	0	0	0	0	0	0	0.653661963922156	0	0	0	0.977519347027589	0	0	0	0	0	0	0	0	0	0	0	0	0	0	0	0	0	0
0	0	0	0	0	0	0	0	0	0	0	0	0	0	0	0.830845295039662	0	0	0	0	0	0	0	0	0	0	0	0	0	0	0	0	0	0.746107477806186	0	0	0	0	0	0	0	0	0	0	0	0	0	0	0	0	0	0	0	0	0.864775348349152	0	0	0	0	0	0	0	0	0	0	0	0	0	0	0	0	0	0	0	0	0	0	0	0	0	0	0	0	0.786351440489306	0	0	0	0	0	0
0	0	0	0	0	0	0.814350730096607	0	0.738833325740786	0	0	0	0	0	0	0	0	0	0	0	0	0	0	0	0	0	0	0	0	0	0	0	0	0	0	0	0	0	0	0	0	0.974371382961658	0	0	0	0	0	0	0	0	0	0	0	0	0	0	0	0	0	0	0.888973512117031	0	0	0	0	0	0	0	0	0	0	0	0	0	0	0	0	0	0	0	0	0	0.831959463893219	0	0	0	0	0	0	0
0	0	0	0	0	0	0	0	0	0	0	0	0	0	0	0	0	0	0	0	0	0	0	0	0	0	0	0	0	0	0	0	0	0.81443211670188	0	0	0	0	0	0	0	0	0	0	0	0	0	0	0	0	0	0	0	0	0	0	0	0	0	0	0	0	0	0	0	0	0	0	0	0	0	0	0	0	0	0	0	0	0	0	0	0	0	0	0.937571112287132	0	0	0	0.678028466471314	0
0	0.890426760668246	0	0	0	0	0	0	0	0.993833343243177	0	0	0	0	0	0	0	0	0	0	0	0	0	0	0	0	0	0	0	0	0.749782516685042	0	0	0	0	0	0	0	0	0	0	0	0	0	0	0	0	0	0	0	0	0	0	0	0	0	0	0	0	0	0	0	0	0	0	0	0	0	0	0	0.874187100945444	0	0	0	0	0	0	0	0	0	0	0	0	0	0	0	0	0	0	0
0	0	0	0	0	0	0	0	0.863465905969677	0	0	0	0	0	0	0	0	0	0	0	0	0	0	0	0	0	0	0	0	0	0	0	0	0	0	0	0	0	0	0	0	0	0	0	0	0	0	0	0	0	0	0	0	0	0	0	0	0	0	0	0.983148986396416	0.841387652585561	0	0	0	0	0	0	0	0	0	0	0	0	0	0	0	0	0	0	0	0	0	0	0	0	0	0	0.674029618060038	0
0	0	0	0	0	0	0	0	0	0	0	0	0	0	0	0	0	0	0	0	0	0	0	0	0	0	0	0	0	0	0	0	0	0	0	0	0	0	0	0	0	0	0	0	0	0	0	0	0	0	0	0	0	0	0	0	0.888973512117031	0	0	0.983148986396416	0	0	0	0.967045540477907	0	0	0	0	0.792736866940894	0	0	0	0	0	0	0	0	0	0	0	0	0	0	0	0	0	0	0	0	0
0	0	0	0	0	0	0	0	0	0	0	0	0	0	0	0	0	0	0	0	0.942004484010744	0	0	0	0	0.889508076202266	0	0	0	0	0	0	0	0	0	0	0	0	0	0	0	0	0	0	0	0	0	0	0	0	0	0	0	0	0	0	0	0	0	0.841387652585561	0	0	0.925811373201699	0	0	0	0	0	0	0	0	0	0	0	0	0	0	0	0	0	0	0	0	0	0	0	0	0	0	0
0	0	0	0	0	0	0.713201667220076	0	0	0	0	0	0	0	0	0	0	0	0	0	0	0	0	0	0	0	0	0	0	0	0	0	0	0	0	0	0.995862635774395	0.782890315227999	0	0	0	0	0	0	0	0	0	0	0	0	0	0	0	0	0	0	0	0	0	0	0	0.925811373201699	0	0	0	0	0	0	0	0	0	0	0	0	0	0	0	0	0	0	0.804219382535102	0	0	0	0	0	0	0	0	0
0	0	0	0	0	0	0	0	0	0	0	0.836389261412462	0	0	0	0	0	0	0	0.893900585245476	0	0	0	0	0	0	0	0	0	0	0	0	0	0	0	0	0	0	0	0	0	0	0.846342839937716	0	0	0	0	0	0	0	0	0	0	0	0	0	0	0	0	0	0.967045540477907	0	0	0	0	0	0	0	0	0	0	0	0	0	0	0.971307335056469	0	0	0	0	0.794501719212364	0	0	0	0	0	0	0	0	0
0	0	0	0	0	0	0	0	0	0	0	0	0	0	0	0	0	0	0	0	0	0	0	0	0	0	0	0	0	0	0	0	0	0	0	0	0	0	0	0	0.619060464838957	0	0	0	0	0	0	0	0	0	0	0	0	0.862051033658268	0	0	0	0	0	0	0	0	0	0	0	0	0	0	0	0	0	0	0	0	0	0	0	0	0	0	0	0	0	0	0	0	0	0	0	0
0	0	0	0	0	0	0	0	0	0	0	0.914697734357307	0	0	0	0	0	0	0	0	0	0	0	0	0	0	0	0	0	0	0	0	0	0	0	0	0	0	0	0	0	0	0	0	0	0	0	0	0	0	0	0	0	0	0	0	0	0	0	0	0	0	0	0	0	0	0.823615253540455	0	0	0	0	0	0	0	0	0	0	0	0	0	0	0	0	0	0.995905144454798	0	0	0	0	0
0	0	0	0	0	0	0	0	0	0	0	0	0	0	0	0	0	0	0	0	0	0	0	0	0	0	0	0	0	0	0	0	0	0	0.925611674483665	0	0	0	0	0	0	0	0	0	0	0	0	0	0	0	0	0.76612900537576	0	0.847028774640671	0	0	0	0	0	0	0	0	0	0	0	0.823615253540455	0	0.707841842447114	0	0	0	0	0	0	0	0	0	0	0	0	0	0	0	0	0	0	0	0	0	0
0	0	0	0	0	0	0	0	0	0	0	0	0	0	0	0	0	0	0	0	0	0	0	0	0	0	0	0	0	0	0	0	0	0	0	0	0	0	0	0	0	0	0	0	0	0.868854981910111	0	0	0	0	0	0	0	0	0.653661963922156	0	0	0	0	0	0	0	0	0	0	0	0.707841842447114	0	0	0	0	0	0	0	0	0	0	0	0	0	0	0	0	0	0	0	0	0	0	0
0	0	0	0	0	0	0	0	0	0	0	0	0	0	0	0.721877026624623	0	0	0	0	0	0	0	0	0	0	0	0	0	0	0	0	0	0	0	0	0	0	0	0	0	0	0	0	0	0	0	0	0	0	0	0	0	0	0	0	0	0	0	0	0.792736866940894	0	0	0	0	0	0	0	0	0	0	0	0	0	0	0	0	0	0	0	0	0	0	0	0	0	0	0	0	0
0	0	0	0	0	0	0	0	0	0	0	0	0	0	0	0	0	0	0	0	0	0	0	0	0.987464931547524	0	0	0	0	0	0	0	0	0	0	0	0	0	0	0	0	0	0	0	0	0	0	0	0	0	0	0	0	0	0	0	0	0	0	0	0	0	0	0	0	0	0	0	0	0	0	0	0	0	0	0	0	0	0	0	0	0.598887034471449	0	0	0	0	0	0	0	0
0	0	0	0	0	0	0	0	0	0	0	0	0	0	0	0	0	0	0	0	0	0	0	0	0	0	0	0	0	0	0	0	0	0	0	0	0	0	0	0	0	0	0.651026763256041	0	0	0	0	0	0	0	0	0	0	0	0	0	0	0	0.874187100945444	0	0	0	0	0	0	0	0	0	0	0	0	0	0	0	0	0	0	0	0	0	0	0	0	0	0	0	0	0	0	0
0	0	0	0	0	0	0	0	0	0	0	0	0	0	0	0	0.922852570775428	0	0	0	0	0	0	0	0	0	0.661261985566684	0	0	0.600619338522185	0	0	0	0	0	0	0	0	0	0	0	0	0	0	0	0	0	0	0	0	0.935404367489393	0.948956551843575	0	0	0.977519347027589	0	0	0	0	0	0	0	0	0	0	0	0	0	0	0	0	0	0	0	0	0	0	0	0	0	0	0	0	0	0	0	0	0	0	0
0	0	0	0	0.863316977934051	0	0.83639945649683	0	0	0	0	0.94672748592475	0	0	0	0	0	0	0	0	0	0	0	0	0	0	0	0	0.878864972211464	0	0.98254191715832	0	0	0	0	0	0	0	0	0	0.644036860082188	0	0	0	0	0	0	0	0	0	0	0	0	0	0	0	0	0	0	0	0	0	0	0	0	0	0	0	0	0	0	0	0	0	0	0	0	0	0	0	0	0	0	0	0	0	0	0	0	0
0	0	0	0	0	0	0	0	0	0	0	0	0	0	0	0	0	0	0	0	0	0	0	0	0	0	0	0	0	0	0	0	0	0	0	0	0	0	0	0	0	0	0	0	0	0	0	0	0	0	0	0	0	0	0	0	0	0	0	0	0	0	0	0	0	0	0	0	0	0	0	0	0	0	0	0.677587554426763	0	0	0	0	0	0	0	0	0	0	0.68445710380127	0	0	0
0	0	0	0	0	0	0	0	0	0	0	0	0	0	0	0	0	0	0	0	0	0	0	0	0	0	0	0	0	0	0	0	0	0	0	0	0	0	0.877131176396887	0	0	0.96432220683991	0	0	0	0	0	0	0	0	0	0	0	0	0	0	0	0	0	0	0	0	0	0	0	0	0	0	0	0	0	0	0	0	0	0	0.975526059855722	0	0	0	0	0	0	0	0	0	0	0	0	0
0	0	0	0	0	0	0	0	0	0	0	0	0	0	0	0	0	0	0	0	0	0	0	0	0	0.881231646660379	0	0	0	0	0	0	0	0	0	0	0	0	0	0	0	0	0	0	0	0	0	0	0	0	0	0	0	0	0	0	0	0	0	0	0	0	0	0.971307335056469	0	0	0	0	0	0	0	0	0	0.677587554426763	0	0	0	0	0	0	0.951151629140987	0	0	0	0	0	0	0	0	0
0	0	0	0	0	0	0	0	0	0	0	0.98745613962171	0	0	0	0	0	0	0	0	0.692614962391099	0	0	0	0	0	0	0	0.859508786460719	0	0	0	0.956794628414058	0	0	0	0	0	0	0	0	0	0	0	0	0	0	0	0	0	0	0	0.86179252275181	0	0	0	0	0	0	0	0	0	0	0	0	0	0	0	0	0	0	0	0	0	0.975526059855722	0	0	0.819384856000904	0	0	0	0	0	0	0	0	0	0	0	0
0	0	0	0	0	0	0	0	0	0	0.778535120121985	0	0	0	0	0	0	0	0	0	0	0	0	0	0	0	0	0	0	0	0	0.950260281730794	0	0	0	0	0	0	0	0	0	0.669716430933273	0	0	0	0	0	0	0	0	0	0	0	0	0	0	0	0	0	0	0	0	0	0	0	0	0	0	0	0	0	0	0	0	0	0	0.819384856000904	0	0	0	0	0	0	0	0	0	0	0	0	0
0	0.810645278286775	0	0	0	0	0	0	0	0	0	0	0	0	0	0	0	0	0	0	0	0	0	0	0	0	0	0	0	0	0.793032840592203	0	0	0	0	0	0	0	0	0	0	0	0	0	0	0	0	0	0.910958098681351	0	0	0	0	0	0	0	0	0	0	0	0	0	0	0	0	0	0	0	0	0	0	0	0	0	0	0	0	0	0	0	0	0	0	0	0	0	0	0	0	0
0	0	0	0	0	0	0	0	0	0	0	0	0	0.999060415572957	0	0	0	0.832243282476432	0	0	0	0	0	0	0	0	0	0	0	0	0	0	0	0	0	0	0	0	0.806507863883971	0	0	0	0	0	0	0	0	0	0	0	0	0	0	0	0	0	0	0	0	0	0	0	0	0	0	0	0	0	0	0	0	0	0	0	0	0	0	0	0	0	0	0.895315184649749	0	0	0	0	0	0	0	0
0	0	0	0	0	0	0	0	0	0	0	0	0	0	0	0	0	0	0	0	0	0	0	0	0	0	0	0	0	0	0	0	0	0	0	0	0	0	0	0	0	0	0	0	0	0	0	0	0	0	0	0	0	0	0	0	0	0	0	0	0	0	0.804219382535102	0.794501719212364	0	0	0	0	0	0	0	0	0	0	0	0.951151629140987	0	0	0	0	0	0	0	0	0	0.84982630735534	0	0	0	0
0	0	0	0	0	0	0	0	0	0	0	0	0	0	0	0.989411413294713	0	0	0	0	0	0.89261955218422	0	0	0	0	0	0	0	0	0	0	0	0	0	0	0	0	0	0	0	0	0	0	0	0	0	0	0	0	0	0	0	0	0	0	0	0	0	0	0	0	0	0	0	0	0	0	0	0.598887034471449	0	0	0	0	0	0	0	0	0	0.895315184649749	0	0	0.734079495899985	0	0	0	0	0	0	0
0	0	0	0	0	0	0	0	0	0	0	0	0	0	0	0	0	0	0	0	0	0	0	0	0	0	0	0	0.906805679488526	0	0	0	0	0	0	0	0	0	0	0	0	0	0	0	0	0	0.746766289068916	0	0	0	0	0	0	0	0	0	0.831959463893219	0	0	0	0	0	0	0	0	0	0	0	0	0	0	0	0	0	0	0	0	0	0	0	0	0.734079495899985	0	0.94169374335945	0	0	0	0	0	0
0	0	0	0	0.918429790515555	0	0	0	0	0	0	0	0	0	0	0	0	0	0	0	0.851057447226917	0	0	0	0	0	0	0	0	0	0	0	0	0	0	0	0	0	0	0	0	0	0	0	0	0	0	0	0	0	0	0	0	0	0	0.786351440489306	0	0	0	0	0	0	0	0	0	0	0	0	0	0	0	0	0	0	0	0	0	0	0	0	0	0	0.94169374335945	0	0	0.823628024905292	0	0	0	0
0	0	0	0	0	0	0	0	0	0	0	0	0	0	0.923658938430157	0	0	0	0	0	0	0	0	0	0	0	0	0	0	0	0	0	0	0	0	0	0	0	0.867387364538754	0	0	0	0	0	0	0	0	0	0	0	0	0	0	0	0	0	0	0.937571112287132	0	0	0	0	0	0	0	0.995905144454798	0	0	0	0	0	0	0	0	0	0	0	0	0	0	0	0	0	0	0	0	0	0	0	0
0	0	0	0	0	0	0	0	0	0	0	0	0	0	0	0	0	0	0	0	0	0	0	0	0	0	0	0	0	0	0	0	0	0	0	0	0	0	0	0	0	0	0.916578307836867	0	0	0	0	0	0	0	0	0	0	0	0	0	0	0	0	0	0	0	0	0	0	0	0	0	0	0	0	0	0	0	0	0	0	0	0	0	0.84982630735534	0	0	0.823628024905292	0	0	0	0	0	0
0	0	0	0	0	0	0.653325116342197	0	0	0	0	0	0	0	0	0	0	0	0	0	0	0	0	0	0	0	0	0	0	0	0	0.669405677556637	0	0	0	0	0	0	0	0	0	0	0	0	0	0	0	0	0	0	0	0	0	0	0	0	0	0	0	0	0	0	0	0	0	0	0	0	0	0	0	0	0	0.68445710380127	0	0	0	0	0	0	0	0	0	0	0	0	0	0	0.592586570841039	0
0	0	0	0	0	0	0	0	0	0	0	0	0	0	0	0	0	0	0	0	0	0	0	0	0	0	0	0	0	0	0	0	0	0	0	0	0	0.866143706801008	0	0	0	0	0	0	0	0	0	0	0	0	0	0	0	0.604812522470027	0	0	0	0	0	0	0	0	0	0	0	0	0	0	0	0	0	0	0	0	0	0	0	0	0	0	0	0	0	0	0	0	0	0	0	0
0	0	0	0	0	0	0	0	0	0	0	0	0	0	0	0	0	0	0	0	0	0	0	0	0	0	0	0	0	0	0	0	0	0	0	0	0	0	0	0	0	0	0.903421161806076	0	0	0	0	0	0	0	0	0	0	0	0	0	0	0.678028466471314	0	0.674029618060038	0	0	0	0	0	0	0	0	0	0	0	0	0	0	0	0	0	0	0	0	0	0	0	0	0	0	0.592586570841039	0	0	0
0	0	0	0	0	0	0	0.836118986161813	0	0	0	0	0	0	0	0	0	0	0	0	0	0	0.654623885546581	0	0	0	0	0	0	0	0	0	0	0	0	0	0	0	0	0	0	0	0	0	0	0	0	0	0	0	0	0.860497285395615	0	0	0	0	0	0	0	0	0	0	0	0	0	0	0	0	0	0	0	0	0	0	0	0	0	0	0	0	0	0	0	0	0	0	0	0	0	0
