0	0	0	0	0	0	0	0	0	0	0	0	0	0	0.559176938227077	0	0	0	0	0	0	0	0	0.970746609088602	0	0	0	0	0	0	0	0	0	0	0	0	0	0	0	0	0	0	0	0	0	0	0	0	0	0	0	0	0	0	0.949060350442055	0	0	0	0	0	0	0	0	0	0.947980906380635	0	0	0	0	0	0	0	0	0	0	0	0	0	0	0	0	0	0	0	0	0	0	0	0	0
0	0	0	0.812746275112231	0	0	0	0	0	0	0	0	0	0	0	0	0	0	0	0	0	0	0	0	0	0	0.942449010964296	0	0	0	0	0	0	0	0	0	0	0	0	0	0	0	0	0	0	0	0	0	0	0	0	0	0	0	0.517893292540908	0	0	0	0	0	0	0	0	0	0	0	0	0	0	0	0.734425847671929	0	0	0	0	0	0	0	0	0	0	0	0	0	0	0	0	0	0	0.90598191734836
0	0	0	0	0	0	0	0	0	0	0	0	0	0	0	0	0	0	0	0	0	0	0	0	0	0	0	0	0	0	0	0	0	0	0	0	0	0.984728340733235	0.843026067708379	0	0	0	0	0	0.94594783410412	0	0	0	0	0	0	0	0	0	0	0	0	0	0	0	0	0	0	0	0	0	0	0	0	0	0	0	0	0	0	0	0	0	0	0	0	0	0	0	0	0	0	0	0	0
0	0.812746275112231	0	0	0	0	0	0	0	0	0	0	0	0	0	0	0	0	0	0	0	0	0	0	0	0	0	0	0	0	0	0	0	0	0	0	0	0	0	0	0	0	0	0	0	0	0	0	0	0	0	0	0	0	0	0	0.841316735968309	0	0	0	0	0	0	0	0	0	0	0	0	0	0	0	0	0	0	0	0	0	0	0	0	0	0	0	0.956159106553196	0	0	0	0	0
0	0	0	0	0	0	0	0.626356707478535	0	0	0	0	0	0	0	0	0	0	0	0	0	0	0	0	0	0	0	0	0	0	0	0	0	0	0	0	0	0	0	0	0	0	0	0	0	0.736467417136365	0	0	0	0	0	0	0	0	0	0	0	0	0	0	0	0	0	0	0	0	0	0	0	0	0	0	0	0	0	0	0	0.939050848209577	0	0	0	0	0	0	0	0	0	0.558924213751615	0	0
0	0	0	0	0	0	0	0	0	0	0	0	0	0	0	0	0	0	0	0	0	0	0	0	0	0	0	0	0	0	0	0	0	0	0	0	0	0	0.82839859483713	0	0	0	0	0	0	0	0	0	0	0	0	0.820390853106983	0	0	0	0	0	0	0	0	0	0	0	0	0.988688238223243	0	0	0	0	0	0	0	0.931767497474498	0	0	0	0	0	0	0.72878516385503	0	0	0	0	0	0	0	0	0	0
0	0	0	0	0	0	0	0	0	0	0.691043169400115	0	0	0	0	0	0	0	0	0	0	0	0	0	0	0	0	0	0	0	0	0	0	0	0	0	0	0	0	0	0.976298206147074	0	0	0	0	0	0	0	0	0	0	0	0	0	0	0	0.9965011962664	0	0	0	0	0	0	0	0	0	0	0	0	0	0	0	0	0	0	0	0	0	0	0	0	0.930096188202581	0	0	0	0	0	0	0	0
0	0	0	0	0.626356707478535	0	0	0	0	0	0	0	0	0	0	0	0	0.976161870568385	0	0	0	0	0.812748571127687	0	0.8733957774169	0	0	0	0	0	0	0	0	0	0	0	0	0	0	0	0	0	0	0	0	0	0.719976947249367	0	0	0	0	0	0	0	0	0	0	0	0	0	0	0	0	0	0	0	0	0	0	0	0	0	0	0	0	0	0	0	0	0	0	0	0	0	0	0	0	0	0	0
0	0	0	0	0	0	0	0	0	0	0	0	0	0.938701284381567	0	0	0	0	0	0	0	0	0	0	0	0	0	0	0	0	0	0	0	0	0	0	0	0	0	0	0	0	0	0	0	0	0	0	0	0	0	0	0	0.876534398102604	0	0	0	0	0	0	0	0	0	0	0	0	0	0	0	0	0	0	0	0	0	0	0	0	0	0	0	0	0	0	0	0	0	0	0	0
0	0	0	0	0	0	0	0	0	0	0	0	0	0	0.821271860059206	0	0	0	0	0.957002199923825	0	0	0	0	0	0	0.542622578311396	0	0	0	0	0	0	0	0	0	0	0	0	0	0	0	0	0	0	0	0	0	0	0	0	0	0	0	0	0	0	0	0	0	0	0	0	0	0	0	0	0	0	0	0	0	0	0	0	0	0	0	0	0	0	0.986441340673242	0	0	0	0	0	0	0	0
0	0	0	0	0	0	0.691043169400115	0	0	0	0	0	0	0	0	0	0	0	0	0	0	0	0	0	0	0	0	0.779528727994339	0	0	0	0	0	0	0	0	0	0	0	0	0	0	0	0	0	0	0	0	0	0	0	0	0	0	0	0	0	0.741677603165141	0	0	0	0	0	0	0	0	0	0	0	0	0	0	0	0	0	0	0	0	0	0	0	0	0	0	0	0	0	0	0	0
0	0	0	0	0	0	0	0	0	0	0	0	0	0	0	0	0	0	0	0	0	0	0	0	0	0	0	0.983204571543213	0	0.811155608307129	0	0	0	0	0	0	0	0	0	0	0	0	0	0	0	0	0	0	0	0	0	0	0	0	0	0	0.697953527099396	0	0	0	0	0	0	0	0	0	0	0	0	0	0	0	0	0	0	0	0	0	0	0	0	0	0	0	0	0	0	0	0	0
0	0	0	0	0	0	0	0	0	0	0	0	0	0	0	0	0.862016018521756	0	0	0	0	0	0	0	0	0	0	0	0	0	0	0	0	0	0	0	0	0.984023414842039	0	0	0	0	0	0	0	0	0	0	0	0	0	0.798365701760378	0	0	0	0	0	0	0	0.825643694359649	0	0	0	0	0	0	0	0	0	0	0	0	0	0	0	0	0	0	0	0	0	0	0	0	0	0	0	0	0	0
0	0	0	0	0	0	0	0	0.938701284381567	0	0	0	0	0	0	0	0	0	0	0	0	0	0	0	0	0	0	0	0	0	0	0	0	0	0	0	0	0	0	0	0	0	0	0	0	0	0	0	0	0	0	0	0	0	0	0	0	0	0	0	0	0	0	0.725771795182969	0	0	0	0	0	0	0	0	0	0	0.856614119201731	0	0	0	0	0	0	0	0	0	0	0	0	0	0	0
0.559176938227077	0	0	0	0	0	0	0	0	0.821271860059206	0	0	0	0	0	0	0	0	0.753600662092299	0	0	0	0	0	0	0	0	0	0	0	0	0	0	0	0	0	0	0	0	0	0	0	0	0	0	0	0	0	0	0	0	0	0	0	0	0	0	0	0.697714744018376	0	0	0	0	0	0	0	0.869287957080975	0	0	0	0	0	0	0	0	0	0	0	0	0	0	0	0	0	0	0	0	0	0	0
0	0	0	0	0	0	0	0	0	0	0	0	0	0	0	0	0	0	0	0	0	0	0	0	0	0.709960358988043	0	0	0	0	0	0	0	0	0	0	0	0	0	0	0	0	0	0	0	0	0.894854594051488	0	0	0	0	0	0	0	0	0	0	0	0	0	0	0	0	0	0	0	0	0	0	0	0	0	0.996804876681576	0	0	0	0	0	0.993297582177911	0	0	0	0	0	0	0	0	0	0	0
0	0	0	0	0	0	0	0	0	0	0	0	0.862016018521756	0	0	0	0	0	0.960427125984522	0	0	0	0	0	0	0	0	0	0	0	0	0	0	0	0	0	0	0	0.607491204806769	0	0	0	0	0	0	0	0	0	0	0	0	0	0	0	0	0	0	0	0	0	0	0	0	0	0	0	0	0	0	0	0	0	0	0	0	0	0	0	0	0	0	0	0	0	0	0	0	0	0	0
0	0	0	0	0	0	0	0.976161870568385	0	0	0	0	0	0	0	0	0	0	0	0	0.744361179279434	0	0	0	0	0	0	0	0	0	0	0	0	0	0	0	0	0	0	0	0.637001524815729	0	0	0	0	0	0	0	0	0	0	0	0	0	0	0	0	0	0	0	0	0	0.914241010761732	0	0	0	0	0	0	0	0	0	0	0	0	0	0	0	0	0	0	0	0	0	0	0	0	0	0	0
0	0	0	0	0	0	0	0	0	0	0	0	0	0	0.753600662092299	0	0.960427125984522	0	0	0	0	0	0	0	0	0	0	0	0	0	0	0	0	0	0	0	0	0	0	0	0	0	0	0	0	0.804655385524508	0	0	0	0	0	0	0	0	0	0	0	0	0	0	0	0	0	0	0	0	0	0	0	0	0	0	0	0	0	0	0	0	0	0	0	0	0	0	0	0	0	0	0	0
0	0	0	0	0	0	0	0	0	0.957002199923825	0	0	0	0	0	0	0	0	0	0	0	0	0.805864624935434	0	0	0	0	0	0	0	0	0	0	0	0	0	0	0	0	0	0	0	0	0	0	0	0	0	0	0	0	0	0	0	0	0	0	0	0	0	0	0	0	0	0	0	0	0	0	0	0	0	0	0	0	0	0	0	0	0	0	0	0	0	0	0	0	0	0	0
0	0	0	0	0	0	0	0	0	0	0	0	0	0	0	0	0	0.744361179279434	0	0	0	0	0	0	0	0	0	0	0	0	0	0	0	0	0	0	0	0.93809967655763	0	0	0	0	0	0.872917447615751	0	0	0	0	0	0	0	0	0	0	0	0	0	0	0	0	0	0	0	0	0	0	0	0	0	0	0	0	0	0	0	0	0	0	0	0	0	0	0	0	0	0	0	0	0	0
0	0	0	0	0	0	0	0	0	0	0	0	0	0	0	0	0	0	0	0	0	0	0	0	0	0	0	0.576825543531423	0	0.940216629063129	0	0	0	0	0	0	0	0	0	0	0	0	0	0	0	0	0	0	0	0	0	0	0.756925431799693	0	0	0	0	0	0	0	0	0	0	0	0	0	0	0	0	0	0	0	0	0	0	0	0	0	0	0	0	0	0	0	0	0	0	0	0	0
0	0	0	0	0	0	0	0.812748571127687	0	0	0	0	0	0	0	0	0	0	0	0.805864624935434	0	0	0	0	0	0	0	0	0	0	0	0	0	0	0	0	0	0	0	0	0	0	0	0	0	0	0	0	0	0	0	0	0	0	0	0	0	0	0	0	0	0	0	0.940893088224614	0	0	0	0	0	0.996878103010343	0	0	0	0	0	0	0	0	0	0	0	0	0	0	0	0	0	0	0	0
0.970746609088602	0	0	0	0	0	0	0	0	0	0	0	0	0	0	0	0	0	0	0	0	0	0	0	0.773224428705316	0	0	0	0	0	0	0	0	0	0	0	0	0	0	0	0	0	0	0	0	0	0	0	0	0	0	0	0	0	0	0	0	0	0	0	0	0	0	0	0	0	0	0	0	0	0	0	0	0	0	0	0	0	0	0	0	0	0.84366685697311	0	0	0	0	0	0	0
0	0	0	0	0	0	0	0.8733957774169	0	0	0	0	0	0	0	0	0	0	0	0	0	0	0	0.773224428705316	0	0	0	0	0	0	0	0	0	0	0	0	0.742926381997168	0	0	0	0	0	0	0	0	0	0	0	0	0	0	0	0	0	0	0	0	0	0	0	0	0	0	0	0	0	0	0	0	0	0	0	0	0	0	0	0	0	0.916953902934043	0	0	0	0	0	0	0	0	0	0	0
0	0	0	0	0	0	0	0	0	0	0	0	0	0	0	0.709960358988043	0	0	0	0	0	0	0	0	0	0	0	0.986748938633232	0	0	0	0	0	0	0	0	0	0	0	0	0	0	0	0	0	0	0	0	0	0	0	0	0	0	0	0	0	0	0.858330796153272	0	0	0	0	0	0	0	0	0	0	0	0	0	0	0	0	0.798459492071792	0	0	0	0.65107586508211	0	0	0	0	0	0	0	0	0	0
0	0.942449010964296	0	0	0	0	0	0	0	0.542622578311396	0	0	0	0	0	0	0	0	0	0	0	0	0	0	0	0	0	0	0	0	0	0	0	0	0	0	0	0	0	0	0	0	0	0	0	0	0	0	0	0	0	0	0	0	0	0	0	0	0	0	0	0	0	0.847050668546589	0	0	0	0	0	0	0	0	0	0	0	0	0	0	0	0	0	0	0	0	0	0	0	0.860066158799585	0	0
0	0	0	0	0	0	0	0	0	0	0.779528727994339	0.983204571543213	0	0	0	0	0	0	0	0	0	0.576825543531423	0	0	0	0.986748938633232	0	0	0	0	0	0	0	0	0	0	0	0	0	0	0	0	0	0	0	0.833948163774445	0	0	0	0	0	0	0	0	0.776357675437156	0.947404378061582	0	0	0	0	0	0	0	0	0	0	0.949686972753804	0	0	0	0	0	0	0	0	0	0	0	0	0	0	0	0	0.788795135104056	0	0	0	0	0.815572085592381	0
0	0	0	0	0	0	0	0	0	0	0	0	0	0	0	0	0	0	0	0	0	0	0	0	0	0	0	0	0	0	0.992440724537463	0	0.606260760509127	0	0	0	0	0	0	0	0	0	0	0	0.853831013143452	0	0	0	0	0	0	0	0	0	0	0	0	0	0.982540302591053	0	0	0	0	0	0	0	0	0	0.653131853920045	0	0	0	0	0	0	0	0	0	0	0	0	0	0	0	0	0	0	0	0	0
0	0	0	0	0	0	0	0	0	0	0	0.811155608307129	0	0	0	0	0	0	0	0	0	0.940216629063129	0	0	0	0	0	0	0	0	0.779198953167247	0	0	0	0	0	0	0	0	0	0	0	0	0	0	0	0	0	0	0	0	0	0	0	0	0	0.979578733428787	0	0	0	0	0	0	0	0	0	0	0	0	0	0	0	0	0	0	0	0	0	0	0	0	0.976559627692774	0	0	0	0	0	0	0	0
0	0	0	0	0	0	0	0	0	0	0	0	0	0	0	0	0	0	0	0	0	0	0	0	0	0	0	0	0.992440724537463	0.779198953167247	0	0	0	0	0	0	0	0	0	0	0	0	0	0	0	0	0	0	0	0.910564248894789	0.880737063959405	0	0	0	0	0	0.6373149826042	0	0.885973738970491	0	0	0	0	0	0	0	0	0	0	0	0	0	0	0	0	0	0	0	0	0	0	0	0	0	0	0	0	0	0	0
0	0	0	0	0	0	0	0	0	0	0	0	0	0	0	0	0	0	0	0	0	0	0	0	0	0	0	0	0	0	0	0	0	0	0	0	0	0.936572804540163	0	0	0	0	0	0	0	0	0	0	0	0	0	0	0	0	0	0	0	0	0	0	0	0	0	0.95553817711299	0	0	0	0	0	0	0	0	0	0	0	0	0	0	0	0	0	0	0	0	0	0	0	0	0	0
0	0	0	0	0	0	0	0	0	0	0	0	0	0	0	0	0	0	0	0	0	0	0	0	0	0	0	0	0.606260760509127	0	0	0	0	0.668606353680727	0	0	0	0	0	0	0	0	0	0	0	0	0	0	0	0	0	0	0	0	0	0	0	0	0	0	0	0	0	0	0	0	0	0	0	0	0	0	0	0	0	0	0	0	0	0	0	0	0	0	0	0	0	0	0	0
0	0	0	0	0	0	0	0	0	0	0	0	0	0	0	0	0	0	0	0	0	0	0	0	0	0	0	0	0	0	0	0	0.668606353680727	0	0	0	0	0	0	0	0	0	0	0	0	0	0	0	0	0	0	0	0	0	0	0	0	0	0	0.644570798729933	0	0	0	0	0	0	0	0	0	0	0	0	0	0	0	0	0	0	0	0	0	0	0	0	0	0	0	0	0	0.771321410605954
0	0	0	0	0	0	0	0	0	0	0	0	0	0	0	0	0	0	0	0	0	0	0	0	0	0	0	0	0	0	0	0	0	0	0	0	0	0.687936622556733	0	0.739154105208418	0	0	0	0	0	0	0	0	0	0	0	0	0	0	0	0	0	0	0	0	0	0	0	0	0	0	0	0	0	0	0	0	0	0	0	0	0	0.865182255139262	0	0	0	0	0	0	0	0	0	0	0	0
0	0	0	0	0	0	0	0	0	0	0	0	0	0	0	0	0	0	0	0	0	0	0	0	0	0	0	0	0	0	0	0	0	0	0	0	0	0.679373547942081	0	0	0	0.90591078367345	0	0	0	0	0	0	0	0.822656945220847	0	0	0	0	0	0	0	0	0	0	0	0	0	0	0	0	0	0	0	0	0	0	0	0	0	0	0	0	0	0	0	0	0	0	0	0	0	0	0.781437299647406	0
0	0	0	0	0	0	0	0	0	0	0	0	0	0	0	0	0	0	0	0	0	0	0	0	0.742926381997168	0	0	0	0	0	0	0	0	0	0	0	0	0	0	0	0	0	0	0	0	0	0	0	0	0	0	0	0.994686625744338	0	0	0	0.950571134838917	0	0	0	0	0	0	0	0	0	0	0	0	0	0	0	0	0	0	0	0	0	0	0	0	0	0	0	0	0	0	0	0	0
0	0	0.984728340733235	0	0	0	0	0	0	0	0	0	0.984023414842039	0	0	0	0	0	0	0	0.93809967655763	0	0	0	0	0	0	0	0	0	0	0.936572804540163	0	0	0.687936622556733	0.679373547942081	0	0	0	0.614871810974163	0	0	0	0	0	0	0	0	0	0	0	0	0	0	0	0	0	0	0	0	0	0	0	0	0	0	0	0	0	0	0	0	0	0	0	0	0	0	0	0	0	0	0	0	0	0	0	0	0	0
0	0	0.843026067708379	0	0	0.82839859483713	0	0	0	0	0	0	0	0	0	0	0.607491204806769	0	0	0	0	0	0	0	0	0	0	0	0	0	0	0	0	0	0	0	0	0	0	0	0.810651190662462	0	0	0	0	0	0	0	0	0	0	0	0	0	0	0	0	0	0	0	0	0	0	0	0	0	0	0	0	0	0	0.793089374246556	0	0	0	0	0	0	0	0	0	0	0	0	0	0.957070573529825	0	0	0	0
0	0	0	0	0	0	0	0	0	0	0	0	0	0	0	0	0	0	0	0	0	0	0	0	0	0	0	0	0	0	0	0	0	0	0.739154105208418	0	0	0.614871810974163	0	0	0	0	0	0	0	0.978924721066868	0	0	0	0	0	0	0	0	0	0	0	0	0	0	0	0	0	0	0	0	0.853170931360173	0	0	0	0	0	0	0	0	0	0	0.778897182144548	0.893129237257385	0	0	0	0	0	0	0	0	0	0	0
0	0	0	0	0	0	0.976298206147074	0	0	0	0	0	0	0	0	0	0	0.637001524815729	0	0	0	0	0	0	0	0	0	0	0	0	0	0	0	0	0	0	0	0	0.810651190662462	0	0	0	0	0	0	0	0	0	0	0	0	0	0	0.707683167050297	0	0	0	0	0	0	0	0	0	0	0	0	0	0	0	0	0	0	0	0.991540741186417	0	0	0	0	0	0	0	0	0	0	0	0	0	0	0	0.90099268958883
0	0	0	0	0	0	0	0	0	0	0	0	0	0	0	0	0	0	0	0	0	0	0	0	0	0	0	0	0	0	0	0	0	0	0	0.90591078367345	0	0	0	0	0	0	0	0	0	0	0	0	0	0	0	0	0	0	0	0	0	0	0	0.945781916935295	0	0	0	0	0	0	0	0	0	0	0	0	0.938886734308	0	0	0	0	0	0	0	0	0	0	0	0	0	0	0	0	0
0	0	0	0	0	0	0	0	0	0	0	0	0	0	0	0	0	0	0	0	0	0	0	0	0	0	0	0	0	0	0	0	0	0	0	0	0	0	0	0	0	0	0	0	0.972881954965275	0	0	0	0	0	0	0.908929344466661	0	0	0	0	0	0	0	0	0	0	0	0	0	0.952953329996063	0	0	0	0	0	0	0	0	0	0	0	0	0	0.717533536532798	0	0	0	0	0	0	0	0	0	0
0	0	0	0	0	0	0	0	0	0	0	0	0	0	0	0	0	0	0	0	0.872917447615751	0	0	0	0	0	0	0	0	0	0	0	0	0	0	0	0	0	0	0	0	0	0	0	0.966852019184856	0	0	0.693294645477359	0	0	0	0	0	0	0	0	0	0	0	0	0	0	0	0	0	0	0	0	0	0	0	0	0	0	0	0.719081729699368	0	0	0	0	0	0	0	0	0.914865376212675	0	0	0	0	0
0	0	0.94594783410412	0	0	0	0	0	0	0	0	0	0	0	0	0	0	0	0	0	0	0	0	0	0	0	0	0	0.853831013143452	0	0	0	0	0	0	0	0	0	0	0	0	0	0.972881954965275	0.966852019184856	0	0	0	0	0	0	0	0	0	0	0	0	0	0	0	0	0	0	0	0	0	0	0	0	0	0	0	0	0	0	0.937588263826385	0	0	0	0	0	0	0	0	0	0	0	0	0	0	0
0	0	0	0	0.736467417136365	0	0	0	0	0	0	0	0	0	0	0	0	0	0.804655385524508	0	0	0	0	0	0	0	0	0.833948163774445	0	0	0	0	0	0	0	0	0	0	0	0.978924721066868	0	0	0	0	0	0	0	0	0	0	0	0	0	0	0	0	0	0	0	0	0	0.60865364577563	0	0	0	0	0	0	0	0	0	0	0	0	0	0	0	0	0	0	0.877240583479144	0	0	0	0	0	0	0	0	0
0	0	0	0	0	0	0	0.719976947249367	0	0	0	0	0	0	0	0.894854594051488	0	0	0	0	0	0	0	0	0	0	0	0	0	0	0	0	0	0	0	0	0	0	0	0	0	0	0	0	0	0	0	0	0	0	0	0	0	0	0	0	0	0	0	0	0	0	0	0	0	0	0	0	0	0	0	0	0	0	0	0	0	0	0	0	0	0	0	0	0	0	0	0	0	0
0	0	0	0	0	0	0	0	0	0	0	0	0	0	0	0	0	0	0	0	0	0	0	0	0	0	0	0	0	0	0	0	0	0	0	0	0	0	0	0	0	0	0	0.693294645477359	0	0	0	0	0	0.909316058323119	0	0	0	0	0	0.877355871974266	0	0	0	0	0	0	0	0	0	0	0	0	0	0	0	0	0	0	0	0	0	0	0	0	0	0	0	0	0	0	0	0	0	0
0	0	0	0	0	0	0	0	0	0	0	0	0	0	0	0	0	0	0	0	0	0	0	0	0	0	0	0	0	0	0	0	0	0	0	0	0	0	0	0	0	0	0	0	0	0	0	0	0	0	0.951019414327368	0	0	0	0	0	0	0	0	0	0	0	0	0	0	0	0	0	0	0	0	0	0	0	0	0	0.901699288949847	0	0	0	0	0	0	0	0	0	0	0	0	0
0	0	0	0	0	0	0	0	0	0	0	0	0	0	0	0	0	0	0	0	0	0	0	0	0	0	0	0	0	0	0.910564248894789	0	0	0	0	0.822656945220847	0	0	0	0	0	0	0	0	0	0	0	0.909316058323119	0	0	0	0	0	0	0	0	0	0	0	0	0	0	0	0	0	0	0	0	0	0	0	0	0.968508414499263	0	0	0	0	0	0	0	0	0	0	0	0	0	0.969932053838647	0	0	0
0	0	0	0	0	0	0	0	0	0	0	0	0	0	0	0	0	0	0	0	0	0	0	0	0	0	0	0	0	0	0.880737063959405	0	0	0	0	0	0	0	0	0	0	0	0	0	0	0	0	0	0.951019414327368	0	0	0	0	0.990958369064205	0	0	0	0	0	0	0	0	0	0	0	0	0	0	0	0	0	0	0	0	0	0	0	0	0	0	0	0	0	0	0	0	0	0	0	0
0	0	0	0	0	0.820390853106983	0	0	0	0	0	0	0.798365701760378	0	0	0	0	0	0	0	0	0	0	0	0	0	0	0	0	0	0	0	0	0	0	0	0	0	0	0	0	0	0.908929344466661	0	0	0	0	0	0	0	0	0	0.744505566546552	0	0	0	0	0	0	0	0	0	0	0	0	0	0	0	0	0	0	0	0	0	0.722599181846367	0	0	0	0	0	0	0	0	0	0	0	0	0	0	0
0	0	0	0	0	0	0	0	0	0	0	0	0	0	0	0	0	0	0	0	0	0.756925431799693	0	0	0	0	0	0	0	0	0	0	0	0	0	0	0.994686625744338	0	0	0	0	0	0	0	0	0	0	0	0	0	0	0.744505566546552	0	0.922233568024736	0	0	0	0	0	0	0	0	0	0	0	0	0	0	0	0	0	0	0	0	0	0	0	0	0	0	0	0.813469964823932	0	0	0	0	0	0	0	0
0	0	0	0	0	0	0	0	0.876534398102604	0	0	0	0	0	0	0	0	0	0	0	0	0	0	0	0	0	0	0	0	0	0	0	0	0	0	0	0	0	0	0	0.707683167050297	0	0	0	0	0	0	0	0	0	0.990958369064205	0	0.922233568024736	0	0	0	0	0	0	0	0	0	0	0	0	0	0.946465159578867	0.983611459466028	0	0	0	0	0	0	0	0	0	0	0.963177381544688	0	0	0	0	0	0	0	0	0	0	0
0.949060350442055	0.517893292540908	0	0	0	0	0	0	0	0	0	0	0	0	0	0	0	0	0	0	0	0	0	0	0	0	0	0.776357675437156	0	0	0	0	0	0	0	0	0	0	0	0	0	0	0	0	0	0	0	0	0	0	0	0	0	0	0	0	0	0	0	0	0	0	0	0	0	0	0	0	0	0	0	0	0	0	0	0	0	0	0	0	0	0	0	0	0	0	0	0	0	0
0	0	0	0	0	0	0	0	0	0	0	0	0	0	0	0	0	0	0	0	0	0	0	0	0	0	0	0.947404378061582	0	0	0	0	0	0	0	0	0	0	0	0	0	0	0	0	0	0	0	0.877355871974266	0	0	0	0	0	0	0	0	0	0	0	0	0	0	0	0	0	0	0	0	0	0	0	0.862704754191286	0	0	0	0	0	0	0	0	0	0	0	0	0.744206541709426	0	0	0	0	0
0	0	0	0.841316735968309	0	0	0.9965011962664	0	0	0	0	0.697953527099396	0	0	0	0	0	0	0	0	0	0	0	0	0	0	0	0	0	0.979578733428787	0.6373149826042	0	0	0	0	0	0.950571134838917	0	0	0	0	0	0	0	0	0	0	0	0	0	0	0	0	0	0	0	0	0	0	0	0	0	0	0	0	0	0	0	0	0	0	0	0	0	0	0	0	0	0	0	0	0	0	0	0	0	0	0	0	0
0	0	0	0	0	0	0	0	0	0	0.741677603165141	0	0	0	0	0	0	0	0	0	0	0	0	0	0	0	0	0	0	0	0	0	0	0	0	0	0	0	0	0	0	0	0	0	0	0	0	0	0	0	0	0	0	0	0	0	0	0	0	0	0	0	0	0	0	0	0	0	0	0	0	0	0.961328886021738	0	0	0	0	0	0	0	0	0	0	0	0	0	0.616999170478037	0	0	0
0	0	0	0	0	0	0	0	0	0	0	0	0	0	0.697714744018376	0	0	0	0	0	0	0	0	0	0	0.858330796153272	0	0	0.982540302591053	0	0.885973738970491	0	0	0	0	0	0	0	0	0	0	0	0	0	0	0	0	0	0	0	0	0	0	0	0	0	0	0	0	0	0.875146779691142	0	0	0	0	0	0	0	0	0	0	0	0	0.822546790824316	0	0	0	0	0	0	0	0.645890963640793	0	0	0	0	0	0	0.970970510107746	0
0	0	0	0	0	0	0	0	0	0	0	0	0.825643694359649	0	0	0	0	0	0	0	0	0	0	0	0	0	0	0	0	0	0	0	0	0.644570798729933	0	0	0	0	0	0	0	0.945781916935295	0	0	0	0	0	0	0	0	0	0	0	0	0	0	0	0	0	0	0	0	0	0	0	0	0	0	0	0	0	0	0	0	0	0	0	0	0	0	0	0	0	0	0	0	0	0	0	0
0	0	0	0	0	0	0	0	0	0	0	0	0	0	0	0	0	0	0	0	0	0	0	0	0	0	0	0	0	0	0	0	0	0	0	0	0	0	0	0	0	0	0	0	0	0	0	0	0	0	0	0	0	0	0	0	0	0	0.875146779691142	0	0	0	0.990404029537592	0	0	0	0	0	0	0	0	0	0	0	0.942797846567155	0	0	0	0	0	0	0	0	0	0	0	0	0	0	0
0	0	0	0	0	0	0	0	0	0	0	0	0	0	0	0	0	0	0	0	0	0	0	0	0	0	0	0	0	0	0	0	0	0	0	0	0	0	0	0	0	0	0	0	0	0.60865364577563	0	0	0	0	0	0	0	0	0	0	0	0	0	0	0	0	0.879324588088226	0	0	0	0	0	0	0	0	0	0	0	0	0	0	0	0	0	0	0	0	0	0	0	0	0	0	0
0	0	0	0	0	0	0	0	0	0	0	0	0	0	0	0	0	0.914241010761732	0	0	0	0	0	0	0	0	0	0	0	0	0	0	0	0	0	0	0	0	0	0	0	0	0	0	0	0	0	0	0	0	0	0	0	0	0	0	0	0	0	0	0.990404029537592	0.879324588088226	0	0	0	0	0	0	0	0	0	0	0	0	0	0	0	0	0	0	0	0	0.963347104183769	0	0	0	0	0	0	0
0	0	0	0	0	0	0	0	0	0	0	0	0	0.725771795182969	0	0	0	0	0	0	0	0	0.940893088224614	0	0	0	0.847050668546589	0	0	0	0	0.95553817711299	0	0	0	0	0	0	0	0	0	0	0	0	0	0	0	0	0	0	0	0	0	0	0	0	0	0	0	0	0	0	0	0	0	0	0	0	0	0	0	0	0	0	0	0	0	0	0	0	0.930306202592781	0	0	0	0	0	0	0	0	0
0.947980906380635	0	0	0	0	0.988688238223243	0	0	0	0	0	0	0	0	0	0	0	0	0	0	0	0	0	0	0	0	0	0	0	0	0	0	0	0	0	0	0	0	0	0	0	0	0	0	0	0	0	0	0	0	0	0	0	0	0	0	0	0	0	0	0	0	0	0	0	0	0	0	0	0	0	0	0	0	0	0	0	0	0	0	0	0	0.799687939412336	0	0	0	0	0	0	0
0	0	0	0	0	0	0	0	0	0	0	0	0	0	0	0	0	0	0	0	0	0	0	0	0	0	0	0	0	0	0	0	0	0	0	0	0	0	0	0	0	0	0.952953329996063	0	0	0	0	0	0	0	0	0	0	0	0	0	0	0	0	0	0	0	0	0	0	0	0	0	0	0	0	0	0	0	0	0	0	0	0	0	0	0	0	0	0	0	0	0.648778009137876	0	0
0	0	0	0	0	0	0	0	0	0	0	0	0	0	0.869287957080975	0	0	0	0	0	0	0	0	0	0	0	0	0.949686972753804	0	0	0	0	0	0	0	0	0	0	0	0.853170931360173	0	0	0	0	0	0	0	0	0	0	0	0	0	0.946465159578867	0	0	0	0	0	0	0	0	0	0	0	0	0	0	0	0	0	0	0	0	0	0	0	0	0	0	0	0	0	0	0	0	0	0	0	0
0	0	0	0	0	0	0	0	0	0	0	0	0	0	0	0	0	0	0	0	0	0	0	0	0	0	0	0	0	0	0	0	0	0	0	0	0	0	0	0	0	0	0	0	0	0	0	0	0	0	0	0	0	0.983611459466028	0	0	0	0	0	0	0	0	0	0	0	0	0	0	0.971502760314856	0	0	0	0	0	0	0	0	0	0	0	0	0	0	0	0	0	0	0	0	0
0	0	0	0	0	0	0	0	0	0	0	0	0	0	0	0	0	0	0	0	0	0	0	0	0	0	0	0	0.653131853920045	0	0	0	0	0	0	0	0	0	0	0	0	0	0	0	0	0	0	0	0	0	0	0	0	0	0	0	0	0	0	0	0	0	0	0	0	0	0	0.971502760314856	0	0	0.778762155929252	0	0	0	0	0	0	0	0	0	0	0	0	0	0	0	0	0	0	0
0	0	0	0	0	0	0	0	0	0	0	0	0	0	0	0	0	0	0	0	0	0	0.996878103010343	0	0	0	0	0	0	0	0	0	0	0	0	0	0	0	0	0	0	0	0	0	0	0	0	0	0	0	0	0	0	0	0	0	0	0	0	0	0	0	0	0	0	0	0	0	0	0	0.904349586532127	0	0	0	0	0	0	0	0	0	0	0	0	0	0	0	0	0	0.942449636209994	0
0	0.734425847671929	0	0	0	0	0	0	0	0	0	0	0	0	0	0	0	0	0	0	0	0	0	0	0	0	0	0	0	0	0	0	0	0	0	0	0	0	0	0	0	0	0	0	0	0	0	0	0	0	0	0	0	0	0	0	0	0	0	0	0	0	0	0	0	0	0	0	0.778762155929252	0.904349586532127	0	0	0	0	0	0	0	0	0	0	0	0	0	0.851724896320585	0	0.915818486439246	0	0	0	0
0	0	0	0	0	0	0	0	0	0	0	0	0	0	0	0	0	0	0	0	0	0	0	0	0	0	0	0	0	0	0	0	0	0	0	0	0	0	0.793089374246556	0	0	0	0	0	0	0	0	0	0	0	0	0	0	0	0	0.862704754191286	0	0	0	0	0	0	0	0	0	0	0	0	0	0	0	0	0	0	0	0	0	0	0	0	0	0	0	0	0	0	0	0	0	0
0	0	0	0	0	0.931767497474498	0	0	0	0	0	0	0	0	0	0.996804876681576	0	0	0	0	0	0	0	0	0	0	0	0	0	0	0	0	0	0	0	0	0	0	0	0	0	0.938886734308	0	0	0	0	0	0	0	0.968508414499263	0	0	0	0	0	0	0	0.961328886021738	0	0	0	0	0	0	0	0	0	0	0	0	0	0	0	0	0	0	0	0	0	0	0	0	0.658064693699197	0	0	0	0	0	0	0
0	0	0	0	0	0	0	0	0	0	0	0	0	0	0	0	0	0	0	0	0	0	0	0	0	0	0	0	0	0	0	0	0	0	0	0	0	0	0	0	0.991540741186417	0	0	0	0	0	0	0	0	0	0	0	0	0	0	0	0	0	0.822546790824316	0	0	0	0	0	0	0	0	0	0	0	0	0	0	0	0	0.944472718022237	0	0	0	0	0	0	0	0	0	0	0	0	0	0
0	0	0	0	0	0	0	0	0	0	0	0	0	0.856614119201731	0	0	0	0	0	0	0	0	0	0	0	0	0	0	0	0	0	0	0	0	0	0	0	0	0	0	0	0	0	0	0.937588263826385	0	0	0	0	0	0	0.722599181846367	0	0	0	0	0	0	0	0	0.942797846567155	0	0	0	0	0	0	0	0	0	0	0	0	0	0	0	0	0	0	0	0	0	0.816309341062046	0	0	0	0	0	0	0
0	0	0	0	0	0	0	0	0	0	0	0	0	0	0	0	0	0	0	0	0	0	0	0	0	0.798459492071792	0	0	0	0	0	0	0	0	0	0	0	0	0	0	0	0	0	0.719081729699368	0	0	0	0	0	0	0	0	0	0	0	0	0	0	0	0	0	0	0	0	0	0	0	0	0	0	0	0	0	0.944472718022237	0	0	0	0	0	0	0	0	0	0	0	0	0	0	0	0
0	0	0	0	0	0	0	0	0	0	0	0	0	0	0	0	0	0	0	0	0	0	0	0	0	0	0	0	0	0	0	0	0	0	0	0	0	0	0	0	0	0	0	0	0	0	0	0	0.901699288949847	0	0	0	0	0	0	0	0	0	0	0	0	0	0	0	0	0	0	0	0	0	0	0	0	0	0	0	0	0.976480771525787	0	0	0	0	0	0	0.839901812391964	0	0	0.631156191679079	0	0
0	0	0	0	0.939050848209577	0	0	0	0	0	0	0	0	0	0	0	0	0	0	0	0	0	0	0	0	0	0	0	0	0	0	0	0	0	0.865182255139262	0	0	0	0	0.778897182144548	0	0	0	0	0	0	0	0	0	0	0	0	0	0	0	0	0	0	0	0	0	0	0	0	0	0	0	0	0	0	0	0	0	0	0	0	0.976480771525787	0	0	0	0	0	0	0	0	0	0	0	0	0
0	0	0	0	0	0	0	0	0	0	0	0	0	0	0	0.993297582177911	0	0	0	0	0	0	0	0	0.916953902934043	0	0	0	0	0	0	0	0	0	0	0	0	0	0	0.893129237257385	0	0	0	0	0	0	0	0	0	0	0	0	0	0.963177381544688	0	0	0	0	0	0	0	0	0	0	0	0	0	0	0	0	0	0	0	0	0	0	0	0	0	0	0	0	0	0.723048271694903	0	0	0	0	0	0
0	0	0	0	0	0.72878516385503	0	0	0	0	0	0	0	0	0	0	0	0	0	0	0	0	0	0	0	0.65107586508211	0	0	0	0	0	0	0	0	0	0	0	0	0	0	0	0	0.717533536532798	0	0	0	0	0	0	0	0	0	0	0	0	0	0	0	0	0	0	0	0	0	0	0	0	0	0	0	0	0	0	0	0	0	0	0	0	0	0	0	0	0	0	0	0	0	0	0
0	0	0	0	0	0	0	0	0	0	0	0	0	0	0	0	0	0	0	0	0	0	0	0	0	0	0	0	0	0	0	0	0	0	0	0	0	0	0	0	0	0	0	0	0	0.877240583479144	0	0	0	0	0	0	0	0	0	0	0	0	0	0	0	0	0	0.930306202592781	0	0	0	0	0	0	0	0	0	0	0	0	0	0	0	0	0	0.851627976550741	0	0	0	0	0	0	0	0
0	0	0	0	0	0	0.930096188202581	0	0	0.986441340673242	0	0	0	0	0	0	0	0	0	0	0	0	0	0	0	0	0	0	0	0.976559627692774	0	0	0	0	0	0	0	0	0	0	0	0	0	0	0	0	0	0	0	0	0	0	0.813469964823932	0	0	0	0	0	0.645890963640793	0	0	0	0	0	0	0	0	0	0	0	0	0	0	0	0	0	0	0	0	0	0.851627976550741	0	0	0	0	0	0	0	0	0
0	0	0	0	0	0	0	0	0	0	0	0	0	0	0	0	0	0	0	0	0	0	0	0.84366685697311	0	0	0	0	0	0	0	0	0	0	0	0	0	0	0	0	0	0	0	0	0	0	0	0	0	0	0	0	0	0	0	0	0	0	0	0	0	0	0.963347104183769	0	0.799687939412336	0	0	0	0	0	0	0	0.658064693699197	0	0.816309341062046	0	0	0	0	0	0	0	0	0	0	0	0	0	0	0
0	0	0	0	0	0	0	0	0	0	0	0	0	0	0	0	0	0	0	0	0	0	0	0	0	0	0	0.788795135104056	0	0	0	0	0	0	0	0	0	0	0	0	0	0	0	0	0	0	0	0	0	0	0	0	0	0	0	0	0	0	0	0	0	0	0	0	0	0	0	0	0	0	0.851724896320585	0	0	0	0	0	0	0	0.723048271694903	0	0	0	0	0	0	0	0	0	0	0
0	0	0	0.956159106553196	0	0	0	0	0	0	0	0	0	0	0	0	0	0	0	0	0	0	0	0	0	0	0	0	0	0	0	0	0	0	0	0	0	0	0	0	0	0	0	0.914865376212675	0	0	0	0	0	0	0	0	0	0	0	0.744206541709426	0	0	0	0	0	0	0	0	0	0	0	0	0	0	0	0	0	0	0	0	0.839901812391964	0	0	0	0	0	0	0	0	0	0	0	0	0
0	0	0	0	0	0	0	0	0	0	0	0	0	0	0	0	0	0	0	0	0	0	0	0	0	0	0	0	0	0	0	0	0	0	0	0	0	0	0.957070573529825	0	0	0	0	0	0	0	0	0	0	0	0	0	0	0	0	0	0	0	0	0	0	0	0	0	0	0	0	0	0	0	0.915818486439246	0	0	0	0	0	0	0	0	0	0	0	0	0	0	0	0	0.846554986691874	0	0
0	0	0	0	0	0	0	0	0	0	0	0	0	0	0	0	0	0	0	0	0	0	0	0	0	0	0	0	0	0	0	0	0	0	0	0	0	0	0	0	0	0	0	0	0	0	0	0	0	0.969932053838647	0	0	0	0	0	0	0	0.616999170478037	0	0	0	0	0	0	0	0	0	0	0	0	0	0	0	0	0	0	0	0	0	0	0	0	0	0	0	0	0	0	0.927093010189533	0
0	0	0	0	0.558924213751615	0	0	0	0	0	0	0	0	0	0	0	0	0	0	0	0	0	0	0	0	0	0.860066158799585	0	0	0	0	0	0	0	0	0	0	0	0	0	0	0	0	0	0	0	0	0	0	0	0	0	0	0	0	0	0	0	0	0	0	0	0	0	0	0.648778009137876	0	0	0	0	0	0	0	0	0	0	0.631156191679079	0	0	0	0	0	0	0	0	0.846554986691874	0	0	0	0
0	0	0	0	0	0	0	0	0	0	0	0	0	0	0	0	0	0	0	0	0	0	0	0	0	0	0	0.815572085592381	0	0	0	0	0	0	0	0.781437299647406	0	0	0	0	0	0	0	0	0	0	0	0	0	0	0	0	0	0	0	0	0	0	0.970970510107746	0	0	0	0	0	0	0	0	0	0	0.942449636209994	0	0	0	0	0	0	0	0	0	0	0	0	0	0	0	0	0.927093010189533	0	0	0
0	0.90598191734836	0	0	0	0	0	0	0	0	0	0	0	0	0	0	0	0	0	0	0	0	0	0	0	0	0	0	0	0	0	0	0	0.771321410605954	0	0	0	0	0	0	0.90099268958883	0	0	0	0	0	0	0	0	0	0	0	0	0	0	0	0	0	0	0	0	0	0	0	0	0	0	0	0	0	0	0	0	0	0	0	0	0	0	0	0	0	0	0	0	0	0	0	0	0
