0	0	0.974091743618886	0	0	0	0	0	0	0	0	0	0	0	0	0	0	0	0.768694112809312	0	0	0	0	0	0	0	0.686240052355454	0	0	0	0.924966693267438	0	0	0	0	0	0	0	0	0	0	0	0	0	0	0	0	0	0	0	0	0	0	0	0	0	0	0	0	0	0	0	0	0	0	0	0	0	0	0	0	0	0	0	0	0	0	0	0	0	0	0	0	0	0	0	0	0	0	0
0	0	0.783855382810375	0	0	0	0	0	0	0	0	0	0	0	0	0	0	0	0	0	0	0	0	0	0	0	0	0	0	0	0	0	0	0	0	0.87575669499746	0	0	0	0	0	0	0	0	0	0	0	0	0	0	0	0	0	0	0	0	0	0	0	0	0	0	0	0	0	0	0	0	0	0	0.734346639068946	0	0	0	0	0	0	0	0	0	0	0	0	0	0	0	0	0	0	0
0.974091743618886	0.783855382810375	0	0	0	0	0	0	0	0	0	0	0	0	0	0	0	0	0	0	0.976301975415848	0	0.80712630285652	0	0	0	0	0	0	0	0	0	0	0	0	0	0	0	0	0	0	0	0	0	0	0	0.995550781575919	0	0	0	0	0	0.970813118142572	0	0	0	0	0	0	0	0	0	0	0	0	0	0	0	0	0	0	0	0	0	0	0	0	0	0	0	0	0	0	0	0	0.713038369798684	0	0	0	0
0	0	0	0	0	0.749341679364122	0	0	0	0	0	0	0	0.736715543869389	0	0	0	0	0	0	0	0	0	0	0	0	0	0	0	0	0	0	0	0	0	0	0	0	0	0	0	0	0	0	0	0	0	0	0	0	0	0	0	0	0	0	0	0	0	0	0	0	0	0	0	0	0	0	0	0	0	0	0	0	0	0	0	0	0	0	0	0	0	0.940299244964349	0	0	0	0	0	0
0	0	0	0	0	0.909651824238204	0	0	0	0	0	0	0	0	0	0	0	0	0	0	0	0	0	0	0	0	0	0	0	0	0	0	0	0	0	0	0	0	0	0	0	0	0	0	0	0	0	0	0	0	0	0	0	0	0	0	0	0	0	0	0	0	0	0	0	0	0	0	0	0	0	0	0	0	0	0	0	0	0.938172002772264	0	0	0	0	0	0	0	0	0	0	0
0	0	0	0.749341679364122	0.909651824238204	0	0	0	0	0	0	0	0	0	0	0	0	0	0	0	0	0	0	0	0	0	0	0	0	0	0	0	0	0	0	0	0	0	0	0	0	0	0	0	0	0	0	0	0	0	0	0	0	0	0	0	0	0	0	0	0	0.525989609904887	0	0	0.998669898065128	0	0	0	0	0	0	0	0	0	0	0.960057481727377	0	0	0	0	0	0	0	0	0	0	0	0	0	0
0	0	0	0	0	0	0	0	0.953123889833093	0	0	0	0	0	0	0	0	0	0	0	0	0	0	0	0	0	0	0	0	0	0	0	0	0	0	0	0	0	0	0.763920162031674	0	0	0	0	0	0	0	0	0	0	0	0	0	0	0	0	0	0	0	0	0	0	0	0	0	0	0	0.890678864192848	0	0	0	0	0	0	0	0	0	0	0	0	0	0	0	0	0	0	0	0	0	0
0	0	0	0	0	0	0	0	0	0	0	0	0	0	0	0	0	0	0	0	0	0	0	0	0	0	0	0	0	0	0	0	0	0	0	0	0	0	0	0	0	0	0	0	0.908235670693827	0	0	0	0	0	0	0	0	0	0	0	0.973732385411409	0	0	0	0	0	0	0	0	0	0	0	0	0	0	0	0	0	0	0	0	0	0	0	0	0	0	0	0	0	0	0	0	0
0	0	0	0	0	0	0.953123889833093	0	0	0	0	0	0	0	0	0	0	0	0	0	0	0	0	0	0	0	0	0	0	0	0	0	0	0	0	0.9324972447251	0	0	0	0	0	0	0	0	0	0	0	0.869390172891311	0	0	0	0	0	0	0	0	0	0	0	0	0	0	0	0	0	0	0	0	0	0	0	0	0	0	0	0	0	0	0	0	0	0	0	0	0	0	0	0	0	0
0	0	0	0	0	0	0	0	0	0	0	0	0	0	0	0	0	0	0	0	0	0	0	0	0	0	0	0	0	0	0	0	0	0	0	0	0	0	0	0	0.57443328212562	0	0	0	0	0	0	0	0.66807907427789	0	0.941975452064832	0	0	0	0.945535899963242	0	0	0	0	0	0	0	0	0	0	0	0	0	0	0	0	0	0	0	0	0.94690831987075	0	0	0	0	0	0	0	0	0	0	0	0	0	0
0	0	0	0	0	0	0	0	0	0	0	0	0	0	0.887680717719925	0	0	0	0	0	0	0	0	0	0	0	0.593917911656751	0	0	0	0	0	0.948341065473134	0	0	0	0	0	0	0	0	0	0	0	0	0	0	0	0	0	0	0	0	0	0	0	0	0	0	0.996586449106966	0	0	0	0	0	0	0	0	0	0	0	0	0	0	0	0	0	0	0	0	0	0	0	0	0	0	0	0	0	0.982437002392416
0	0	0	0	0	0	0	0	0	0	0	0	0.992445146427791	0	0	0	0	0	0	0	0.82320165993386	0	0	0	0	0	0	0	0	0	0	0	0	0	0	0	0	0	0	0	0	0	0	0	0	0	0	0	0	0	0	0	0	0	0	0	0	0	0	0	0	0	0	0	0	0	0	0	0	0	0	0	0	0	0	0	0	0	0	0	0	0	0	0	0	0	0.756456169874881	0	0	0
0	0	0	0	0	0	0	0	0	0	0	0.992445146427791	0	0	0.648188762870202	0.905300471019869	0	0	0	0	0	0	0	0	0	0	0	0	0	0	0	0	0	0	0	0	0	0	0	0	0	0	0	0	0	0	0	0	0	0	0	0	0	0	0	0	0	0	0	0	0	0	0	0	0	0	0	0	0	0	0	0.718864264203086	0	0	0	0	0	0	0.615454564668363	0	0	0	0	0	0.792462863038044	0	0	0	0	0
0	0	0	0.736715543869389	0	0	0	0	0	0	0	0	0	0	0	0.612421749296751	0	0	0	0	0	0	0	0	0	0	0	0	0	0	0	0	0	0	0	0	0	0	0	0	0	0	0	0	0	0	0	0	0	0	0	0	0	0	0	0	0	0	0	0	0	0	0	0	0	0	0	0	0	0	0	0	0	0	0	0	0	0	0	0	0	0	0	0	0	0	0	0	0	0
0	0	0	0	0	0	0	0	0	0	0.887680717719925	0	0.648188762870202	0	0	0	0	0	0	0	0	0	0	0	0	0	0	0	0	0	0	0	0	0	0	0	0	0	0	0	0	0	0	0	0	0	0	0	0	0.714334393330461	0	0	0	0	0	0	0	0	0	0	0	0	0	0	0	0	0	0	0	0	0	0	0	0	0	0	0	0	0	0	0	0	0	0	0	0	0	0	0	0
0	0	0	0	0	0	0	0	0	0	0	0	0.905300471019869	0.612421749296751	0	0	0.960651555518711	0	0	0	0	0	0	0	0	0	0	0	0	0	0	0	0	0	0	0	0.969295328319012	0	0.983855704289562	0	0	0	0	0	0	0	0	0	0	0	0	0	0	0	0	0	0	0	0	0	0	0	0	0	0	0	0	0	0	0	0	0	0	0	0	0	0	0	0	0.72530322226327	0	0	0	0	0	0	0	0	0	0
0	0	0	0	0	0	0	0	0	0	0	0	0	0	0	0.960651555518711	0	0	0.589958221284395	0	0	0	0	0	0	0	0	0	0	0	0	0	0	0	0	0	0	0	0	0	0	0	0	0	0	0	0	0	0	0	0	0	0	0	0	0	0	0	0	0	0	0	0	0	0	0	0	0	0	0.94889167418564	0	0	0	0	0	0	0	0	0	0	0	0	0	0.917342544289747	0	0	0	0	0	0
0	0	0	0	0	0	0	0	0	0	0	0	0	0	0	0	0	0	0.825342421682833	0	0	0	0	0	0	0	0	0	0	0	0	0	0	0	0	0	0	0	0	0	0.955728221799595	0	0	0	0	0	0.955021113815109	0	0.886431048821695	0	0	0	0	0	0	0	0.695091371203566	0	0	0	0	0	0	0	0	0	0	0	0	0	0	0	0	0	0	0	0	0	0	0	0	0	0	0	0	0	0	0	0	0
0.768694112809312	0	0	0	0	0	0	0	0	0	0	0	0	0	0	0	0.589958221284395	0.825342421682833	0	0	0	0	0	0	0	0	0	0	0	0	0	0	0	0	0	0	0.802106753525733	0	0	0	0	0	0	0	0	0.932524611079707	0	0	0	0	0	0	0	0	0	0	0	0	0	0	0	0	0	0	0	0	0	0	0	0	0	0	0.851991042619709	0	0	0	0	0	0	0	0	0	0	0	0	0	0	0	0	0
0	0	0	0	0	0	0	0	0	0	0	0	0	0	0	0	0	0	0	0	0	0	0	0	0	0	0	0	0	0	0	0	0	0	0	0	0	0	0	0	0	0	0	0	0	0	0	0	0	0	0	0	0	0	0.86425298775527	0	0	0	0	0	0	0	0	0	0	0	0	0	0	0	0.688984234089733	0	0	0	0	0	0	0	0.692915642773505	0	0	0	0	0	0	0	0	0	0	0
0	0	0.976301975415848	0	0	0	0	0	0	0	0	0.82320165993386	0	0	0	0	0	0	0	0	0	0	0	0	0	0	0	0	0.852019044611589	0	0	0	0	0	0	0	0	0	0	0	0	0	0	0	0	0	0	0	0	0	0	0	0	0	0	0	0	0	0.707700098056498	0	0	0	0	0	0	0	0	0	0.707076627230547	0	0	0.67993691055302	0	0	0.570608083599654	0	0	0	0	0	0	0	0	0	0	0	0	0.791242680798566	0	0.821053554932403
0	0	0	0	0	0	0	0	0	0	0	0	0	0	0	0	0	0	0	0	0	0	0.580093802268738	0	0	0	0	0	0	0	0	0	0	0	0	0	0	0	0	0	0	0.888505788394145	0	0	0	0	0	0	0	0	0	0.576676153302981	0	0	0	0	0	0	0	0	0	0	0	0	0	0	0	0	0	0	0	0	0	0	0	0	0	0	0	0	0	0	0	0	0	0	0	0	0	0.541955098302595
0	0	0.80712630285652	0	0	0	0	0	0	0	0	0	0	0	0	0	0	0	0	0	0	0.580093802268738	0	0	0	0	0	0	0	0	0	0	0	0	0	0	0	0	0	0	0	0	0	0	0	0	0	0	0	0	0	0	0.960764905820276	0	0	0	0	0	0	0	0	0	0.926005752002956	0	0	0	0	0	0	0	0	0	0	0	0	0	0	0	0	0	0	0	0	0	0	0	0	0	0.600393519558915	0
0	0	0	0	0	0	0	0	0	0	0	0	0	0	0	0	0	0	0	0	0	0	0	0	0	0	0	0	0	0	0	0	0	0	0	0	0	0	0	0	0	0	0	0	0	0	0	0	0	0	0	0	0	0	0	0	0	0	0	0	0	0	0.913082769921137	0	0	0.767188639726247	0	0	0	0	0	0	0	0	0	0	0	0	0	0	0.952129800872552	0.873142570118801	0	0	0	0	0	0	0	0
0	0	0	0	0	0	0	0	0	0	0	0	0	0	0	0	0	0	0	0	0	0	0	0	0	0	0	0	0	0	0	0.615210800468934	0	0	0	0	0	0	0	0	0	0	0	0	0	0	0	0	0.922915924809116	0	0	0	0	0	0	0	0	0	0	0	0	0	0	0	0	0	0	0	0.579094703226214	0	0	0	0	0	0.977339194479576	0	0	0	0	0	0	0	0	0	0	0	0	0	0	0
0	0	0	0	0	0	0	0	0	0	0	0	0	0	0	0	0	0	0	0	0	0	0	0	0	0	0	0	0	0	0.998081420605009	0	0	0	0	0	0	0	0	0	0.688247287445934	0	0	0	0	0	0	0	0	0	0	0	0	0	0	0	0	0	0	0	0	0	0	0	0	0	0	0	0	0	0	0	0	0.661377588611324	0	0	0	0	0	0	0	0	0	0	0	0	0	0	0	0
0.686240052355454	0	0	0	0	0	0	0	0	0	0.593917911656751	0	0	0	0	0	0	0	0	0	0	0	0	0	0	0	0	0	0	0	0	0	0	0	0	0	0	0	0	0	0	0	0	0	0	0	0	0	0	0	0	0	0	0	0	0	0	0	0.705573860020099	0	0	0	0	0	0	0	0	0	0	0	0	0	0	0	0	0	0	0	0	0	0	0	0	0	0	0	0	0	0	0
0	0	0	0	0	0	0	0	0	0	0	0	0	0	0	0	0	0	0	0	0	0	0	0	0	0	0	0	0	0	0	0	0	0	0	0	0	0	0	0	0	0	0	0.811295167913412	0	0.688933840480007	0	0.793048836988043	0	0	0	0	0	0.953780256015401	0	0	0	0	0	0	0	0	0	0	0	0	0	0	0	0	0	0	0	0	0	0	0	0	0	0	0	0	0	0	0	0	0	0	0	0
0	0	0	0	0	0	0	0	0	0	0	0	0	0	0	0	0	0	0	0	0.852019044611589	0	0	0	0	0	0	0	0	0.805676511799728	0	0	0	0.781509258985735	0	0	0	0	0	0	0	0	0	0	0	0	0	0	0	0	0	0	0	0	0	0	0	0	0	0	0	0	0	0	0	0	0	0	0	0	0	0	0	0	0	0	0	0	0	0	0	0	0	0	0	0	0	0	0	0
0	0	0	0	0	0	0	0	0	0	0	0	0	0	0	0	0	0	0	0	0	0	0	0	0	0	0	0	0.805676511799728	0	0	0	0	0	0	0	0	0	0	0	0	0	0	0	0	0	0	0	0	0	0	0	0	0	0	0.685562078200869	0	0	0.738826356156289	0	0	0	0	0	0	0	0	0	0	0	0	0	0	0	0	0	0	0	0	0	0	0	0	0	0.991553397734032	0	0	0	0	0
0.924966693267438	0	0	0	0	0	0	0	0	0	0	0	0	0	0	0	0	0	0	0	0	0	0	0	0	0.998081420605009	0	0	0	0	0	0	0	0	0	0	0	0	0	0	0	0	0	0	0	0	0	0	0	0	0	0	0	0	0	0	0	0	0	0	0.851020405350489	0	0	0	0	0	0	0	0	0	0	0	0	0.792485379090714	0	0	0	0	0	0	0	0	0	0	0	0	0	0	0	0
0	0	0	0	0	0	0	0	0	0	0	0	0	0	0	0	0	0	0	0	0	0	0	0	0.615210800468934	0	0	0	0	0	0	0	0	0	0	0	0	0	0	0	0	0	0	0	0	0	0	0	0	0	0	0	0	0	0	0	0	0	0	0	0	0	0	0	0	0.91575898195024	0	0	0	0	0	0	0	0	0	0	0	0	0	0	0	0	0	0	0	0	0	0	0	0
0	0	0	0	0	0	0	0	0	0	0.948341065473134	0	0	0	0	0	0	0	0	0	0	0	0	0	0	0	0	0	0	0	0	0	0	0	0	0	0	0	0	0	0	0	0.669061962521631	0	0	0	0	0	0	0	0	0	0.948565842660774	0.863352161964273	0	0	0	0	0	0	0	0	0	0	0	0	0	0	0	0	0	0	0	0	0	0	0	0	0	0	0	0	0.866073109408777	0	0	0	0	0	0	0
0	0	0	0	0	0	0	0	0	0	0	0	0	0	0	0	0	0	0	0	0	0	0	0	0	0	0	0	0.781509258985735	0	0	0	0	0	0	0	0	0	0	0	0	0	0	0	0	0	0	0	0	0	0	0	0	0	0.933547939645119	0	0	0	0	0	0	0.812613213707944	0	0	0	0	0	0	0	0	0	0	0	0	0	0	0	0	0	0	0	0	0	0	0	0	0	0	0	0
0	0	0	0	0	0	0	0	0	0	0	0	0	0	0	0	0	0	0	0	0	0	0	0	0	0	0	0	0	0	0	0	0	0	0	0	0	0	0	0.690077470633499	0	0	0.679270944330448	0	0	0	0	0.971021928401348	0	0	0	0	0	0.656932955067038	0	0	0	0	0	0	0	0	0	0	0	0	0	0	0	0	0	0	0	0	0	0	0	0	0	0	0	0	0	0	0	0	0	0	0	0
0	0.87575669499746	0	0	0	0	0	0	0.9324972447251	0	0	0	0	0	0	0	0	0	0	0	0	0	0	0	0	0	0	0	0	0	0	0	0	0	0	0	0	0	0	0	0.560167609253068	0	0	0	0	0	0	0	0	0	0	0	0	0	0	0	0	0	0	0	0	0	0	0	0	0	0	0	0	0	0	0	0	0	0	0	0	0	0	0	0.764380246308893	0	0	0	0	0	0	0	0	0
0	0	0	0	0	0	0	0	0	0	0	0	0	0	0	0.969295328319012	0	0	0.802106753525733	0	0	0	0	0	0	0	0	0	0	0	0	0	0	0	0	0	0	0	0	0	0	0	0	0	0	0	0	0	0	0	0	0	0	0	0	0	0	0	0	0	0	0	0.68073053077469	0	0	0	0	0	0	0	0	0.968630388345525	0	0	0	0	0	0	0	0	0	0	0	0	0	0	0	0	0	0
0	0	0	0	0	0	0	0	0	0	0	0	0	0	0	0	0	0	0	0	0	0	0	0	0	0	0	0	0	0	0	0	0	0	0	0	0	0	0	0	0	0	0	0	0	0	0	0.87705398521942	0	0	0	0	0	0	0	0	0	0	0	0	0	0	0	0	0	0	0	0	0.883492859313562	0	0	0	0	0	0	0	0.73846701769662	0	0	0	0	0	0	0	0	0	0	0	0	0
0	0	0	0	0	0	0	0	0	0	0	0	0	0	0	0.983855704289562	0	0	0	0	0	0	0	0	0	0	0	0	0	0	0	0	0	0	0	0	0	0	0	0	0	0	0	0	0	0	0	0	0	0	0	0	0	0	0	0	0	0	0	0	0	0	0	0	0.789506258272174	0	0	0	0	0	0	0	0	0	0	0	0	0	0	0	0	0	0	0	0	0	0	0	0	0
0	0	0	0	0	0	0.763920162031674	0	0	0	0	0	0	0	0	0	0	0	0	0	0	0	0	0	0	0	0	0	0	0	0	0	0	0	0.690077470633499	0	0	0	0	0	0	0	0	0	0	0	0	0	0	0	0	0	0	0	0	0	0	0	0	0	0	0	0	0	0	0	0	0	0	0	0	0.642417579233975	0	0	0	0	0	0	0	0	0	0	0	0	0	0	0	0	0	0
0	0	0	0	0	0	0	0	0	0.57443328212562	0	0	0	0	0	0	0	0.955728221799595	0	0	0	0	0	0	0	0.688247287445934	0	0	0	0	0	0	0	0	0	0.560167609253068	0	0	0	0	0	0	0	0	0	0	0	0	0	0	0	0	0	0	0	0	0	0	0	0	0.60352258257231	0	0	0	0	0	0	0	0	0	0	0	0	0	0	0	0	0	0	0	0	0	0	0	0	0	0	0	0	0
0	0	0	0	0	0	0	0	0	0	0	0	0	0	0	0	0	0	0	0	0	0.888505788394145	0	0	0	0	0	0	0	0	0	0	0	0	0	0	0	0	0	0	0	0	0	0	0	0	0	0	0	0	0	0	0	0	0	0	0	0	0	0	0	0	0	0	0	0	0	0	0	0	0	0	0	0	0.894069606660143	0	0	0	0	0	0	0	0	0	0	0	0	0	0	0
0	0	0	0	0	0	0	0	0	0	0	0	0	0	0	0	0	0	0	0	0	0	0	0	0	0	0	0	0	0	0	0	0.669061962521631	0	0.679270944330448	0	0	0	0	0	0	0	0	0	0	0	0	0	0	0	0	0	0.899597493984108	0	0	0	0	0	0	0	0	0	0	0	0	0	0	0	0	0	0	0	0	0	0	0	0	0	0	0	0	0	0	0	0	0.873660741517035	0	0	0	0
0	0	0	0	0	0	0	0	0	0	0	0	0	0	0	0	0	0	0	0	0	0	0	0	0	0	0	0.811295167913412	0	0	0	0	0	0	0	0	0	0	0	0	0	0	0	0	0	0	0	0	0	0	0	0	0	0	0	0	0	0	0	0	0	0	0	0	0	0	0	0	0	0	0	0	0	0	0	0	0	0	0	0	0	0	0	0	0	0	0.928629782697107	0	0	0
0	0	0	0	0	0	0	0.908235670693827	0	0	0	0	0	0	0	0	0	0	0	0	0	0	0	0	0	0	0	0	0	0	0	0	0	0	0	0	0	0	0	0	0	0	0	0	0	0	0	0	0	0	0	0	0	0	0	0	0	0.945570969289541	0	0	0	0	0	0	0	0	0	0	0	0	0	0	0	0	0	0.980632767966176	0	0	0	0	0	0	0	0	0.740955988145171	0	0.861035809210751	0	0.877153133876247	0
0	0	0	0	0	0	0	0	0	0	0	0	0	0	0	0	0	0	0.932524611079707	0	0	0	0	0	0	0	0	0.688933840480007	0	0	0	0	0	0	0	0	0	0	0	0	0	0	0	0	0	0	0	0	0	0	0	0	0	0	0	0	0	0	0	0	0	0	0	0	0	0	0	0	0	0	0	0	0	0	0	0	0	0	0	0	0	0	0	0	0	0	0	0	0	0.859141126952186
0	0	0.995550781575919	0	0	0	0	0	0	0	0	0	0	0	0	0	0	0.955021113815109	0	0	0	0	0	0	0	0	0	0	0	0	0	0	0	0	0	0	0	0	0	0	0	0	0	0	0	0	0	0	0	0	0	0	0	0	0	0	0	0	0	0	0	0	0	0	0	0	0	0	0	0	0	0	0	0	0	0	0	0	0	0	0	0	0	0	0	0	0	0	0	0
0	0	0	0	0	0	0	0	0.869390172891311	0	0	0	0	0	0	0	0	0	0	0	0	0	0	0	0	0	0	0.793048836988043	0	0	0	0	0	0	0.971021928401348	0	0	0.87705398521942	0	0	0	0	0	0	0	0	0	0	0	0	0	0	0	0	0	0	0	0	0	0	0	0	0	0	0	0	0.928545019850116	0	0	0	0	0	0	0	0	0	0	0	0	0	0	0.641139160743877	0	0	0	0	0	0	0	0
0	0	0	0	0	0	0	0	0	0.66807907427789	0	0	0	0	0	0	0	0.886431048821695	0	0	0	0	0	0	0.922915924809116	0	0	0	0	0	0	0	0	0	0	0	0	0	0	0	0	0	0	0	0	0	0	0	0	0	0	0	0	0.892910443627811	0	0	0	0	0	0.949253972792295	0	0	0	0	0	0	0	0	0	0	0	0	0	0	0	0	0	0	0	0	0	0.941874021668592	0	0	0	0	0	0	0	0
0	0	0	0	0	0	0	0	0	0	0	0	0	0	0.714334393330461	0	0	0	0	0	0	0	0	0	0	0	0	0	0	0	0	0	0	0	0	0	0	0	0	0	0	0	0	0	0	0	0	0	0	0	0.996468329440453	0	0	0	0	0	0	0.934836924329963	0	0	0	0	0	0	0	0	0	0	0	0	0	0	0	0	0	0.995437344824692	0	0	0	0	0	0	0	0	0	0	0	0	0	0
0	0	0	0	0	0	0	0	0	0.941975452064832	0	0	0	0	0	0	0	0	0	0	0	0	0	0	0	0	0	0	0	0	0	0	0	0	0	0	0	0	0	0	0	0	0	0	0	0	0	0	0	0.996468329440453	0	0	0	0	0	0	0	0	0	0	0	0	0	0	0	0	0	0	0	0	0	0	0	0	0	0	0	0	0	0	0	0	0	0	0	0	0	0	0	0
0	0	0	0	0	0	0	0	0	0	0	0	0	0	0	0	0	0	0	0	0	0.576676153302981	0	0	0	0	0	0	0	0	0	0	0	0	0	0	0	0	0	0	0	0	0	0	0	0	0	0	0	0	0	0	0	0	0	0	0	0	0	0	0	0.830468119250485	0	0	0	0	0	0	0	0	0.971915680912845	0	0	0	0	0	0	0	0	0	0	0	0	0	0	0	0	0.951284853094577	0	0
0	0	0.970813118142572	0	0	0	0	0	0	0	0	0	0	0	0	0	0	0	0	0	0	0	0.960764905820276	0	0	0	0	0	0	0	0	0	0.948565842660774	0	0	0	0	0	0	0	0	0	0.899597493984108	0	0	0	0	0	0	0	0	0	0	0	0	0	0	0	0	0	0	0	0	0	0	0	0	0	0	0.993356342829433	0	0	0.661642938316305	0	0	0	0	0	0	0	0	0	0	0	0	0	0	0	0	0
0	0	0	0	0	0	0	0	0	0	0	0	0	0	0	0	0	0	0	0	0	0	0	0	0	0	0	0.953780256015401	0	0	0	0	0.863352161964273	0	0.656932955067038	0	0	0	0	0	0	0	0	0	0	0	0	0	0.892910443627811	0	0	0	0	0	0	0	0	0	0	0	0	0	0	0	0	0	0	0	0	0	0	0	0	0	0	0	0	0	0	0	0	0	0	0	0	0	0	0	0.817990782218985	0
0	0	0	0	0	0	0	0	0	0.945535899963242	0	0	0	0	0	0	0	0	0	0.86425298775527	0	0	0	0	0	0	0	0	0	0	0	0	0	0.933547939645119	0	0	0	0	0	0	0	0	0	0	0	0	0	0	0	0	0	0	0	0	0	0	0	0	0	0	0	0	0	0	0	0	0	0	0	0	0.89648318383096	0	0	0	0	0	0	0	0	0	0	0	0	0	0	0	0	0	0	0
0	0	0	0	0	0	0	0	0	0	0	0	0	0	0	0	0	0	0	0	0	0	0	0	0	0	0	0	0	0.685562078200869	0	0	0	0	0	0	0	0	0	0	0	0	0	0	0	0	0	0	0	0	0	0	0	0	0	0	0	0.794029331577278	0	0	0	0	0	0	0	0	0	0	0	0	0	0	0	0	0	0	0.95530465041916	0	0	0.726039015040979	0	0	0	0	0	0	0	0	0	0
0	0	0	0	0	0	0	0.973732385411409	0	0	0	0	0	0	0	0	0	0.695091371203566	0	0	0	0	0	0	0	0	0	0	0	0	0	0	0	0	0	0	0	0	0	0	0	0	0	0	0	0	0	0	0	0	0	0	0	0	0	0	0	0	0	0	0	0	0	0	0	0	0	0	0	0.983833211824666	0	0.969151218482624	0	0	0	0	0	0	0	0	0	0	0	0.678542295434521	0	0	0	0	0	0
0	0	0	0	0	0	0	0	0	0	0	0	0	0	0	0	0	0	0	0	0	0	0	0	0	0	0	0	0	0	0	0	0	0	0	0	0	0	0	0	0	0	0	0	0.945570969289541	0	0	0	0	0.934836924329963	0	0	0	0	0	0.794029331577278	0	0	0	0.911412066760944	0	0	0	0	0	0	0	0	0	0.965282597546112	0	0	0	0	0	0	0	0	0	0	0	0.95687652904891	0	0	0	0	0	0	0	0
0	0	0	0	0	0	0	0	0	0	0	0	0	0	0	0	0	0	0	0	0.707700098056498	0	0	0	0	0	0.705573860020099	0	0	0.738826356156289	0	0	0	0	0	0	0	0	0	0	0	0	0	0	0	0	0	0	0	0	0	0	0	0	0	0	0	0	0	0	0.646583334540277	0	0	0.890866106126817	0	0	0	0	0	0	0	0	0	0	0	0	0	0	0	0	0	0	0	0	0	0	0	0	0	0
0	0	0	0	0	0	0	0	0	0	0.996586449106966	0	0	0	0	0	0	0	0	0	0	0	0	0	0	0	0	0	0	0	0	0	0	0	0	0	0	0	0	0	0	0	0	0	0	0	0	0	0.949253972792295	0	0	0	0	0	0	0	0	0.911412066760944	0	0	0	0	0	0	0	0.774882142568834	0	0	0	0	0	0	0	0	0	0	0	0	0	0	0	0	0	0	0	0	0	0	0	0
0	0	0	0	0	0	0	0	0	0	0	0	0	0	0	0	0	0	0	0	0	0	0	0	0	0	0	0	0	0	0.851020405350489	0	0	0	0	0	0	0	0	0	0.60352258257231	0	0	0	0	0	0	0	0	0	0	0	0	0	0	0	0	0	0.646583334540277	0	0	0	0	0	0	0	0	0	0	0	0	0	0	0	0	0	0.711149257654095	0.722939279886411	0	0	0	0	0	0	0	0	0	0	0	0
0	0	0	0	0	0.525989609904887	0	0	0	0	0	0	0	0	0	0	0	0	0	0	0	0	0	0	0	0	0	0	0	0	0	0	0	0.812613213707944	0	0	0	0	0	0	0	0	0	0	0	0	0	0	0	0	0	0.830468119250485	0	0	0	0	0	0	0	0	0	0	0	0	0	0	0	0	0	0	0	0	0	0	0	0	0	0	0	0	0	0	0	0	0	0	0	0	0	0
0	0	0	0	0	0	0	0	0	0	0	0	0	0	0	0	0	0	0	0	0	0	0.926005752002956	0.913082769921137	0	0	0	0	0	0	0	0	0	0	0	0	0.68073053077469	0	0	0	0	0	0	0	0	0	0	0	0	0	0	0	0	0	0	0	0	0	0	0	0	0	0	0	0	0	0	0	0	0	0	0	0	0.776249450137122	0	0	0	0	0	0	0	0	0	0	0	0	0	0	0	0
0	0	0	0	0	0	0	0	0	0	0	0	0	0	0	0	0	0	0	0	0	0	0	0	0	0	0	0	0	0	0	0	0	0	0	0	0	0	0	0	0	0	0	0	0	0	0	0	0	0	0	0	0	0	0	0	0	0	0.890866106126817	0	0	0	0	0	0.722432016809778	0	0	0	0	0	0	0	0	0	0	0	0	0	0	0	0	0	0	0	0	0	0	0	0	0
0	0	0	0	0	0.998669898065128	0	0	0	0	0	0	0	0	0	0	0	0	0	0	0	0	0	0	0	0	0	0	0	0	0	0	0	0	0	0	0	0	0.789506258272174	0	0	0	0	0	0	0	0	0	0	0	0	0	0	0	0	0	0	0	0	0	0	0	0	0.722432016809778	0	0	0	0.988271982362795	0	0	0	0	0	0	0	0	0	0	0	0	0	0	0	0	0	0	0.598571599596383	0	0	0
0	0	0	0	0	0	0	0	0	0	0	0	0	0	0	0	0	0	0	0	0	0	0	0.767188639726247	0	0	0	0	0	0	0	0.91575898195024	0	0	0	0	0	0	0	0	0	0	0	0	0	0	0	0	0	0	0	0	0	0	0	0	0	0	0	0.774882142568834	0	0	0	0	0	0	0.97605496334225	0	0	0	0	0	0	0	0	0	0	0	0	0	0.82061552679675	0	0	0	0	0	0	0	0	0.729062112885337
0	0	0	0	0	0	0	0	0	0	0	0	0	0	0	0	0	0	0	0	0	0	0	0	0	0	0	0	0	0	0	0	0	0	0	0	0	0	0	0	0	0	0	0	0	0	0	0.928545019850116	0	0	0	0	0	0	0	0	0	0	0	0	0	0	0	0	0	0.97605496334225	0	0	0	0	0	0	0.922085855344214	0	0	0	0	0	0	0	0	0	0	0	0	0	0	0	0	0
0	0	0	0	0	0	0.890678864192848	0	0	0	0	0	0	0	0	0	0	0	0	0	0	0	0	0	0	0	0	0	0	0	0	0	0	0	0	0	0	0	0	0	0	0	0	0	0	0	0	0	0	0	0	0	0	0	0	0	0	0	0	0	0	0	0	0	0.988271982362795	0	0	0	0	0	0	0	0	0	0	0	0	0	0	0	0	0	0	0	0	0	0	0	0	0.980549426942259
0	0	0	0	0	0	0	0	0	0	0	0	0	0	0	0	0	0	0	0	0.707076627230547	0	0	0	0.579094703226214	0	0	0	0	0	0	0	0	0	0	0	0	0.883492859313562	0	0	0	0	0	0	0	0	0	0	0	0	0	0	0	0	0	0	0	0	0	0	0	0	0	0	0	0	0	0	0	0	0	0	0	0	0	0	0	0	0	0	0	0	0	0	0	0	0	0	0	0
0	0	0	0	0	0	0	0	0	0	0	0	0	0	0	0	0.94889167418564	0	0	0	0	0	0	0	0	0	0	0	0	0	0	0	0	0	0	0	0	0	0	0	0	0	0	0	0	0	0	0	0	0	0	0	0.993356342829433	0	0	0	0.983833211824666	0.965282597546112	0	0	0	0	0	0	0	0	0	0	0	0	0	0.992734282495068	0	0	0	0	0	0	0	0	0	0	0	0	0	0	0	0	0	0
0	0.734346639068946	0	0	0	0	0	0	0	0	0	0	0	0	0	0	0	0	0	0.688984234089733	0	0	0	0	0	0	0	0	0	0	0	0	0	0	0	0	0	0	0	0	0	0	0	0	0	0	0	0	0	0	0	0.971915680912845	0	0	0.89648318383096	0	0	0	0	0	0	0	0	0	0	0	0	0	0	0	0	0	0	0	0	0	0	0	0	0	0	0	0	0	0	0	0	0	0	0
0	0	0	0	0	0	0	0	0	0	0	0	0.718864264203086	0	0	0	0	0	0	0	0.67993691055302	0	0	0	0	0	0	0	0	0	0	0	0	0	0	0	0.968630388345525	0	0	0.642417579233975	0	0	0	0	0	0	0	0	0	0	0	0	0	0	0	0	0.969151218482624	0	0	0	0	0	0	0	0	0	0	0	0	0.992734282495068	0	0	0	0.702264090365394	0	0	0	0	0	0	0	0	0	0	0	0	0	0	0	0
0	0	0	0	0	0	0	0	0	0	0	0	0	0	0	0	0	0	0.851991042619709	0	0	0	0	0	0	0	0	0	0	0	0	0	0	0	0	0	0	0	0	0	0	0	0	0	0	0	0	0	0	0	0	0	0.661642938316305	0	0	0	0	0	0	0	0	0	0	0	0	0	0.922085855344214	0	0	0	0	0	0	0	0	0.77042747351975	0	0	0	0	0	0	0	0	0	0	0	0	0	0
0	0	0	0	0	0	0	0	0	0	0	0	0	0	0	0	0	0	0	0	0	0	0	0	0	0.661377588611324	0	0	0	0	0.792485379090714	0	0	0	0	0	0	0	0	0	0	0	0	0	0	0	0	0	0	0	0	0	0	0	0	0	0	0	0	0	0	0	0.776249450137122	0	0	0	0	0	0	0	0	0.702264090365394	0	0	0	0	0	0	0	0	0	0	0	0	0	0	0	0	0	0
0	0	0	0	0	0	0	0	0	0	0	0	0	0	0	0	0	0	0	0	0.570608083599654	0	0	0	0.977339194479576	0	0	0	0	0	0	0	0	0	0	0	0	0	0	0	0	0.894069606660143	0	0	0	0	0	0	0	0	0	0	0	0	0	0	0	0	0	0	0	0	0	0	0	0	0	0	0	0	0	0	0	0	0	0	0	0	0	0	0	0	0	0	0	0	0	0	0	0
0	0	0	0	0	0.960057481727377	0	0	0	0.94690831987075	0	0	0	0	0	0	0	0	0	0	0	0	0	0	0	0	0	0	0	0	0	0	0	0	0	0	0	0	0	0	0	0	0	0	0.980632767966176	0	0	0	0	0.995437344824692	0	0	0	0	0	0	0	0	0	0	0	0	0	0	0	0	0	0	0	0	0	0	0.77042747351975	0	0	0	0	0	0	0	0	0	0	0	0	0	0	0	0	0
0	0	0	0	0	0	0	0	0	0	0	0	0	0	0	0	0	0	0	0	0	0	0	0	0	0	0	0	0	0	0	0	0	0	0	0	0	0.73846701769662	0	0	0	0	0	0	0	0	0	0	0	0	0	0	0	0	0	0.95530465041916	0	0	0	0	0.711149257654095	0	0	0	0	0	0	0	0	0	0	0	0	0	0	0	0	0	0	0	0	0	0	0	0	0	0	0	0	0
0	0	0	0	0	0	0	0	0	0	0	0	0	0	0	0	0	0	0	0	0	0	0	0	0	0	0	0	0	0	0	0	0	0	0	0	0	0	0	0	0	0	0	0	0	0	0	0	0	0	0	0	0	0	0	0	0	0	0	0	0.722939279886411	0	0	0	0	0	0	0	0	0	0	0	0	0	0	0	0	0	0	0.977951120959875	0	0	0.983752915915284	0	0.755367673731022	0	0	0	0	0
0	0	0	0	0.938172002772264	0	0	0	0	0	0	0	0.615454564668363	0	0	0	0	0	0	0.692915642773505	0	0	0	0	0	0	0	0	0	0	0	0	0	0	0	0	0	0	0	0	0	0	0	0	0	0	0	0	0	0	0	0	0	0	0	0	0	0	0	0	0	0	0	0	0	0	0	0	0	0	0	0	0	0	0	0	0	0	0	0.757097837587926	0	0	0	0	0	0	0	0	0	0
0	0	0	0	0	0	0	0	0	0	0	0	0	0	0	0.72530322226327	0	0	0	0	0	0	0	0	0	0	0	0	0	0	0	0	0	0	0	0	0	0	0	0	0	0	0	0	0	0	0	0	0	0	0	0	0	0	0	0.726039015040979	0	0	0	0	0	0	0	0	0	0	0	0	0	0	0	0	0	0	0	0	0	0.977951120959875	0.757097837587926	0	0	0	0	0	0	0	0	0	0	0
0	0	0	0	0	0	0	0	0	0	0	0	0	0	0	0	0	0	0	0	0	0	0	0.952129800872552	0	0	0	0	0	0	0	0	0	0	0	0.764380246308893	0	0	0	0	0	0	0	0	0	0	0	0	0	0	0	0	0	0	0	0	0	0	0	0	0	0	0	0	0	0.82061552679675	0	0	0	0	0	0	0	0	0	0	0	0	0	0	0	0	0.82802835704079	0	0	0	0	0	0	0
0	0	0	0	0	0	0	0	0	0	0	0	0	0	0	0	0	0	0	0	0	0	0	0.873142570118801	0	0	0	0	0	0	0	0	0	0	0	0	0	0	0	0	0	0	0	0	0	0	0	0.641139160743877	0.941874021668592	0	0	0	0	0	0	0	0	0.95687652904891	0	0	0	0	0	0	0	0	0	0	0	0	0	0	0	0	0	0	0	0	0	0	0	0	0	0	0	0	0	0	0	0.812083939455535
0	0	0	0	0	0	0	0	0	0	0	0	0	0	0	0	0	0	0	0	0	0	0	0	0	0	0	0	0	0	0	0	0.866073109408777	0	0	0	0	0	0	0	0	0	0	0	0	0	0	0	0	0	0	0	0	0	0	0	0	0	0	0	0	0	0	0	0	0	0	0	0	0	0	0	0	0	0	0	0	0.983752915915284	0	0	0.82802835704079	0	0	0	0	0	0	0	0	0
0	0	0	0.940299244964349	0	0	0	0	0	0	0	0	0	0	0	0	0.917342544289747	0	0	0	0	0	0	0	0	0	0	0	0	0	0	0	0	0	0	0	0	0	0	0	0	0	0	0	0	0	0	0	0	0	0	0	0	0	0	0	0.678542295434521	0	0	0	0	0	0	0	0	0	0	0	0	0	0	0	0	0	0	0	0	0	0	0	0	0	0	0	0	0	0	0	0	0
0	0	0	0	0	0	0	0	0	0	0	0	0.792462863038044	0	0	0	0	0	0	0	0	0	0	0	0	0	0	0	0	0.991553397734032	0	0	0	0	0	0	0	0	0	0	0	0	0	0	0.740955988145171	0	0	0	0	0	0	0	0	0	0	0	0	0	0	0	0	0	0	0	0	0	0	0	0	0	0	0	0	0	0	0	0	0.755367673731022	0	0	0	0	0	0	0	0	0	0	0	0
0	0	0.713038369798684	0	0	0	0	0	0	0	0	0	0	0	0	0	0	0	0	0	0	0	0	0	0	0	0	0	0	0	0	0	0	0	0	0	0	0	0	0	0	0	0.873660741517035	0	0	0	0	0	0	0	0	0	0	0	0	0	0	0	0	0	0	0	0	0	0	0	0	0	0	0	0	0	0	0	0	0	0	0	0	0	0	0	0	0	0	0	0	0	0	0
0	0	0	0	0	0	0	0	0	0	0	0.756456169874881	0	0	0	0	0	0	0	0	0	0	0	0	0	0	0	0	0	0	0	0	0	0	0	0	0	0	0	0	0	0	0	0.928629782697107	0.861035809210751	0	0	0	0	0	0	0	0	0	0	0	0	0	0	0	0	0	0	0	0.598571599596383	0	0	0	0	0	0	0	0	0	0	0	0	0	0	0	0	0	0	0	0	0	0	0	0	0
0	0	0	0	0	0	0	0	0	0	0	0	0	0	0	0	0	0	0	0	0.791242680798566	0	0	0	0	0	0	0	0	0	0	0	0	0	0	0	0	0	0	0	0	0	0	0	0	0	0	0	0	0	0	0.951284853094577	0	0	0	0	0	0	0	0	0	0	0	0	0	0	0	0	0	0	0	0	0	0	0	0	0	0	0	0	0	0	0	0	0	0	0	0	0	0
0	0	0	0	0	0	0	0	0	0	0	0	0	0	0	0	0	0	0	0	0	0	0.600393519558915	0	0	0	0	0	0	0	0	0	0	0	0	0	0	0	0	0	0	0	0	0	0.877153133876247	0	0	0	0	0	0	0	0	0.817990782218985	0	0	0	0	0	0	0	0	0	0	0	0	0	0	0	0	0	0	0	0	0	0	0	0	0	0	0	0	0	0	0	0	0	0	0	0
0	0	0	0	0	0	0	0	0	0	0.982437002392416	0	0	0	0	0	0	0	0	0	0.821053554932403	0.541955098302595	0	0	0	0	0	0	0	0	0	0	0	0	0	0	0	0	0	0	0	0	0	0	0	0.859141126952186	0	0	0	0	0	0	0	0	0	0	0	0	0	0	0	0	0	0	0	0.729062112885337	0	0.980549426942259	0	0	0	0	0	0	0	0	0	0	0	0	0	0.812083939455535	0	0	0	0	0	0	0	0
