0	0.93186443561751	0	0	0	0	0.813472637987236	0	0	0	0	0	0	0	0	0	0	0	0	0	0	0	0	0	0	0	0	0	0	0	0	0	0	0	0	0	0	0	0.710153728865248	0	0	0	0	0	0	0	0	0	0	0.808009991229706	0	0	0	0	0	0	0	0	0.812871658970106	0	0	0	0	0	0	0	0	0	0	0	0	0	0	0	0	0	0	0	0	0	0	0	0.678384794689546	0	0	0	0	0	0	0
0.93186443561751	0	0.948342463069581	0.940979910846043	0	0	0	0	0	0	0	0	0	0	0	0	0	0	0	0	0	0	0	0	0	0	0	0	0	0	0	0	0	0	0	0	0	0	0	0	0	0	0	0	0	0	0	0	0	0	0	0	0	0	0	0	0	0	0	0	0	0	0	0	0	0	0	0	0	0	0	0	0	0	0	0	0	0	0	0	0	0	0	0	0	0	0	0	0	0
0	0.948342463069581	0	0.987341594821455	0.991252866420282	0	0	0	0	0	0	0	0	0	0	0	0	0	0	0	0	0	0	0	0	0	0	0	0	0	0	0	0	0	0	0	0	0	0	0	0	0	0	0	0	0	0	0	0	0	0	0	0	0	0	0	0	0	0	0	0	0	0	0	0	0	0	0	0	0	0	0	0	0	0	0	0	0	0	0	0	0	0	0	0	0	0	0	0	0
0	0.940979910846043	0.987341594821455	0	0	0	0	0	0	0	0	0	0	0	0	0	0	0	0	0	0.863351617066125	0	0	0	0	0	0	0	0	0	0	0.891294522471052	0	0	0	0.819775460271567	0	0.735369327673659	0	0	0	0	0	0	0	0	0	0	0	0	0	0	0	0	0	0	0	0	0	0	0	0	0	0	0	0	0	0	0	0	0	0	0	0	0	0	0	0	0	0	0	0	0	0	0	0	0	0	0	0
0	0	0.991252866420282	0	0	0	0	0	0	0	0	0	0	0	0	0	0	0	0	0	0	0	0	0	0	0	0	0	0	0	0	0	0	0	0	0	0	0	0	0	0	0	0	0	0	0	0	0	0	0	0	0	0	0	0	0	0	0	0	0	0	0	0	0	0	0	0	0	0.90125946057602	0	0	0	0	0.835880863611191	0	0	0	0	0	0	0	0	0	0	0.865797673872228	0	0	0	0.862290795432596	0
0	0	0	0	0	0	0.880849657100961	0	0	0	0.885881754592903	0	0	0	0	0	0	0	0	0	0	0	0	0	0	0	0	0	0	0	0	0	0	0	0	0	0	0	0	0	0	0	0	0	0	0	0	0	0	0	0	0	0	0	0	0	0	0	0	0	0	0	0	0	0	0	0	0	0	0	0	0	0	0	0	0	0	0.706634555770502	0	0	0	0	0	0	0.868678303384414	0	0	0	0	0
0.813472637987236	0	0	0	0	0.880849657100961	0	0	0	0	0	0	0	0	0	0	0	0	0	0	0	0	0	0	0	0	0	0	0	0	0.925083137559371	0	0	0	0	0	0	0	0	0	0	0	0	0	0	0	0	0	0	0	0	0	0	0	0	0	0	0	0	0	0	0	0	0	0	0	0	0	0	0	0	0	0	0	0	0	0	0	0	0	0	0	0	0	0	0	0	0	0	0
0	0	0	0	0	0	0	0	0	0	0	0	0	0	0.766934513837907	0	0	0	0	0	0	0	0	0.807059689936155	0	0	0	0	0	0	0	0	0	0	0	0	0	0	0	0	0	0	0	0	0	0	0	0	0	0.504239357656549	0	0	0	0	0	0	0	0	0	0	0	0	0	0	0	0	0	0	0	0	0	0	0	0	0	0	0	0	0	0	0	0	0	0	0.735661842438994	0	0	0	0	0
0	0	0	0	0	0	0	0	0	0	0	0	0	0	0	0	0	0	0	0	0	0	0	0	0	0	0	0	0	0	0	0.863824254757337	0.734271289145008	0	0	0	0	0	0	0	0	0	0	0	0	0	0	0	0	0	0	0	0	0	0	0	0	0	0	0	0	0	0	0	0	0	0	0.852226182192521	0	0	0	0	0	0	0	0	0	0	0	0	0	0.732868567263319	0	0	0	0	0	0	0	0
0	0	0	0	0	0	0	0	0	0	0.797325867990562	0	0	0	0	0	0	0	0	0	0	0	0	0	0	0	0	0	0	0	0	0	0	0	0	0	0	0	0	0	0	0	0	0	0	0	0	0	0	0	0	0	0	0	0	0.625888733971804	0	0.677436909360655	0	0	0	0	0	0	0	0	0	0	0	0	0	0	0	0	0	0	0	0	0	0	0	0	0	0	0	0	0	0	0	0
0	0	0	0	0	0.885881754592903	0	0	0	0.797325867990562	0	0.707873145198138	0	0	0	0	0	0	0	0	0	0	0	0	0	0	0	0	0	0	0	0	0	0	0	0	0	0	0	0	0	0	0	0	0	0	0	0	0	0.877600372217603	0	0	0	0	0	0	0	0	0	0	0	0	0	0	0	0	0	0	0	0	0	0	0	0	0	0	0	0	0	0	0	0	0	0	0	0	0	0	0	0
0	0	0	0	0	0	0	0	0	0	0.707873145198138	0	0.735369633084378	0	0	0	0	0	0	0	0	0	0	0	0	0	0	0	0	0	0	0	0	0	0	0	0	0	0	0	0	0	0	0	0	0	0	0	0	0	0	0	0	0	0	0	0	0	0	0	0	0	0	0	0	0	0	0	0	0	0	0	0	0.760541076463958	0	0	0	0	0	0	0	0	0	0	0	0	0	0	0	0
0	0	0	0	0	0	0	0	0	0	0	0.735369633084378	0	0	0	0	0	0	0	0	0	0	0.984453898470452	0	0	0	0	0	0	0	0	0.75079358226633	0	0	0	0	0	0	0	0	0	0	0	0	0	0	0	0	0	0	0	0	0	0	0	0	0	0	0	0	0	0	0	0	0	0	0	0	0	0	0.865116873701832	0	0	0	0	0	0	0	0	0	0	0	0.83681970746553	0	0	0	0	0	0	0
0	0	0	0	0	0	0	0	0	0	0	0	0	0	0	0	0	0	0	0	0	0	0	0	0	0	0	0	0	0	0	0	0	0	0	0	0	0	0	0	0.954521165434727	0	0	0	0	0	0	0	0	0	0	0	0.63075018761603	0	0	0	0	0	0	0	0	0	0	0	0	0	0	0	0	0	0	0	0	0	0	0	0	0	0	0	0	0	0	0	0	0	0	0	0	0.55253384482441
0	0	0	0	0	0	0	0.766934513837907	0	0	0	0	0	0	0	0	0	0	0	0	0	0	0.830399868801332	0	0	0	0	0	0	0	0	0	0	0.881933531515142	0.759418752614459	0	0	0	0	0	0	0	0.694006333872788	0	0	0	0	0	0	0	0	0	0	0	0	0	0	0	0	0	0	0	0	0	0	0.806384399362443	0	0	0	0	0	0	0	0	0	0	0	0	0	0	0	0	0	0	0	0	0	0	0	0
0	0	0	0	0	0	0	0	0	0	0	0	0	0	0	0	0	0.81924341622406	0	0	0	0	0	0	0	0	0	0	0	0	0	0	0	0	0	0	0	0	0	0	0	0	0	0	0	0	0	0	0	0	0	0	0	0	0	0	0	0	0	0	0	0	0	0	0	0	0	0	0	0	0	0	0	0	0	0	0	0	0	0	0	0	0	0	0	0	0	0	0	0.82879655319726
0	0	0	0	0	0	0	0	0	0	0	0	0	0	0	0	0	0	0	0	0	0	0	0	0	0	0	0	0	0	0	0	0	0	0	0	0	0	0	0	0	0	0	0	0	0	0	0	0	0	0	0	0	0	0	0	0	0	0	0	0	0	0	0	0	0	0	0.868672421210166	0	0	0	0	0.878813753143877	0	0	0	0.955727890507285	0	0	0	0	0	0	0	0	0	0	0	0	0
0	0	0	0	0	0	0	0	0	0	0	0	0	0	0	0.81924341622406	0	0	0.974944783201082	0	0	0	0	0	0.894740698145026	0	0	0	0	0	0	0	0	0	0	0	0	0	0	0	0	0	0	0	0	0	0	0	0	0	0	0	0	0	0	0	0	0	0	0	0	0	0	0	0	0	0	0	0	0	0	0	0	0	0	0	0	0	0	0.98469830228783	0	0	0	0	0	0	0	0	0	0
0	0	0	0	0	0	0	0	0	0	0	0	0	0	0	0	0	0.974944783201082	0	0.996747961706681	0	0	0	0	0	0	0.72758445985309	0	0	0	0	0	0	0	0	0	0	0	0	0	0	0.854511947758098	0	0	0	0	0	0	0	0	0	0	0	0	0	0	0	0	0	0	0	0	0	0	0	0	0	0	0	0	0	0	0	0	0	0	0	0	0	0	0	0	0	0	0	0	0	0	0	0
0	0	0	0	0	0	0	0	0	0	0	0	0	0	0	0	0	0	0.996747961706681	0	0.749923774443134	0	0	0	0	0	0	0	0	0	0	0	0	0	0	0	0	0	0	0.937823828556181	0	0	0	0	0	0	0	0	0	0	0	0	0	0	0	0	0	0	0	0	0	0	0.84629176204813	0	0	0	0	0	0	0	0	0	0	0	0	0	0	0	0	0	0	0	0	0	0	0	0	0	0	0
0	0	0	0.863351617066125	0	0	0	0	0	0	0	0	0	0	0	0	0	0	0	0.749923774443134	0	0	0.903114721706381	0	0	0	0	0	0	0	0	0	0.68531588468071	0	0	0	0	0	0	0	0	0	0	0	0	0	0	0	0	0	0	0	0	0	0	0	0	0	0	0	0	0	0	0	0	0	0	0	0	0	0	0	0	0	0	0	0	0	0	0	0	0	0	0	0	0	0	0	0	0
0	0	0	0	0	0	0	0	0	0	0	0	0	0	0	0	0	0	0	0	0	0	0.874269901154508	0.876994161826374	0	0	0	0	0.97160305417008	0	0	0	0	0	0	0	0	0	0	0	0	0	0	0	0	0	0	0	0	0	0	0	0	0	0	0	0	0	0	0	0	0	0	0	0	0	0	0	0	0	0	0	0	0	0	0	0	0	0	0	0	0	0	0	0	0	0	0	0	0
0	0	0	0	0	0	0	0	0	0	0	0	0.984453898470452	0	0.830399868801332	0	0	0	0	0	0.903114721706381	0.874269901154508	0	0	0	0	0	0	0	0.682755023806776	0	0.905650182235074	0	0	0	0	0	0	0	0	0	0	0	0	0	0	0.620494915854092	0	0	0	0	0	0	0	0.798503835295481	0	0	0	0	0	0	0.651515545034042	0	0	0	0	0	0	0	0	0	0	0	0	0	0	0	0	0	0	0	0	0	0	0	0	0	0	0	0
0	0	0	0	0	0	0	0.807059689936155	0	0	0	0	0	0	0	0	0	0	0	0	0	0.876994161826374	0	0	0	0	0	0	0	0	0	0	0	0	0	0	0	0	0.788472243573261	0	0	0	0	0	0	0	0	0	0	0	0	0	0	0	0	0	0.964758995469404	0	0	0	0	0	0	0	0	0	0.965306168807503	0	0	0	0	0	0	0	0	0	0	0	0	0	0	0.851803872815372	0	0	0	0	0	0	0	0
0	0	0	0	0	0	0	0	0	0	0	0	0	0	0	0	0	0.894740698145026	0	0	0	0	0	0	0	0.912319867567085	0	0	0	0	0	0	0	0	0	0	0.988481799798989	0	0	0	0	0	0	0	0	0	0	0	0	0	0	0	0	0	0	0	0	0	0	0	0	0	0	0	0	0	0	0	0	0	0	0	0	0	0	0	0	0	0	0	0	0	0	0	0	0	0.856620368716268	0	0	0
0	0	0	0	0	0	0	0	0	0	0	0	0	0	0	0	0	0	0	0	0	0	0	0	0.912319867567085	0	0	0	0.986000376609254	0	0	0	0	0	0	0.661496994927328	0	0	0	0	0	0	0	0	0	0	0	0	0	0	0.874905975094921	0	0	0	0	0	0	0	0	0	0	0	0	0	0	0	0	0	0	0	0	0	0	0	0	0	0	0	0	0	0	0.824090495466659	0	0	0	0	0	0	0	0
0	0	0	0	0	0	0	0	0	0	0	0	0	0	0	0	0	0	0.72758445985309	0	0	0	0	0	0	0	0	0	0	0	0	0	0	0	0	0	0	0	0	0.743023962967829	0	0	0	0	0	0	0.814129977099347	0	0	0	0	0	0	0	0	0	0	0	0	0.59485075974546	0	0	0	0	0	0	0	0	0	0	0	0	0	0	0	0	0	0	0	0	0	0	0	0	0	0	0	0	0	0
0	0	0	0	0	0	0	0	0	0	0	0	0	0	0	0	0	0	0	0	0	0	0	0	0	0	0	0	0	0	0	0	0	0	0	0	0.9718242052312	0	0	0	0	0	0	0	0	0	0	0	0.905798836311631	0	0	0	0	0	0	0	0	0	0	0	0	0	0	0	0	0	0	0	0	0	0	0	0	0	0.856587822600782	0	0	0	0	0	0	0	0	0	0	0	0	0	0	0
0	0	0	0	0	0	0	0	0	0	0	0	0	0	0	0	0	0	0	0	0	0.97160305417008	0	0	0	0.986000376609254	0	0	0	0	0.842121500211208	0	0	0	0	0	0	0	0	0	0	0	0	0	0	0	0	0	0	0	0	0	0	0	0	0	0	0	0	0	0	0	0	0	0	0	0	0	0	0	0	0	0	0	0	0	0	0	0	0	0	0	0	0	0	0	0	0	0	0
0	0	0	0	0	0	0	0	0	0	0	0	0	0	0	0	0	0	0	0	0	0	0.682755023806776	0	0	0	0	0	0	0	0	0	0	0	0	0	0	0	0	0.91409401136109	0	0	0	0	0	0	0.985928733506496	0	0	0	0	0	0	0	0	0	0	0	0	0	0	0	0	0	0	0	0	0	0	0	0	0	0	0	0	0	0	0	0	0	0	0	0	0	0	0	0	0	0	0
0	0	0	0	0	0	0.925083137559371	0	0	0	0	0	0	0	0	0	0	0	0	0	0	0	0	0	0	0	0	0	0.842121500211208	0	0	0.900710834470302	0	0	0	0	0	0	0	0	0	0	0	0	0	0	0	0	0	0	0.838780346323041	0	0	0	0	0	0	0	0	0	0	0	0	0	0	0	0	0	0	0.912497752518966	0	0	0	0.910576065448153	0	0	0	0	0	0	0	0	0	0	0	0	0	0	0.90162489645506	0
0	0	0	0.891294522471052	0	0	0	0	0.863824254757337	0	0	0	0.75079358226633	0	0	0	0	0	0	0	0	0	0.905650182235074	0	0	0	0	0	0	0	0.900710834470302	0	0	0	0	0	0	0	0	0	0	0	0	0	0	0	0	0	0	0	0	0	0	0	0	0	0	0	0	0	0	0	0	0	0	0	0	0	0.940227662802167	0	0	0	0	0	0	0	0	0	0	0	0	0	0	0	0	0	0	0	0	0
0	0	0	0	0	0	0	0	0.734271289145008	0	0	0	0	0	0	0	0	0	0	0	0.68531588468071	0	0	0	0	0	0	0	0	0	0	0	0	0	0	0	0	0	0	0	0	0	0	0	0	0	0	0	0	0	0	0	0	0	0	0	0	0	0	0	0	0	0	0	0	0	0	0	0	0	0	0	0	0	0.925058988592108	0	0	0	0	0	0	0	0	0	0	0	0	0	0	0
0	0	0	0	0	0	0	0	0	0	0	0	0	0	0.881933531515142	0	0	0	0	0	0	0	0	0	0	0	0	0	0	0	0	0	0	0	0	0	0	0	0	0.908141312658761	0	0	0	0	0	0	0	0	0	0	0	0	0.81309301209982	0	0	0	0	0	0	0	0	0	0	0	0	0	0	0	0	0	0	0	0	0	0	0	0	0	0	0	0	0	0	0	0	0	0	0	0	0
0	0	0	0	0	0	0	0	0	0	0	0	0	0	0.759418752614459	0	0	0	0	0	0	0	0	0	0	0	0	0	0	0	0	0	0	0	0	0	0	0	0	0	0	0	0	0	0	0	0	0	0	0	0	0	0	0	0	0	0	0	0	0.74114844282118	0	0	0	0	0	0	0	0	0	0	0	0	0	0	0	0	0	0	0	0.757155530345634	0	0	0	0	0	0	0	0	0	0
0	0	0	0.819775460271567	0	0	0	0	0	0	0	0	0	0	0	0	0	0	0	0	0	0	0	0	0	0.661496994927328	0	0	0	0	0	0	0	0	0	0	0	0.914179831157055	0	0	0	0	0	0	0	0	0	0	0	0	0	0	0.877761128610571	0	0	0	0	0	0	0	0	0	0	0	0	0	0	0	0	0	0	0	0	0	0	0	0	0	0	0	0	0	0	0	0	0	0	0	0	0
0	0	0	0	0	0	0	0	0	0	0	0	0	0	0	0	0	0	0	0	0	0	0	0	0.988481799798989	0	0	0.9718242052312	0	0	0	0	0	0	0	0	0	0	0	0	0	0	0	0	0	0	0	0	0	0	0	0	0	0.874305338704481	0	0	0	0	0	0	0	0	0	0	0	0	0	0	0	0	0	0	0	0	0	0	0	0	0	0	0	0	0	0	0	0	0	0	0	0
0	0	0	0.735369327673659	0	0	0	0	0	0	0	0	0	0	0	0	0	0	0	0	0	0	0	0	0	0	0	0	0	0	0	0	0	0	0	0.914179831157055	0	0	0	0	0	0.724268627370361	0	0	0	0	0	0	0	0	0	0	0	0	0	0	0	0	0	0	0	0	0	0	0	0	0	0	0	0	0	0	0	0	0	0	0	0	0	0.712288251992223	0	0	0	0	0	0	0	0	0	0
0.710153728865248	0	0	0	0	0	0	0	0	0	0	0	0	0	0	0	0	0	0	0	0	0	0	0.788472243573261	0	0	0	0	0	0	0	0	0	0	0	0	0	0	0	0	0	0	0	0	0.600711390115475	0	0	0	0	0	0	0	0	0	0	0	0	0	0	0	0	0	0.701831136194112	0	0	0	0	0	0	0	0	0	0	0	0	0	0	0	0.646094200823281	0	0	0	0	0	0	0	0	0	0	0
0	0	0	0	0	0	0	0	0	0	0	0	0	0	0	0	0	0	0	0.937823828556181	0	0	0	0	0	0	0.743023962967829	0	0	0.91409401136109	0	0	0	0.908141312658761	0	0	0	0	0	0	0	0	0	0	0	0	0	0	0	0	0	0	0	0	0	0	0	0	0	0	0	0	0	0	0	0	0	0	0	0	0	0	0	0	0	0	0	0	0	0	0	0	0	0	0	0	0	0	0	0
0	0	0	0	0	0	0	0	0	0	0	0	0	0.954521165434727	0	0	0	0	0	0	0	0	0	0	0	0	0	0	0	0	0	0	0	0	0	0	0	0	0	0	0	0	0	0	0.717175268054753	0	0	0	0	0	0	0	0	0	0	0	0	0	0	0	0	0	0	0	0	0	0	0	0	0	0	0	0	0	0	0	0	0	0	0	0	0	0	0	0	0	0	0	0	0
0	0	0	0	0	0	0	0	0	0	0	0	0	0	0	0	0	0	0.854511947758098	0	0	0	0	0	0	0	0	0	0	0	0	0	0	0	0	0	0	0.724268627370361	0	0	0	0	0	0	0	0	0	0	0	0	0	0	0	0	0	0	0	0	0	0.869957374108535	0	0	0	0	0	0	0	0	0	0	0	0	0	0	0	0	0	0	0	0	0	0	0	0	0	0	0	0	0	0
0	0	0	0	0	0	0	0	0	0	0	0	0	0	0.694006333872788	0	0	0	0	0	0	0	0	0	0	0	0	0	0	0	0	0	0	0	0	0	0	0	0	0	0	0	0	0.885837712256546	0	0.685531944841137	0	0	0	0	0	0	0	0	0	0	0	0	0	0	0.941732457075899	0	0	0	0	0	0	0	0	0	0	0	0	0	0	0	0	0	0	0	0	0	0	0	0	0	0	0	0	0
0	0	0	0	0	0	0	0	0	0	0	0	0	0	0	0	0	0	0	0	0	0	0	0	0	0	0	0	0	0	0	0	0	0	0	0	0	0	0	0	0	0	0.885837712256546	0	0	0	0	0	0	0.744434279995988	0	0	0	0	0	0.690868779586318	0	0	0	0	0	0.935876427463974	0	0	0	0	0	0	0	0	0	0	0	0	0	0	0	0	0	0	0	0	0	0	0	0	0	0	0	0
0	0	0	0	0	0	0	0	0	0	0	0	0	0	0	0	0	0	0	0	0	0	0	0	0	0	0	0	0	0	0	0	0	0	0	0	0	0	0.600711390115475	0	0.717175268054753	0	0	0	0	0	0	0	0	0	0	0	0	0.822229582789431	0	0	0	0	0	0	0	0	0	0	0	0	0	0	0	0	0	0	0.809738874485578	0	0	0	0	0	0	0	0	0	0	0	0	0	0	0	0.88839025976306	0
0	0	0	0	0	0	0	0	0	0	0	0	0	0	0	0	0	0	0	0	0	0	0	0	0	0	0	0	0	0	0	0	0	0	0	0	0	0	0	0	0	0	0.685531944841137	0	0	0	0	0	0	0	0	0.97705657330281	0	0	0	0	0	0	0	0	0	0	0	0	0	0	0	0	0	0	0.933597979590011	0	0	0	0	0	0	0	0	0	0	0	0	0.804592473620501	0	0	0	0.677411659310341	0	0.856625733491233
0	0	0	0	0	0	0	0	0	0	0	0	0	0	0	0	0	0	0	0	0	0	0.620494915854092	0	0	0	0.814129977099347	0	0	0.985928733506496	0	0	0	0	0	0	0	0	0	0	0	0	0	0	0	0	0	0	0.983403693825878	0	0	0	0	0	0	0	0	0	0.911797674410616	0	0	0	0	0	0	0	0	0	0	0	0	0	0	0	0	0	0	0.747997193597866	0	0	0	0	0	0	0	0	0	0	0	0.950405655941129
0	0	0	0	0	0	0	0	0	0	0	0	0	0	0	0	0	0	0	0	0	0	0	0	0	0	0	0	0	0	0	0	0	0	0	0	0	0	0	0	0	0	0	0	0	0	0	0	0	0.659557577978885	0	0	0	0	0	0	0	0	0	0	0	0	0	0	0	0	0	0	0	0	0	0	0	0	0	0	0	0	0.997444412182939	0	0.959822696323974	0	0	0	0	0	0	0	0	0
0	0	0	0	0	0	0	0	0	0	0	0	0	0	0	0	0	0	0	0	0	0	0	0	0	0	0	0.905798836311631	0	0	0	0	0	0	0	0	0	0	0	0	0	0	0	0	0	0	0.983403693825878	0	0	0	0.845278729963631	0	0	0	0	0	0	0	0	0	0	0	0	0	0	0	0.577406244268834	0	0	0	0	0	0	0	0	0.917069303963617	0	0	0	0	0	0	0	0	0	0	0	0	0	0
0.808009991229706	0	0	0	0	0	0	0.504239357656549	0	0	0.877600372217603	0	0	0	0	0	0	0	0	0	0	0	0	0	0	0	0	0	0	0	0	0	0	0	0	0	0	0	0	0	0	0	0	0.744434279995988	0	0	0	0.659557577978885	0	0	0	0	0	0	0	0	0	0	0	0	0	0	0	0	0	0	0	0	0	0	0	0	0.815047278402207	0	0	0	0	0	0	0	0	0	0	0	0	0	0	0	0	0
0	0	0	0	0	0	0	0	0	0	0	0	0	0	0	0	0	0	0	0	0	0	0	0	0	0.874905975094921	0	0	0	0	0.838780346323041	0	0	0	0	0	0	0	0	0	0	0	0	0	0	0	0	0	0.845278729963631	0	0	0	0	0	0	0	0	0	0	0	0	0	0	0	0	0	0	0	0	0	0	0	0	0	0	0	0	0	0	0	0	0	0	0	0	0	0	0	0	0
0	0	0	0	0	0	0	0	0	0	0	0	0	0	0	0	0	0	0	0	0	0	0	0	0	0	0	0	0	0	0	0	0	0	0	0	0	0	0	0	0	0	0	0	0	0.97705657330281	0	0	0	0	0	0	0	0.774540917087706	0	0	0	0	0	0	0	0	0	0	0	0	0	0	0	0	0	0	0	0	0	0	0	0	0	0	0	0	0	0	0	0	0	0	0	0
0	0	0	0	0	0	0	0	0	0	0	0	0	0.63075018761603	0	0	0	0	0	0	0	0	0	0	0	0	0	0	0	0	0	0	0	0.81309301209982	0	0.877761128610571	0	0	0	0	0	0	0	0	0	0	0	0	0	0	0	0	0	0	0	0	0	0	0	0	0	0	0	0	0	0	0	0	0	0	0	0	0	0	0	0	0	0	0	0	0	0	0	0	0	0	0	0	0	0.70313896082435
0	0	0	0	0	0	0	0	0	0	0	0	0	0	0	0	0	0	0	0	0	0	0	0	0	0	0	0	0	0	0	0	0	0	0	0	0.874305338704481	0	0	0	0	0	0	0	0.822229582789431	0	0	0	0	0	0	0.774540917087706	0	0	0	0	0	0	0	0	0	0	0	0.902869704230166	0	0	0	0	0	0	0	0	0	0	0	0	0	0	0	0	0	0	0	0	0	0	0	0	0	0
0	0	0	0	0	0	0	0	0	0	0	0	0	0	0	0	0	0	0	0	0	0	0.798503835295481	0	0	0	0	0	0	0	0	0	0	0	0	0	0	0	0	0	0	0	0	0	0	0	0	0	0	0	0	0	0	0	0	0	0	0	0	0	0	0	0	0	0	0	0	0	0	0	0	0.809037384681081	0	0	0	0	0	0	0	0	0	0	0	0	0	0	0	0	0	0
0	0	0	0	0	0	0	0	0	0.625888733971804	0	0	0	0	0	0	0	0	0	0	0	0	0	0	0	0	0	0	0	0	0	0	0	0	0	0	0	0	0	0	0	0	0	0.690868779586318	0	0	0	0	0	0	0	0	0	0	0	0	0	0.870799092963082	0	0	0	0	0	0	0	0	0	0	0	0	0	0	0	0	0	0	0	0.685559214569521	0	0	0	0	0	0	0	0	0.749678121619877	0	0	0
0	0	0	0	0	0	0	0	0	0	0	0	0	0	0	0	0	0	0	0	0	0	0	0.964758995469404	0	0	0	0	0	0	0	0	0	0	0	0	0	0	0	0	0	0	0	0	0	0	0	0	0	0	0	0	0	0	0	0	0	0	0	0.958222278747749	0	0	0	0	0	0	0	0	0	0	0	0	0	0	0	0	0	0	0	0	0	0	0	0	0	0	0	0	0	0
0	0	0	0	0	0	0	0	0	0.677436909360655	0	0	0	0	0	0	0	0	0	0	0	0	0	0	0	0	0	0	0	0	0	0	0	0	0	0	0	0	0	0	0	0	0	0	0	0	0	0	0	0	0	0	0	0	0	0.870799092963082	0	0	0.765307027086258	0	0	0	0	0	0	0	0	0	0	0	0	0	0.843924096729615	0	0	0	0	0	0	0	0	0	0	0	0	0	0	0	0	0
0.812871658970106	0	0	0	0	0	0	0	0	0	0	0	0	0	0	0	0	0	0	0	0	0	0	0	0	0	0	0	0	0	0	0	0	0	0	0	0	0	0	0	0	0	0	0	0	0	0.911797674410616	0	0	0	0	0	0	0	0	0	0	0.765307027086258	0	0	0	0	0	0	0.96640430826926	0	0	0	0	0	0	0.815966721392331	0	0	0	0	0	0	0	0	0	0	0	0	0	0	0	0	0	0
0	0	0	0	0	0	0	0	0	0	0	0	0	0	0	0	0	0	0	0	0	0	0	0	0	0	0.59485075974546	0	0	0	0	0	0	0	0.74114844282118	0	0	0	0	0	0	0.869957374108535	0	0	0	0	0	0	0	0	0	0	0	0	0	0	0.958222278747749	0	0	0	0	0	0	0	0	0	0	0	0	0	0	0	0	0	0	0	0.636513139079487	0	0	0	0	0	0	0	0	0	0	0	0	0
0	0	0	0	0	0	0	0	0	0	0	0	0	0	0	0	0	0	0	0	0	0	0	0	0	0	0	0	0	0	0	0	0	0	0	0	0	0	0	0	0	0	0.941732457075899	0	0	0	0	0	0	0	0	0	0	0	0	0	0	0	0	0	0	0	0	0	0	0	0	0	0	0	0	0	0	0	0	0	0	0.694898978455828	0	0	0	0	0	0	0	0	0	0	0	0
0	0	0	0	0	0	0	0	0	0	0	0	0	0	0	0	0	0	0	0	0	0	0.651515545034042	0	0	0	0	0	0	0	0	0	0	0	0	0	0	0	0	0	0	0	0	0.935876427463974	0	0	0	0	0	0	0	0	0	0	0	0	0	0	0	0	0	0	0	0	0	0	0	0	0	0	0	0	0	0	0	0	0	0	0	0	0	0	0	0	0	0	0	0	0	0.746069957869991
0	0	0	0	0	0	0	0	0	0	0	0	0	0	0	0	0	0	0	0.84629176204813	0	0	0	0	0	0	0	0	0	0	0	0	0	0	0	0	0	0	0.701831136194112	0	0	0	0	0	0	0	0	0	0	0	0	0	0	0	0	0	0	0	0	0	0	0	0	0	0	0	0	0	0	0	0	0	0	0	0	0	0	0	0	0	0	0	0	0	0	0	0	0	0	0
0	0	0	0	0	0	0	0	0	0	0	0	0	0	0	0	0	0	0	0	0	0	0	0	0	0	0	0	0	0	0	0	0	0	0	0	0	0	0	0	0	0	0	0	0	0	0	0	0	0	0	0	0	0.902869704230166	0	0	0	0	0	0	0	0	0	0	0	0	0	0	0	0	0	0	0	0.869394971214468	0	0	0	0	0	0	0	0	0	0	0	0	0	0	0	0
0	0	0	0	0	0	0	0	0	0	0	0	0	0	0	0	0	0	0	0	0	0	0	0	0	0	0	0	0	0	0	0	0	0	0	0	0	0	0	0	0	0	0	0	0	0	0	0	0	0	0	0	0	0	0	0	0	0	0.96640430826926	0	0	0	0	0	0	0.781056087968276	0	0	0	0	0	0	0	0	0	0	0	0	0.971801269061582	0	0	0	0	0	0	0	0	0	0	0
0	0	0	0	0	0	0	0	0	0	0	0	0	0	0.806384399362443	0	0	0	0	0	0	0	0	0	0	0	0	0	0	0	0	0	0	0	0	0	0	0	0	0	0	0	0	0	0	0	0	0	0	0	0	0	0	0	0	0	0	0	0	0	0	0	0	0	0.781056087968276	0	0.979961561927301	0	0.836642170980021	0	0	0	0	0	0	0	0	0	0	0	0	0	0	0	0	0	0	0	0	0
0	0	0	0	0	0	0	0	0	0	0	0	0	0	0	0	0	0	0	0	0	0	0	0.965306168807503	0	0	0	0	0	0	0	0	0	0	0	0	0	0	0	0	0	0	0	0	0	0	0	0	0.577406244268834	0	0	0	0	0	0	0	0	0	0	0	0	0	0	0	0	0.979961561927301	0	0	0	0	0	0	0	0	0	0	0	0	0	0	0	0	0	0	0	0	0	0	0	0
0	0	0	0	0	0	0	0	0.852226182192521	0	0	0	0	0	0	0	0.868672421210166	0	0	0	0	0	0	0	0	0	0	0	0	0	0	0	0	0	0	0	0	0	0	0	0	0	0	0	0	0	0	0	0	0	0	0	0	0	0	0	0	0	0	0	0	0	0	0	0	0	0	0	0	0.897450531023013	0	0	0	0	0	0	0	0.834575318989158	0	0.813107765044909	0	0	0	0	0	0	0	0	0	0
0	0	0	0	0.90125946057602	0	0	0	0	0	0	0	0	0	0	0	0	0	0	0	0	0	0	0	0	0	0	0	0	0	0	0.940227662802167	0	0	0	0	0	0	0	0	0	0	0	0	0	0	0	0	0	0	0	0	0	0	0	0	0	0	0	0	0	0	0	0	0	0.836642170980021	0	0	0	0	0	0	0	0	0	0	0	0	0	0	0	0	0	0	0	0	0	0	0	0
0	0	0	0	0	0	0	0	0	0	0	0	0	0	0	0	0	0	0	0	0	0	0	0	0	0	0	0	0	0	0.912497752518966	0	0	0	0	0	0	0	0	0	0	0	0	0	0	0	0	0	0	0	0	0	0	0	0	0	0	0	0	0	0	0	0	0	0	0	0	0.897450531023013	0	0	0	0	0	0	0	0.878012382199898	0	0	0	0	0	0	0	0	0	0	0	0	0	0
0	0	0	0	0	0	0	0	0	0	0	0	0.865116873701832	0	0	0	0	0	0	0	0	0	0	0	0	0	0	0	0	0	0	0	0	0	0	0	0	0	0	0	0	0	0	0	0	0.933597979590011	0	0	0	0	0	0	0	0	0	0	0	0	0	0	0	0	0	0	0	0	0	0	0	0	0	0	0	0	0	0	0	0	0	0	0	0	0	0	0	0	0	0	0	0
0	0	0	0	0	0	0	0	0	0	0	0	0	0	0	0	0	0	0	0	0	0	0	0	0	0	0	0	0	0	0	0	0	0	0	0	0	0	0	0	0	0	0	0	0	0	0	0	0	0	0	0	0	0	0.809037384681081	0	0	0	0.815966721392331	0	0	0	0	0	0	0	0	0	0	0	0	0	0	0.726501164406272	0	0	0	0	0	0	0	0	0	0	0	0	0	0	0	0
0	0	0	0	0	0	0	0	0	0	0	0	0	0	0	0	0.878813753143877	0	0	0	0	0	0	0	0	0	0	0	0	0	0	0	0	0	0	0	0	0	0	0	0	0	0	0	0.809738874485578	0	0	0	0	0.815047278402207	0	0	0	0	0	0	0	0.843924096729615	0	0	0	0	0	0	0	0	0	0	0	0	0	0	0	0	0	0	0	0	0	0	0	0	0	0	0	0	0	0	0	0
0	0	0	0	0.835880863611191	0	0	0	0	0	0	0.760541076463958	0	0	0	0	0	0	0	0	0	0	0	0	0	0	0	0	0	0	0.910576065448153	0	0	0	0	0	0	0	0	0	0	0	0	0	0	0	0	0	0	0	0	0	0	0	0	0	0	0	0	0	0	0	0	0.869394971214468	0	0	0	0	0	0	0	0.726501164406272	0	0	0	0	0	0	0	0	0	0	0	0	0	0	0	0	0	0
0	0	0	0	0	0	0	0	0	0	0	0	0	0	0	0	0	0	0	0	0	0	0	0	0	0	0	0.856587822600782	0	0	0	0	0.925058988592108	0	0	0	0	0	0	0	0	0	0	0	0	0	0	0	0	0	0	0	0	0	0	0	0	0	0	0	0	0	0	0	0	0	0	0	0	0	0	0	0	0	0	0	0.867709587403814	0	0.633329923541612	0	0	0.693890273529075	0	0	0.883427314150732	0	0	0	0	0
0	0	0	0	0	0	0	0	0	0	0	0	0	0	0	0	0	0	0	0	0	0	0	0	0	0	0	0	0	0	0	0	0	0	0	0	0	0	0	0	0	0	0	0	0	0	0	0	0.917069303963617	0	0	0	0	0	0	0	0	0	0	0	0	0	0	0	0	0	0	0	0	0.878012382199898	0	0	0	0	0	0	0.882065711903937	0	0	0	0	0	0	0	0	0	0	0.755589977946124	0	0
0	0	0	0	0	0	0	0	0	0	0	0	0	0	0	0	0.955727890507285	0	0	0	0	0	0	0	0	0	0	0	0	0	0	0	0	0	0	0	0	0	0	0	0	0	0	0	0	0	0	0	0	0	0	0	0	0	0	0	0	0	0	0.636513139079487	0	0	0	0	0	0	0	0	0	0	0	0	0	0	0.867709587403814	0.882065711903937	0	0	0	0	0	0	0	0.870497511750976	0	0	0	0	0	0
0	0	0	0	0	0.706634555770502	0	0	0	0	0	0	0	0	0	0	0	0	0	0	0	0	0	0	0	0	0	0	0	0	0	0	0	0	0	0	0	0	0	0	0	0	0	0	0	0	0.747997193597866	0	0	0	0	0	0	0	0	0.685559214569521	0	0	0	0	0.694898978455828	0	0	0	0	0	0	0.834575318989158	0	0	0	0	0	0	0	0	0	0	0	0	0	0	0	0	0	0	0	0	0	0
0	0	0	0	0	0	0	0	0	0	0	0	0	0	0	0	0	0	0	0	0	0	0	0	0	0	0	0	0	0	0	0	0	0	0	0	0	0	0.646094200823281	0	0	0	0	0	0	0	0	0.997444412182939	0	0	0	0	0	0	0	0	0	0	0	0	0	0	0	0	0.971801269061582	0	0	0	0	0	0	0	0	0	0.633329923541612	0	0	0	0	0	0	0.897624069382381	0	0	0	0	0	0	0	0
0	0	0	0	0	0	0	0	0	0	0	0	0	0	0	0	0	0.98469830228783	0	0	0	0	0	0	0	0	0	0	0	0	0	0	0	0	0.757155530345634	0	0	0.712288251992223	0	0	0	0	0	0	0	0	0	0	0	0	0	0	0	0	0	0	0	0	0	0	0	0	0	0	0	0	0	0.813107765044909	0	0	0	0	0	0	0	0	0	0	0	0	0	0	0	0	0	0	0	0	0	0
0	0	0	0	0	0	0	0	0	0	0	0	0	0	0	0	0	0	0	0	0	0	0	0	0	0	0	0	0	0	0	0	0	0	0	0	0	0	0	0	0	0	0	0	0	0	0	0.959822696323974	0	0	0	0	0	0	0	0	0	0	0	0	0	0	0	0	0	0	0	0	0	0	0	0	0	0	0	0	0	0	0	0	0	0.848614739000513	0	0	0	0.948452506766393	0	0	0	0
0	0	0	0	0	0	0	0	0.732868567263319	0	0	0	0	0	0	0	0	0	0	0	0	0	0	0.851803872815372	0	0.824090495466659	0	0	0	0	0	0	0	0	0	0	0	0	0	0	0	0	0	0	0	0	0	0	0	0	0	0	0	0	0	0	0	0	0	0	0	0	0	0	0	0	0	0	0	0	0	0	0	0	0.693890273529075	0	0	0	0.897624069382381	0	0.848614739000513	0	0	0	0	0	0	0	0	0
0.678384794689546	0	0	0	0	0	0	0	0	0	0	0	0.83681970746553	0	0	0	0	0	0	0	0	0	0	0	0	0	0	0	0	0	0	0	0	0	0	0	0	0	0	0	0	0	0	0	0	0	0	0	0	0	0	0	0	0	0	0	0	0	0	0	0	0	0	0	0	0	0	0	0	0	0	0	0	0	0	0	0	0	0	0	0	0	0	0	0	0.615199301466091	0	0.964052909586795	0	0
0	0	0	0	0	0	0	0	0	0	0	0	0	0	0	0	0	0	0	0	0	0	0	0	0	0	0	0	0	0	0	0	0	0	0	0	0	0	0	0	0	0	0	0	0	0.804592473620501	0	0	0	0	0	0	0	0	0	0	0	0	0	0	0	0	0	0	0	0	0	0	0	0	0	0	0	0	0	0	0.870497511750976	0	0	0	0	0	0	0	0	0.989824895306221	0	0	0	0
0	0	0	0	0.865797673872228	0.868678303384414	0	0.735661842438994	0	0	0	0	0	0	0	0	0	0	0	0	0	0	0	0	0	0	0	0	0	0	0	0	0	0	0	0	0	0	0	0	0	0	0	0	0	0	0	0	0	0	0	0	0	0	0	0	0	0	0	0	0	0	0	0	0	0	0	0	0	0	0	0	0	0	0.883427314150732	0	0	0	0	0	0	0	0	0	0	0	0	0	0	0
0	0	0	0	0	0	0	0	0	0	0	0	0	0	0	0	0	0	0	0	0	0	0	0	0	0	0	0	0	0	0	0	0	0	0	0	0	0	0	0	0	0	0	0	0	0	0	0	0	0	0	0	0	0	0	0	0	0	0	0	0	0	0	0	0	0	0	0	0	0	0	0	0	0	0	0	0	0	0	0	0.948452506766393	0	0.615199301466091	0.989824895306221	0	0	0	0	0	0
0	0	0	0	0	0	0	0	0	0	0	0	0	0	0	0	0	0	0	0	0	0	0	0	0.856620368716268	0	0	0	0	0	0	0	0	0	0	0	0	0	0	0	0	0	0	0	0	0	0	0	0	0	0	0	0	0	0	0.749678121619877	0	0	0	0	0	0	0	0	0	0	0	0	0	0	0	0	0	0	0	0	0	0	0	0	0	0	0	0	0	0	0	0	0	0
0	0	0	0	0	0	0	0	0	0	0	0	0	0	0	0	0	0	0	0	0	0	0	0	0	0	0	0	0	0	0	0	0	0	0	0	0	0	0	0	0	0	0	0	0	0.677411659310341	0	0	0	0	0	0	0	0	0	0	0	0	0	0	0	0	0	0	0	0	0	0	0	0	0	0	0	0	0	0.755589977946124	0	0	0	0	0	0	0.964052909586795	0	0	0	0	0	0	0.832077687349535
0	0	0	0	0.862290795432596	0	0	0	0	0	0	0	0	0	0	0	0	0	0	0	0	0	0	0	0	0	0	0	0	0	0.90162489645506	0	0	0	0	0	0	0	0	0	0	0	0	0	0.88839025976306	0	0	0	0	0	0	0	0	0	0	0	0	0	0	0	0	0	0	0	0	0	0	0	0	0	0	0	0	0	0	0	0	0	0	0	0	0	0	0	0	0	0	0	0	0.889925805807495
0	0	0	0	0	0	0	0	0	0	0	0	0	0.55253384482441	0	0.82879655319726	0	0	0	0	0	0	0	0	0	0	0	0	0	0	0	0	0	0	0	0	0	0	0	0	0	0	0	0	0	0.856625733491233	0.950405655941129	0	0	0	0	0	0.70313896082435	0	0	0	0	0	0	0	0	0.746069957869991	0	0	0	0	0	0	0	0	0	0	0	0	0	0	0	0	0	0	0	0	0	0	0	0	0	0.832077687349535	0.889925805807495	0
