0	0	0	0	0	0	0	0	0	0	0	0	0	0	0	0	0	0	0	0	0.939181118102277	0	0	0	0	0	0	0	0	0	0.758723858053606	0	0	0	0	0	0	0	0	0	0	0	0	0	0	0	0	0	0	0	0	0	0	0	0	0	0.626483890560549	0	0	0	0	0	0	0	0	0	0	0	0	0	0	0	0	0	0	0	0	0	0	0	0	0	0	0	0	0	0	0	0	0
0	0	0	0	0	0	0	0	0	0	0	0	0	0	0	0	0	0	0	0	0	0	0	0	0	0.751439421048068	0	0	0	0	0.582980647333154	0	0	0	0	0	0	0	0	0	0	0	0	0	0	0.644654971608391	0	0	0	0	0	0.697593831991206	0	0	0	0	0	0	0	0	0	0	0	0	0	0	0	0	0	0	0	0	0	0.782609205513087	0	0	0	0	0	0	0	0	0	0	0	0	0	0	0	0
0	0	0	0.766311638293298	0.959302011659358	0	0	0	0	0	0	0	0	0	0	0	0	0	0	0	0	0	0	0	0	0	0	0	0	0	0	0	0	0	0	0	0	0	0	0	0	0	0	0	0	0	0	0	0	0	0	0	0	0	0	0	0	0	0	0	0	0	0	0	0	0	0	0	0	0	0	0	0	0	0	0	0	0	0	0	0	0	0.652557603529056	0	0	0	0	0	0	0
0	0	0.766311638293298	0	0	0	0	0	0	0	0	0	0	0	0	0.940001632510541	0	0	0	0	0	0.662472800714964	0	0	0	0	0	0	0	0	0	0	0	0	0	0	0	0	0	0	0	0	0	0	0	0.584790189142115	0	0	0	0	0	0	0	0	0	0	0	0	0	0	0.92760741845401	0	0	0	0	0	0.751864947416408	0	0	0	0	0	0	0	0	0	0	0	0	0	0	0	0	0	0	0	0	0	0	0
0	0	0.959302011659358	0	0	0	0	0	0	0	0	0	0	0	0	0	0	0	0	0	0	0	0	0	0	0	0	0	0	0	0	0	0	0	0	0	0	0	0	0	0	0	0	0	0	0	0	0	0	0	0	0	0	0	0.785500609246181	0.922769605029932	0	0	0	0	0	0	0.648063183722133	0	0	0	0	0	0	0	0	0	0	0	0	0	0	0	0	0	0	0	0	0	0	0	0	0	0	0
0	0	0	0	0	0	0.873143935730992	0	0	0	0	0	0.934388397188164	0	0	0	0	0	0	0	0	0	0	0	0	0	0	0	0	0	0.921213579408654	0	0	0	0	0	0	0	0	0	0	0	0	0	0.940598839479154	0	0	0	0	0	0	0	0	0	0	0	0	0	0	0	0	0	0	0	0	0	0	0	0	0	0	0	0	0	0	0	0	0	0	0	0	0	0	0	0	0	0	0	0	0
0	0	0	0	0	0.873143935730992	0	0	0	0	0	0.856375330791451	0	0	0	0	0	0	0	0	0	0	0	0	0	0	0	0	0	0	0	0	0	0	0	0	0	0	0	0	0	0	0	0	0	0	0	0	0	0	0	0	0	0	0	0	0	0	0	0	0	0	0	0	0	0	0	0	0	0	0	0	0	0	0	0	0	0	0	0	0	0	0	0	0	0	0	0	0.64028511199424	0
0	0	0	0	0	0	0	0	0.960985990901647	0	0	0	0	0	0	0.742949339266031	0.969735992084461	0	0	0	0	0	0	0	0	0	0	0	0	0	0	0	0	0	0	0	0	0	0	0.926050262149649	0	0	0	0	0	0	0	0	0	0	0	0	0	0	0	0	0	0	0	0	0	0	0	0	0.772060165702535	0	0	0	0	0	0	0	0	0	0	0	0	0	0	0	0	0	0	0	0	0	0	0	0	0
0	0	0	0	0	0	0	0.960985990901647	0	0	0	0	0	0	0.790336628081013	0	0	0	0	0	0	0	0	0	0	0.919518720578515	0	0	0	0	0	0	0	0	0	0	0	0	0	0	0	0	0	0	0	0	0	0.965814838740738	0	0	0.88102074207113	0	0	0	0	0	0	0.69507421720996	0	0	0	0	0.69694737400164	0	0	0	0	0	0	0	0	0	0	0	0	0	0	0	0	0	0	0	0	0	0	0	0	0	0	0
0	0	0	0	0	0	0	0	0	0	0	0.818028045341255	0	0	0	0	0	0	0	0	0	0	0	0.636894756375974	0	0	0	0	0	0	0	0	0	0	0	0	0	0	0.75611495343876	0	0	0	0	0	0	0	0	0	0	0	0	0	0	0	0	0	0	0	0	0	0	0	0	0	0	0	0	0	0	0	0	0	0	0	0	0	0	0	0	0.928734036911069	0	0	0	0	0.885010217906322	0	0	0	0	0
0	0	0	0	0	0	0	0	0	0	0	0	0.893485310386031	0	0	0	0	0	0	0	0	0	0	0	0	0	0	0	0	0	0	0	0	0	0	0	0.762368032946886	0	0	0	0	0	0	0	0	0	0	0	0	0	0	0	0	0	0	0	0	0	0	0	0	0	0	0	0	0	0	0	0	0	0	0	0	0	0	0	0	0	0	0	0	0	0	0	0	0	0	0	0	0.86928609140578
0	0	0	0	0	0	0.856375330791451	0	0	0.818028045341255	0	0	0	0	0	0	0	0	0	0	0	0	0	0	0	0	0	0	0	0	0	0	0	0	0	0	0	0	0	0.986689456476331	0	0	0	0	0	0	0	0	0	0	0	0	0	0	0	0	0	0	0	0	0	0	0	0	0	0	0.758413403450387	0	0	0.966688012493562	0	0	0	0	0	0	0	0	0	0	0	0	0	0	0	0	0	0	0	0
0	0	0	0	0	0.934388397188164	0	0	0	0	0.893485310386031	0	0	0	0	0	0	0	0	0	0	0	0	0	0	0	0	0	0	0	0	0	0	0	0	0	0	0	0	0	0	0	0	0	0	0	0	0	0	0	0.843726294441972	0	0	0	0	0	0.833675187994114	0	0	0	0	0	0	0	0	0	0	0	0	0	0	0	0	0	0	0	0	0	0	0	0	0	0	0	0	0	0	0	0	0
0	0	0	0	0	0	0	0	0	0	0	0	0	0	0	0	0	0	0	0	0	0	0	0	0	0	0	0	0	0	0	0	0	0	0	0	0	0	0	0	0	0	0	0	0	0	0	0	0.661465834109227	0	0	0	0	0	0	0	0	0	0	0	0	0	0	0	0	0	0	0	0	0	0	0	0	0	0	0	0	0	0	0	0.799109806127482	0	0	0	0.963656971750607	0.888883660167965	0	0	0	0
0	0	0	0	0	0	0	0	0.790336628081013	0	0	0	0	0	0	0.593562688743598	0	0	0	0	0	0	0	0	0	0	0	0	0	0	0	0	0	0	0	0	0	0	0	0	0	0	0	0	0	0	0	0	0	0	0	0	0	0	0	0	0	0	0	0	0	0	0	0	0	0	0	0	0	0	0	0	0	0	0	0	0	0	0	0	0	0	0	0.961099425898445	0	0	0	0	0	0
0	0	0	0.940001632510541	0	0	0	0.742949339266031	0	0	0	0	0	0	0.593562688743598	0	0	0	0	0	0	0	0	0	0	0	0	0	0	0	0	0	0	0	0	0	0	0	0	0	0	0	0.624270799936966	0	0	0	0	0	0	0	0	0	0	0	0	0	0	0	0	0	0	0	0	0	0	0	0	0	0	0	0	0	0	0	0	0	0	0	0	0	0	0	0	0	0	0	0	0	0	0
0	0	0	0	0	0	0	0.969735992084461	0	0	0	0	0	0	0	0	0	0.918723969015221	0	0	0	0	0	0	0	0	0	0	0	0	0	0	0.876226523051568	0	0	0	0	0	0	0	0	0	0	0	0	0	0	0	0	0	0	0	0	0	0	0	0	0	0	0	0	0	0	0	0	0.922828648079401	0	0	0	0	0	0	0	0	0	0	0	0	0	0	0	0	0	0	0	0	0	0	0	0
0	0	0	0	0	0	0	0	0	0	0	0	0	0	0	0	0.918723969015221	0	0	0	0	0	0	0	0	0	0	0.977749293568541	0	0	0	0	0	0	0	0	0	0	0	0	0	0	0	0	0	0	0	0	0	0	0	0	0	0	0	0	0	0	0	0	0	0	0	0	0	0	0	0	0	0	0	0	0	0	0	0	0	0	0	0	0	0	0	0	0	0	0	0	0	0
0	0	0	0	0	0	0	0	0	0	0	0	0	0	0	0	0	0	0	0	0.648494206211197	0.99296516596738	0	0	0	0	0	0	0	0	0	0	0	0	0	0	0	0	0	0	0	0	0	0	0	0	0	0	0	0	0	0	0	0	0	0	0	0	0	0	0.815430351844959	0	0	0	0	0	0	0	0	0	0	0	0	0	0	0	0	0	0	0.874642616365081	0	0	0	0	0	0	0	0	0	0.994466600529818
0	0	0	0	0	0	0	0	0	0	0	0	0	0	0	0	0	0	0	0	0	0.895205178111877	0	0	0	0	0	0	0	0	0	0	0	0	0	0.738064760437625	0	0	0	0	0	0	0	0	0	0	0.875400997131221	0	0	0	0	0	0	0	0	0	0	0	0	0	0	0	0	0	0.955897131182745	0	0	0	0	0	0	0	0	0	0	0	0	0	0	0	0	0	0	0	0	0	0	0	0	0
0.939181118102277	0	0	0	0	0	0	0	0	0	0	0	0	0	0	0	0	0	0.648494206211197	0	0	0	0.929226724740272	0	0	0	0	0	0	0	0	0	0	0	0	0.757850762802241	0	0	0	0	0	0	0	0	0	0	0	0	0	0	0	0	0	0	0	0	0	0	0	0	0	0	0	0	0	0	0	0	0	0	0	0	0	0	0	0	0	0	0	0	0	0	0.52882277484341	0	0	0	0	0	0	0
0	0	0	0.662472800714964	0	0	0	0	0	0	0	0	0	0	0	0	0	0	0.99296516596738	0.895205178111877	0	0	0	0	0	0	0	0	0	0	0	0	0	0	0	0	0	0	0	0	0	0	0	0	0	0	0	0	0	0	0	0	0	0	0	0	0	0	0	0	0	0	0	0.713589994171868	0	0	0	0	0	0	0	0.945670682540669	0	0	0	0	0	0	0	0	0	0	0	0	0	0	0	0	0	0
0	0	0	0	0	0	0	0	0	0	0	0	0	0	0	0	0	0	0	0	0.929226724740272	0	0	0	0	0	0	0.872568641948799	0	0	0	0	0	0	0	0	0	0	0	0	0	0	0	0	0	0	0	0	0	0	0	0	0	0	0	0	0	0	0	0	0	0	0	0	0	0	0	0	0	0	0	0	0.989963477250826	0	0	0	0.933378852521928	0	0	0	0	0	0	0	0	0	0	0	0	0
0	0	0	0	0	0	0	0	0	0.636894756375974	0	0	0	0	0	0	0	0	0	0	0	0	0	0	0	0	0	0	0	0.614641855336558	0	0	0.841080956437241	0	0	0	0	0	0	0	0	0	0	0	0	0	0	0	0	0	0	0	0	0.543625726713645	0	0	0	0	0	0	0	0	0	0	0	0	0	0	0	0	0	0	0	0	0	0	0	0	0	0	0	0	0	0	0	0	0	0	0	0
0	0	0	0	0	0	0	0	0	0	0	0	0	0	0	0	0	0	0	0	0	0	0	0	0	0.840877995359001	0	0	0	0	0	0	0	0	0	0	0	0	0	0.721920326998387	0	0	0	0	0	0.924348730449326	0	0	0	0	0	0	0	0.920517885361199	0	0	0	0	0	0	0	0	0	0	0	0	0	0	0	0	0	0	0	0	0	0	0	0	0	0	0	0	0	0	0	0	0	0	0	0
0	0.751439421048068	0	0	0	0	0	0	0.919518720578515	0	0	0	0	0	0	0	0	0	0	0	0	0	0	0	0.840877995359001	0	0	0	0	0	0	0	0	0	0	0	0	0	0	0	0	0	0	0	0	0	0	0	0	0	0	0	0	0	0	0	0	0	0	0	0	0	0	0	0	0	0	0	0	0	0	0	0	0	0	0	0.946700861611762	0	0	0	0	0	0	0	0	0	0	0	0	0
0	0	0	0	0	0	0	0	0	0	0	0	0	0	0	0	0	0	0	0	0	0	0	0	0	0	0	0	0	0	0	0	0	0	0	0	0	0	0	0	0	0	0	0	0	0	0	0	0	0	0	0	0	0	0	0	0	0	0	0	0	0	0	0.941264312332024	0	0	0	0	0	0	0	0	0	0	0	0	0	0	0	0.946492358353706	0	0	0	0	0	0	0.920834509691319	0	0.89964439772667	0
0	0	0	0	0	0	0	0	0	0	0	0	0	0	0	0	0	0.977749293568541	0	0	0	0	0.872568641948799	0	0	0	0	0	0	0	0	0	0	0	0	0	0	0	0	0	0	0	0	0	0	0	0	0.981383982478134	0	0	0	0	0	0	0	0	0	0	0	0	0	0	0	0	0	0	0	0	0	0	0	0	0	0	0	0	0	0	0	0	0	0	0.715945934197889	0	0	0	0	0	0	0
0	0	0	0	0	0	0	0	0	0	0	0	0	0	0	0	0	0	0	0	0	0	0	0	0	0	0	0	0	0.931187647632188	0.671163402498404	0.716073202283108	0	0	0	0	0	0	0	0	0	0	0	0	0	0	0	0	0	0	0	0	0	0	0	0	0	0	0	0	0	0	0	0	0	0	0	0	0	0	0	0	0	0	0	0	0	0	0	0	0	0	0	0	0	0	0	0	0	0
0	0	0	0	0	0	0	0	0	0	0	0	0	0	0	0	0	0	0	0	0	0	0	0.614641855336558	0	0	0	0	0.931187647632188	0	0	0	0	0	0	0	0	0	0	0	0	0	0	0	0	0	0	0	0	0	0	0	0	0	0	0	0	0	0	0	0	0	0	0	0	0	0	0	0	0	0	0	0	0.786981383849458	0	0	0.92531073384265	0	0	0	0	0	0	0	0	0	0.999993012923463	0	0	0
0.758723858053606	0.582980647333154	0	0	0	0.921213579408654	0	0	0	0	0	0	0	0	0	0	0	0	0	0	0	0	0	0	0	0	0	0	0.671163402498404	0	0	0	0	0	0	0	0	0	0	0	0	0	0	0	0	0	0	0	0	0	0	0	0	0	0	0	0	0	0	0	0	0	0	0	0	0	0	0	0	0	0	0	0	0	0	0	0	0	0	0	0	0.702422562209753	0	0	0	0	0	0	0	0
0	0	0	0	0	0	0	0	0	0	0	0	0	0	0	0	0	0	0	0	0	0	0	0	0	0	0	0	0.716073202283108	0	0	0	0	0	0	0	0.994072111240984	0	0	0	0	0	0	0	0	0	0	0	0	0	0	0	0	0	0	0	0	0	0	0	0	0	0	0	0	0	0	0	0	0	0.838399134416951	0	0.713135745950127	0	0	0	0	0	0	0	0	0	0	0	0	0	0	0	0	0
0	0	0	0	0	0	0	0	0	0	0	0	0	0	0	0	0.876226523051568	0	0	0	0	0	0	0.841080956437241	0	0	0	0	0	0	0	0	0	0	0	0	0	0	0	0	0	0	0	0	0	0	0	0	0	0	0	0	0	0	0	0	0	0	0	0	0	0	0	0	0	0	0	0	0.683266206896557	0	0	0	0	0	0	0	0	0	0	0	0	0	0	0	0	0	0	0	0	0
0	0	0	0	0	0	0	0	0	0	0	0	0	0	0	0	0	0	0	0	0	0	0	0	0	0	0	0	0	0	0	0	0	0	0	0	0	0	0	0	0	0.989793548459047	0	0	0	0	0	0	0	0	0	0	0	0	0	0.910042943978176	0	0	0	0	0	0.861118610687263	0	0	0	0	0	0	0	0	0	0	0	0	0	0	0	0	0	0	0	0	0	0.979939826232089	0	0	0	0	0	0
0	0	0	0	0	0	0	0	0	0	0	0	0	0	0	0	0	0	0	0	0	0	0	0	0	0	0	0	0	0	0	0	0	0	0	0.850948775986742	0.983955056093649	0	0	0	0	0	0	0	0	0	0	0	0	0	0	0	0	0	0	0	0	0	0	0	0	0	0	0	0	0	0	0	0	0	0	0	0	0	0	0	0	0	0	0	0	0	0	0	0	0	0	0	0	0
0	0	0	0	0	0	0	0	0	0	0	0	0	0	0	0	0	0	0	0.738064760437625	0.757850762802241	0	0	0	0	0	0	0	0	0	0	0	0	0	0.850948775986742	0	0	0	0	0	0	0	0	0	0	0	0	0	0	0	0	0	0	0	0	0	0	0	0	0	0	0	0	0	0	0	0	0	0	0	0	0	0	0	0	0.826317782833136	0	0	0	0	0	0	0	0	0	0	0	0	0	0
0	0	0	0	0	0	0	0	0	0	0.762368032946886	0	0	0	0	0	0	0	0	0	0	0	0	0	0	0	0	0	0	0	0	0.994072111240984	0	0	0.983955056093649	0	0	0	0	0.861238697364454	0	0	0	0	0	0	0	0	0	0	0	0	0	0	0	0	0	0	0	0	0	0	0	0	0	0	0	0	0	0	0	0	0	0	0	0	0	0	0	0	0	0	0	0	0	0	0	0	0	0
0	0	0	0	0	0	0	0	0	0	0	0	0	0	0	0	0	0	0	0	0	0	0	0	0	0	0	0	0	0	0	0	0	0	0	0	0	0	0	0	0	0	0	0.987275885257623	0	0	0	0.997773618315615	0	0	0.8989396657406	0	0	0	0	0	0	0	0	0	0	0	0	0	0	0	0	0	0	0	0	0	0	0	0	0	0	0	0	0	0	0	0	0	0	0	0	0	0	0
0	0	0	0	0	0	0	0	0	0.75611495343876	0	0	0	0	0	0	0	0	0	0	0	0	0	0	0	0	0	0	0	0	0	0	0	0	0	0	0	0	0	0	0	0	0	0	0	0	0	0	0.855046075700887	0	0	0	0	0	0	0	0	0	0	0	0	0	0	0	0	0	0.925703014341788	0	0	0	0	0	0	0	0	0	0	0	0	0	0	0	0	0	0	0	0	0	0	0
0	0	0	0	0	0	0	0.926050262149649	0	0	0	0.986689456476331	0	0	0	0	0	0	0	0	0	0	0	0	0.721920326998387	0	0	0	0	0	0	0	0	0	0	0	0.861238697364454	0	0	0	0	0	0	0	0	0	0	0	0	0	0	0	0	0	0	0	0	0	0	0	0	0	0	0	0	0	0	0	0	0	0	0	0	0	0	0	0	0	0	0	0	0	0	0	0	0	0	0	0.841103568448184	0
0	0	0	0	0	0	0	0	0	0	0	0	0	0	0	0	0	0	0	0	0	0	0	0	0	0	0	0	0	0	0	0	0	0	0	0	0	0	0	0	0	0	0.93859404684406	0	0	0	0	0	0	0	0	0	0	0	0.819232560505184	0	0	0	0	0	0	0	0	0	0	0	0	0	0	0	0	0	0	0	0	0	0	0	0	0	0	0	0	0	0	0	0	0	0	0
0	0	0	0	0	0	0	0	0	0	0	0	0	0	0	0	0	0	0	0	0	0	0	0	0	0	0	0	0	0	0	0	0	0.989793548459047	0	0	0	0	0	0	0	0	0.972528259320493	0	0	0	0	0	0	0	0	0	0	0	0	0	0	0	0	0	0	0	0	0	0	0	0	0	0	0	0	0	0.978066242664335	0	0	0	0	0	0	0	0	0	0	0	0	0	0	0.961445355807807	0	0
0	0	0	0	0	0	0	0	0	0	0	0	0	0	0	0.624270799936966	0	0	0	0	0	0	0	0	0	0	0	0	0	0	0	0	0	0	0	0	0	0	0	0	0.93859404684406	0.972528259320493	0	0	0.978848330717907	0	0	0	0	0	0	0	0	0	0	0	0	0	0	0	0	0	0	0	0.920902306953024	0	0	0	0	0	0	0	0	0	0	0	0	0	0.727619943775789	0	0	0	0	0	0	0	0	0	0	0
0	0	0	0	0	0	0	0	0	0	0	0	0	0	0	0	0	0	0	0	0	0	0	0	0	0	0	0	0	0	0	0	0	0	0	0	0	0.987275885257623	0	0	0	0	0	0	0	0	0	0	0	0	0	0	0	0	0	0	0	0	0	0	0	0	0	0	0.630920759666486	0	0	0	0	0	0	0	0	0	0	0	0	0	0	0	0	0	0	0	0	0	0	0	0	0
0	0	0	0	0	0.940598839479154	0	0	0	0	0	0	0	0	0	0	0	0	0	0	0	0	0	0	0	0	0	0	0	0	0	0	0	0	0	0	0	0	0	0	0	0	0.978848330717907	0	0	0	0	0	0	0	0	0	0	0	0	0	0.854626986120908	0	0	0	0	0	0	0	0	0	0	0	0.847730021717931	0	0	0	0	0	0	0	0	0	0	0	0	0	0	0	0	0	0	0	0	0
0	0.644654971608391	0	0.584790189142115	0	0	0	0	0	0	0	0	0	0	0	0	0	0	0	0	0	0	0	0	0.924348730449326	0	0	0	0	0	0	0	0	0	0	0	0	0	0	0	0	0	0	0	0	0	0.964905541739853	0	0	0	0	0	0	0	0	0	0	0	0	0	0	0	0	0	0	0	0	0	0	0	0	0	0	0	0	0	0.733059522834116	0	0	0	0	0	0	0	0	0	0	0	0	0
0	0	0	0	0	0	0	0	0	0	0	0	0	0	0	0	0	0	0	0.875400997131221	0	0	0	0	0	0	0	0	0	0	0	0	0	0	0	0	0	0	0	0	0	0	0	0	0	0.964905541739853	0	0.892192465984793	0	0	0	0	0	0	0	0	0	0	0	0	0	0	0	0	0	0	0	0	0	0	0	0	0	0	0	0	0	0	0	0	0	0	0	0	0	0	0	0	0	0
0	0	0	0	0	0	0	0	0.965814838740738	0	0	0	0	0	0	0	0	0	0	0	0	0	0	0	0	0	0	0.981383982478134	0	0	0	0	0	0	0	0	0	0.997773618315615	0	0	0	0	0	0	0	0	0.892192465984793	0	0	0	0	0	0.673581819215791	0	0	0.914819851871069	0	0	0.906856656055511	0	0	0	0	0	0	0	0.804732753548606	0	0	0	0.93820723833097	0	0	0	0	0	0	0	0	0	0	0	0	0	0	0	0	0	0	0
0	0	0	0	0	0	0	0	0	0	0	0	0	0.661465834109227	0	0	0	0	0	0	0	0	0	0	0	0	0	0	0	0	0	0	0	0	0	0	0	0	0.855046075700887	0	0	0	0	0	0	0	0	0	0	0	0	0	0	0	0	0.957391289224992	0	0	0	0	0	0	0	0	0	0	0	0	0	0	0	0	0	0	0	0	0	0	0	0	0	0	0	0	0	0	0	0	0	0.882207720310497
0	0	0	0	0	0	0	0	0	0	0	0	0	0	0	0	0	0	0	0	0	0	0	0	0	0	0	0	0	0	0	0	0	0	0	0	0	0	0	0	0	0	0	0	0	0	0	0	0	0	0	0.961641804318632	0	0	0	0	0	0.924767818337033	0	0	0	0	0	0	0	0	0	0	0.840135010494393	0	0	0	0	0	0	0	0	0	0	0	0	0	0	0	0	0	0	0	0	0
0	0	0	0	0	0	0	0	0.88102074207113	0	0	0	0.843726294441972	0	0	0	0	0	0	0	0	0	0	0	0	0	0	0	0	0	0	0	0	0	0	0	0	0.8989396657406	0	0	0	0	0	0	0	0	0	0	0	0	0	0	0.782078383432737	0	0	0	0	0	0	0	0	0	0	0	0	0	0	0	0	0	0	0	0	0	0	0	0	0.791671995395192	0	0	0	0	0	0	0	0	0	0	0	0
0	0.697593831991206	0	0	0	0	0	0	0	0	0	0	0	0	0	0	0	0	0	0	0	0	0	0	0	0	0	0	0	0	0	0	0	0	0	0	0	0	0	0	0	0	0	0	0	0	0	0	0	0.961641804318632	0	0	0.966257972455877	0	0	0	0.83113081055233	0	0	0	0	0	0	0	0	0	0	0	0	0	0	0	0	0	0	0	0	0	0	0	0	0	0	0	0	0.987052928005737	0	0	0	0
0	0	0	0	0	0	0	0	0	0	0	0	0	0	0	0	0	0	0	0	0	0	0	0	0	0	0	0	0	0	0	0	0	0	0	0	0	0	0	0	0	0	0	0	0	0	0	0.673581819215791	0	0	0.782078383432737	0.966257972455877	0	0	0	0	0	0	0	0	0	0	0	0	0	0	0	0	0	0	0	0	0	0	0	0	0	0	0	0	0	0	0	0	0	0	0	0	0	0
0	0	0	0	0	0	0	0	0	0	0	0	0	0	0	0	0	0	0	0	0	0	0	0.543625726713645	0.920517885361199	0	0	0	0	0	0	0	0	0	0	0	0	0	0	0	0	0	0	0	0	0	0	0	0	0	0	0	0	0	0	0	0	0	0	0	0	0	0	0	0	0	0	0	0	0	0	0	0	0	0	0	0	0	0	0	0	0	0	0	0	0	0	0	0	0
0	0	0	0	0.785500609246181	0	0	0	0	0	0	0	0	0	0	0	0	0	0	0	0	0	0	0	0	0	0	0	0	0	0	0	0	0	0	0	0	0	0	0	0.819232560505184	0	0	0	0	0	0	0	0	0	0	0	0	0	0	0.644205740042624	0	0	0	0	0	0	0	0	0	0	0	0	0	0	0	0	0	0	0	0	0	0	0	0	0	0	0	0	0	0	0	0	0	0
0	0	0	0	0.922769605029932	0	0	0	0	0	0	0	0	0	0	0	0	0	0	0	0	0	0	0	0	0	0	0	0	0	0	0	0	0.910042943978176	0	0	0	0	0	0	0	0	0	0	0	0	0	0.914819851871069	0.957391289224992	0	0	0	0	0	0.644205740042624	0	0	0	0	0	0	0	0	0	0	0	0	0.825699747818972	0	0	0	0	0	0	0	0	0	0	0.771118209654536	0	0	0	0	0	0	0	0	0	0	0
0.626483890560549	0	0	0	0	0	0	0	0	0	0	0	0.833675187994114	0	0	0	0	0	0	0	0	0	0	0	0	0	0	0	0	0	0	0	0	0	0	0	0	0	0	0	0	0	0	0	0.854626986120908	0	0	0	0	0	0	0.83113081055233	0	0	0	0	0	0.767228183838363	0	0	0	0	0	0	0	0	0	0	0	0	0	0	0	0	0	0	0	0	0	0	0	0	0	0	0.718708970101375	0	0	0	0	0
0	0	0	0	0	0	0	0	0.69507421720996	0	0	0	0	0	0	0	0	0	0	0	0	0	0	0	0	0	0	0	0	0	0	0	0	0	0	0	0	0	0	0	0	0	0	0	0	0	0	0	0	0.924767818337033	0	0	0	0	0	0	0.767228183838363	0	0	0	0	0	0	0	0	0	0	0	0	0	0	0	0	0	0	0	0.986568783503076	0	0	0	0	0	0	0	0	0	0	0	0	0
0	0	0	0	0	0	0	0	0	0	0	0	0	0	0	0	0	0	0	0	0	0	0	0	0	0	0	0	0	0	0	0	0	0	0	0	0	0	0	0	0	0	0	0	0	0	0	0.906856656055511	0	0	0	0	0	0	0	0	0	0	0	0	0	0	0	0	0	0	0	0	0	0	0	0	0	0	0	0	0	0	0	0	0	0	0	0	0	0	0	0.767230286884268	0	0
0	0	0	0	0	0	0	0	0	0	0	0	0	0	0	0	0	0	0	0	0	0	0	0	0	0	0	0	0	0	0	0	0	0	0	0	0	0	0	0	0	0	0	0	0	0	0	0	0	0	0	0	0	0	0	0	0	0	0	0	0.97802534485522	0	0	0	0	0	0	0	0	0	0	0	0	0	0	0	0	0	0	0	0	0.948847842673545	0	0	0	0	0	0	0	0
0	0	0	0.92760741845401	0	0	0	0	0	0	0	0	0	0	0	0	0	0	0.815430351844959	0	0	0	0	0	0	0	0	0	0	0	0	0	0	0	0	0	0	0	0	0	0	0	0	0	0	0	0	0	0	0	0	0	0	0	0	0	0	0	0	0.97802534485522	0	0	0	0	0	0	0	0	0	0	0.842717137080718	0	0	0	0	0	0	0	0	0	0	0	0	0	0	0	0	0	0	0
0	0	0	0	0	0	0	0	0	0	0	0	0	0	0	0	0	0	0	0	0	0	0	0	0	0	0	0	0	0	0	0	0	0.861118610687263	0	0	0	0	0	0	0	0	0	0	0	0	0	0	0	0	0	0	0	0	0	0	0	0	0	0	0	0	0	0	0	0	0	0	0.937304655412088	0	0	0	0	0	0	0	0	0	0	0	0	0	0	0	0	0	0	0	0	0
0	0	0	0	0.648063183722133	0	0	0	0.69694737400164	0	0	0	0	0	0	0	0	0	0	0	0	0	0	0	0	0	0	0	0	0	0	0	0	0	0	0	0	0	0	0	0	0	0	0	0	0	0	0	0	0	0	0	0	0	0	0	0	0	0	0	0	0	0	0.928755556760608	0	0	0	0	0	0	0	0	0	0	0	0	0	0.962440600777058	0	0	0	0	0.763635273872049	0	0	0	0	0	0	0
0	0	0	0	0	0	0	0	0	0	0	0	0	0	0	0	0	0	0	0	0	0.713589994171868	0	0	0	0	0.941264312332024	0	0	0	0	0	0	0	0	0	0	0	0	0	0	0	0	0	0	0	0	0	0	0	0	0	0	0	0	0	0	0	0	0	0	0	0.928755556760608	0	0	0	0	0	0	0	0	0	0	0	0	0	0	0	0	0	0	0	0	0	0	0	0	0	0	0
0	0	0	0	0	0	0	0.772060165702535	0	0	0	0	0	0	0	0	0	0	0	0.955897131182745	0	0	0	0	0	0	0	0	0	0	0	0	0	0	0	0	0	0	0	0	0	0	0.920902306953024	0.630920759666486	0	0	0	0	0	0	0	0	0	0	0	0	0	0	0	0	0	0	0	0	0	0	0	0	0	0	0	0	0	0	0.906343910835691	0.981710985371404	0	0	0	0	0	0	0	0	0	0	0	0	0	0
0	0	0	0	0	0	0	0	0	0	0	0	0	0	0	0	0.922828648079401	0	0	0	0	0	0	0	0	0	0	0	0	0	0	0	0	0	0	0	0	0	0	0	0	0	0	0	0	0	0	0	0	0	0	0	0	0	0	0	0	0	0	0	0	0	0	0	0	0	0.706613620338242	0	0	0.716924997193566	0	0	0	0	0	0	0	0	0	0	0	0	0	0	0	0	0	0	0	0
0	0	0	0.751864947416408	0	0	0	0	0	0	0	0.758413403450387	0	0	0	0	0	0	0	0	0	0	0	0	0	0	0	0	0	0	0	0	0	0	0	0	0	0	0.925703014341788	0	0	0	0	0	0	0	0	0.804732753548606	0	0	0	0	0	0	0	0	0	0	0	0	0	0	0	0	0	0.706613620338242	0	0	0	0	0	0	0	0	0	0.928919052380877	0	0	0	0	0	0	0	0	0	0	0	0	0	0
0	0	0	0	0	0	0	0	0	0	0	0	0	0	0	0	0	0	0	0	0	0	0	0	0	0	0	0	0	0	0	0	0	0	0	0	0	0	0	0	0	0	0	0	0	0	0	0	0	0	0	0	0	0	0	0.825699747818972	0	0	0	0	0	0	0	0	0	0	0	0	0.979794448368227	0.633948195179498	0	0	0	0	0	0	0	0	0	0	0	0	0	0	0	0	0	0	0	0
0	0	0	0	0	0	0	0	0	0	0	0	0	0	0	0	0	0	0	0	0	0	0	0	0	0	0	0	0	0	0	0	0.683266206896557	0	0	0	0	0	0	0	0	0	0	0	0.847730021717931	0	0	0	0	0.840135010494393	0	0	0	0	0	0	0	0	0	0	0	0.937304655412088	0	0	0	0	0	0.979794448368227	0	0	0	0	0.924342075949301	0	0	0	0	0	0	0	0	0	0	0	0	0	0	0	0	0
0	0	0	0	0	0	0	0	0	0	0	0.966688012493562	0	0	0	0	0	0	0	0	0	0	0	0	0	0	0	0	0	0	0	0	0	0	0	0	0	0	0	0	0	0	0	0	0	0	0	0	0	0	0	0	0	0	0	0	0	0	0	0	0	0	0	0	0	0.716924997193566	0	0.633948195179498	0	0	0.793193280059082	0	0	0	0	0	0	0	0	0	0	0	0	0	0	0	0	0	0	0
0	0	0	0	0	0	0	0	0	0	0	0	0	0	0	0	0	0	0	0	0	0	0	0	0	0	0	0	0	0	0	0.838399134416951	0	0	0	0	0	0	0	0	0	0	0	0	0	0	0	0.93820723833097	0	0	0	0	0	0	0	0	0	0	0	0	0.842717137080718	0	0	0	0	0	0	0	0	0.793193280059082	0	0	0	0	0	0	0	0	0	0	0	0	0	0	0	0	0	0.96773783214637	0	0
0	0	0	0	0	0	0	0	0	0	0	0	0	0	0	0	0	0	0	0	0	0.945670682540669	0	0	0	0	0	0	0	0	0	0	0	0	0	0	0	0	0	0	0	0	0	0	0	0	0	0	0	0	0	0	0	0	0	0	0	0	0	0	0	0	0	0	0	0	0	0	0	0	0	0	0	0	0	0	0	0	0	0	0	0	0	0	0	0	0.611211221840036	0	0	0.930080434956166
0	0	0	0	0	0	0	0	0	0	0	0	0	0	0	0	0	0	0	0	0	0	0.989963477250826	0	0	0	0	0	0	0	0	0.713135745950127	0	0	0	0	0	0	0	0	0	0.978066242664335	0	0	0	0	0	0	0	0	0	0	0	0	0	0	0	0	0	0	0	0	0	0	0	0	0	0	0.924342075949301	0	0	0	0	0	0	0	0	0	0	0	0	0	0	0	0	0	0	0	0	0
0	0.782609205513087	0	0	0	0	0	0	0	0	0	0	0	0	0	0	0	0	0	0	0	0	0	0	0	0	0	0	0	0.786981383849458	0	0	0	0	0	0	0	0	0	0	0	0	0	0	0	0	0	0	0	0	0	0	0	0	0	0	0	0	0	0	0	0	0	0	0	0	0	0	0	0	0	0	0	0	0	0	0	0	0	0	0	0	0	0	0	0	0	0	0	0
0	0	0	0	0	0	0	0	0	0	0	0	0	0	0	0	0	0	0	0	0	0	0	0	0	0	0	0	0	0	0	0	0	0	0	0	0	0	0	0	0	0	0	0	0	0	0	0	0	0	0	0	0	0	0	0	0	0	0	0	0	0	0	0	0.906343910835691	0	0	0	0	0	0	0	0	0	0	0.907667340797707	0.90971384225576	0	0	0	0	0.8633189189382	0	0	0	0	0	0.931506206088841	0	0
0	0	0	0	0	0	0	0	0	0	0	0	0	0	0	0	0	0	0	0	0	0	0	0	0	0	0	0	0	0	0	0	0	0	0	0.826317782833136	0	0	0	0	0	0	0	0	0	0	0	0	0	0	0	0	0	0	0	0	0	0	0	0	0	0	0	0	0.981710985371404	0	0.928919052380877	0	0	0	0	0	0	0	0.907667340797707	0	0	0	0	0	0	0	0	0	0	0	0	0	0	0
0	0	0	0	0	0	0	0	0	0	0	0	0	0	0	0	0	0	0	0	0	0	0.933378852521928	0	0	0.946700861611762	0	0	0	0.92531073384265	0	0	0	0	0	0	0	0	0	0	0	0	0	0	0	0.733059522834116	0	0	0	0	0	0	0	0	0	0	0	0.986568783503076	0	0	0	0	0	0	0	0	0	0	0	0	0	0	0	0	0.90971384225576	0	0	0	0	0	0	0	0	0	0	0	0	0	0	0
0	0	0	0	0	0	0	0	0	0	0	0	0	0	0	0	0	0	0	0	0	0	0	0	0	0	0	0	0	0	0	0	0	0	0	0	0	0	0	0	0	0	0	0	0	0	0	0	0	0	0.791671995395192	0	0	0	0	0	0	0	0	0	0	0	0.962440600777058	0	0	0	0	0	0	0	0	0	0	0	0	0	0	0	0	0	0	0	0	0	0	0	0	0	0	0
0	0	0	0	0	0	0	0	0	0	0	0	0	0	0	0	0	0	0	0	0	0	0	0	0	0	0	0	0	0	0	0	0	0	0	0	0	0	0	0	0	0	0.727619943775789	0	0	0	0	0	0	0	0	0	0	0	0	0.771118209654536	0	0	0	0	0	0	0	0	0	0	0	0	0	0	0	0	0	0	0	0	0	0	0	0.727536323876117	0	0	0	0	0	0	0	0.798703859350577	0	0
0	0	0	0	0	0	0	0	0	0.928734036911069	0	0	0	0	0	0	0	0	0.874642616365081	0	0	0	0	0	0	0	0.946492358353706	0	0	0	0	0	0	0	0	0	0	0	0	0	0	0	0	0	0	0	0	0	0	0	0	0	0	0	0	0	0	0	0	0	0	0	0	0	0	0	0	0	0	0	0	0	0	0	0	0	0	0	0.727536323876117	0	0	0	0	0	0	0	0	0	0	0
0	0	0	0	0	0	0	0	0	0	0	0	0	0.799109806127482	0	0	0	0	0	0	0	0	0	0	0	0	0	0	0	0	0	0	0	0	0	0	0	0	0	0	0	0	0	0	0	0	0	0	0	0	0	0	0	0	0	0	0	0	0	0	0	0	0	0	0	0	0	0	0	0	0	0	0	0	0	0	0	0	0	0	0	0	0	0	0	0	0.795878706686279	0	0	0
0	0	0	0	0	0	0	0	0	0	0	0	0	0	0	0	0	0	0	0	0	0	0	0	0	0	0	0	0	0	0.702422562209753	0	0	0	0	0	0	0	0	0	0	0	0	0	0	0	0	0	0	0	0	0	0	0	0	0	0	0	0	0.948847842673545	0	0	0	0	0	0	0	0	0	0	0	0	0	0	0.8633189189382	0	0	0	0	0	0	0	0	0	0	0	0	0	0	0
0	0	0.652557603529056	0	0	0	0	0	0	0	0	0	0	0	0	0	0	0	0	0	0.52882277484341	0	0	0	0	0	0	0.715945934197889	0	0	0	0	0	0	0	0	0	0	0	0	0	0	0	0	0	0	0	0	0	0	0	0	0	0	0	0	0	0	0	0	0	0	0.763635273872049	0	0	0	0	0	0	0	0	0	0	0	0	0	0	0	0	0	0	0	0	0	0	0	0	0	0	0
0	0	0	0	0	0	0	0	0	0	0	0	0	0	0.961099425898445	0	0	0	0	0	0	0	0	0	0	0	0	0	0	0	0	0	0	0.979939826232089	0	0	0	0	0	0	0	0	0	0	0	0	0	0	0	0	0	0	0	0	0	0	0	0	0	0	0	0	0	0	0	0	0	0	0	0	0	0	0	0	0	0	0	0	0	0	0	0	0	0	0	0	0	0	0	0
0	0	0	0	0	0	0	0	0	0.885010217906322	0	0	0	0.963656971750607	0	0	0	0	0	0	0	0	0	0	0	0	0	0	0	0	0	0	0	0	0	0	0	0	0	0	0	0	0	0	0	0	0	0	0	0	0	0	0	0	0	0	0.718708970101375	0	0	0	0	0	0	0	0	0	0	0	0	0	0	0	0	0	0	0	0	0	0	0	0	0	0	0	0	0	0	0	0	0
0	0	0	0	0	0	0	0	0	0	0	0	0	0.888883660167965	0	0	0	0	0	0	0	0	0	0	0	0	0	0	0	0	0	0	0	0	0	0	0	0	0	0	0	0	0	0	0	0	0	0	0	0	0	0.987052928005737	0	0	0	0	0	0	0	0	0	0	0	0	0	0	0	0	0	0	0	0	0	0	0	0	0	0	0	0	0	0	0	0	0	0	0.92909612512122	0	0	0
0	0	0	0	0	0	0	0	0	0	0	0	0	0	0	0	0	0	0	0	0	0	0	0	0	0	0.920834509691319	0	0	0.999993012923463	0	0	0	0	0	0	0	0	0	0	0	0	0	0	0	0	0	0	0	0	0	0	0	0	0	0	0	0	0	0	0	0	0	0	0	0	0	0	0	0	0	0.611211221840036	0	0	0	0	0	0	0	0	0.795878706686279	0	0	0	0	0.92909612512122	0	0	0.70699523844381	0
0	0	0	0	0	0	0	0	0	0	0	0	0	0	0	0	0	0	0	0	0	0	0	0	0	0	0	0	0	0	0	0	0	0	0	0	0	0	0	0	0	0.961445355807807	0	0	0	0	0	0	0	0	0	0	0	0	0	0	0	0	0.767230286884268	0	0	0	0	0	0	0	0	0	0	0	0.96773783214637	0	0	0	0.931506206088841	0	0	0	0.798703859350577	0	0	0	0	0	0	0	0	0	0	0
0	0	0	0	0	0	0.64028511199424	0	0	0	0	0	0	0	0	0	0	0	0	0	0	0	0	0	0	0	0.89964439772667	0	0	0	0	0	0	0	0	0	0	0	0	0.841103568448184	0	0	0	0	0	0	0	0	0	0	0	0	0	0	0	0	0	0	0	0	0	0	0	0	0	0	0	0	0	0	0	0	0	0	0	0	0	0	0	0	0	0	0	0	0	0	0.70699523844381	0	0	0
0	0	0	0	0	0	0	0	0	0	0.86928609140578	0	0	0	0	0	0	0	0.994466600529818	0	0	0	0	0	0	0	0	0	0	0	0	0	0	0	0	0	0	0	0	0	0	0	0	0	0	0	0	0	0.882207720310497	0	0	0	0	0	0	0	0	0	0	0	0	0	0	0	0	0	0	0	0	0	0	0.930080434956166	0	0	0	0	0	0	0	0	0	0	0	0	0	0	0	0	0	0
