0	0	0.953012870483088	0	0	0	0	0	0	0	0	0	0	0	0	0	0	0	0	0	0	0	0	0	0	0	0	0	0	0	0	0	0	0	0	0	0	0	0	0	0	0	0	0	0	0	0	0	0	0	0	0	0	0	0	0	0	0	0	0	0	0	0	0	0	0	0	0	0	0	0	0	0	0	0	0	0	0	0	0	0.91011788599833	0	0	0	0	0	0	0	0	0
0	0	0	0.807025982484458	0	0	0	0	0	0	0	0	0	0	0	0	0	0	0	0	0	0	0	0	0	0	0	0	0	0	0	0	0	0	0	0	0	0	0	0	0	0	0	0	0	0	0	0	0	0	0	0	0	0	0	0	0	0	0	0	0	0	0	0	0	0	0	0	0	0	0.744060057840145	0	0	0	0	0	0	0	0	0	0	0	0	0	0.72453306763165	0	0	0	0	0.725351655078133
0.953012870483088	0	0	0	0	0	0	0	0	0.9149570242006	0	0	0	0	0	0	0	0	0	0.850878567598711	0	0	0	0	0	0	0	0	0	0	0	0	0	0	0	0	0	0	0	0	0	0	0	0	0	0	0	0	0	0	0	0	0	0	0	0	0	0	0	0	0	0	0.913879352829857	0	0	0	0	0	0	0	0.833618050294405	0	0	0	0	0	0	0	0	0	0	0	0	0	0	0	0	0	0	0
0	0.807025982484458	0	0	0.804121747733649	0	0	0	0	0	0	0.595582421793907	0	0	0	0	0	0	0	0	0	0	0	0	0	0	0	0.955700806727768	0	0	0	0	0	0	0	0	0	0	0.998396875754038	0.809396859912094	0	0	0	0	0	0	0	0	0	0	0	0	0	0	0	0.810039004722892	0.938490691406476	0	0	0	0	0	0	0	0	0	0	0	0	0	0	0	0.752440069882478	0	0	0	0	0	0	0	0	0	0	0	0	0	0	0	0	0
0	0	0	0.804121747733649	0	0	0.940772409028049	0	0.779641005572508	0	0	0	0	0	0	0	0	0	0	0	0	0	0	0	0	0	0	0	0	0	0	0	0	0	0	0	0	0	0	0	0	0	0	0	0	0	0	0	0	0	0	0	0	0	0	0	0	0	0	0	0	0	0	0	0	0	0	0	0	0	0	0	0	0	0	0	0	0	0	0	0	0	0	0	0	0	0	0	0	0
0	0	0	0	0	0	0	0	0	0	0.708833058331361	0	0	0	0	0	0	0	0	0	0	0	0	0	0	0	0	0	0	0	0	0.750405466273899	0	0	0	0.82058891034402	0	0	0	0	0	0	0	0	0	0	0	0	0	0	0	0	0	0	0	0	0	0	0	0.629745441418732	0	0	0	0	0	0	0	0	0	0	0	0	0	0	0	0.986914527432289	0	0	0	0	0	0	0	0	0	0	0	0	0	0
0	0	0	0	0.940772409028049	0	0	0.579572479994508	0	0	0	0	0	0	0	0	0	0	0	0	0	0	0	0	0	0	0	0	0	0	0	0	0	0	0	0	0	0	0	0	0	0	0	0	0	0	0	0	0	0	0	0	0	0	0	0	0	0	0	0	0	0	0	0.827806806761927	0	0	0	0	0	0	0.784829128373185	0	0	0	0	0	0	0	0	0	0	0	0	0	0	0	0	0	0	0
0	0	0	0	0	0	0.579572479994508	0	0	0	0	0	0	0	0	0	0	0	0	0	0	0	0	0	0	0	0	0.649535927545275	0	0	0.694025398198086	0	0	0	0	0	0	0	0	0	0	0.664632235194631	0	0	0	0	0	0	0	0	0	0	0	0	0	0	0	0	0	0	0	0	0	0	0	0	0	0	0	0	0	0	0	0	0	0	0	0	0.88313404443353	0	0	0	0	0	0	0	0	0	0	0
0	0	0	0	0.779641005572508	0	0	0	0	0	0	0	0.817190053776288	0	0	0	0	0	0	0	0	0	0	0	0	0	0	0	0	0	0	0.835966023031489	0	0	0	0	0	0	0	0	0	0	0	0	0	0	0	0	0.850790973108655	0	0	0	0	0	0	0	0	0	0	0	0	0	0	0	0	0	0	0	0	0	0	0	0	0	0	0	0	0	0	0	0	0	0	0	0	0	0	0	0	0
0	0	0.9149570242006	0	0	0	0	0	0	0	0	0	0	0	0	0	0	0	0	0	0	0.765825814716575	0	0	0	0	0	0	0	0	0	0	0	0	0	0	0	0	0	0	0	0	0	0	0	0	0	0	0	0	0	0	0	0	0	0	0	0	0	0	0	0	0	0	0	0	0	0	0	0	0	0	0	0	0	0	0	0	0	0	0	0	0	0	0	0	0	0	0	0
0	0	0	0	0	0.708833058331361	0	0	0	0	0	0	0	0	0	0	0	0	0	0	0	0	0	0	0	0	0	0	0	0	0	0	0	0	0	0	0	0	0	0	0	0	0	0	0	0	0.915834989712677	0	0	0	0	0	0	0	0	0	0	0	0	0	0	0	0	0	0	0	0.845608138995271	0	0	0	0	0	0	0.544400517352626	0	0	0	0	0	0	0	0	0	0	0	0	0	0	0	0.893249958301359
0	0	0	0.595582421793907	0	0	0	0	0	0	0	0	0	0.988137915767765	0	0	0.955704180339829	0	0	0	0	0	0	0	0	0	0	0	0	0	0	0	0	0	0	0	0	0	0	0	0	0	0.847639350872182	0	0	0	0	0	0	0	0	0	0	0	0	0	0	0	0	0	0	0	0	0	0	0	0	0	0	0	0	0	0	0	0	0	0	0	0	0	0	0	0	0	0	0	0	0	0	0
0	0	0	0	0	0	0	0	0.817190053776288	0	0	0	0	0	0.967383082279455	0	0	0	0	0	0	0	0.781085036163534	0	0	0	0	0	0	0	0	0	0	0	0	0	0	0	0	0	0	0	0	0	0	0	0	0	0	0	0	0	0	0	0	0	0	0	0	0	0	0	0	0	0	0	0	0	0.793486400225893	0	0	0	0	0	0.620674317232909	0	0	0	0	0	0	0	0	0	0	0	0	0	0	0
0	0	0	0	0	0	0	0	0	0	0	0.988137915767765	0	0	0	0.679985961826272	0	0	0	0	0	0	0	0	0	0	0	0	0	0	0	0	0	0	0	0	0	0	0	0	0	0	0	0	0	0	0	0	0	0	0	0	0	0	0	0	0	0	0	0	0	0	0	0	0	0	0	0	0	0	0	0	0	0	0	0	0	0	0	0	0	0.819736964825757	0	0	0	0	0	0	0	0
0	0	0	0	0	0	0	0	0	0	0	0	0.967383082279455	0	0	0.760394317888038	0.910840936698701	0.920795069015075	0	0	0	0	0	0	0	0	0	0	0	0	0	0	0	0	0	0	0	0	0	0	0	0	0	0	0	0	0	0	0	0	0	0.830497511661161	0	0	0	0	0	0	0	0	0	0	0	0	0	0	0	0	0	0	0	0	0	0	0	0	0.829533640192219	0	0	0	0	0	0	0	0	0	0	0	0	0
0	0	0	0	0	0	0	0	0	0	0	0	0	0.679985961826272	0.760394317888038	0	0	0	0	0	0	0	0	0	0	0	0	0	0	0	0	0.971147712434626	0	0.967186456335861	0	0	0	0	0	0.916588688021307	0	0	0	0	0	0	0	0	0	0.857838543384424	0	0	0	0.976221659028356	0	0	0	0	0	0	0	0	0.968263624908837	0	0	0	0	0	0	0	0	0	0	0	0	0	0	0	0	0	0	0	0	0	0	0	0	0	0	0
0	0	0	0	0	0	0	0	0	0	0	0.955704180339829	0	0	0.910840936698701	0	0	0	0	0	0	0	0	0	0	0	0	0	0	0	0	0	0	0	0	0	0	0	0	0	0	0	0	0	0	0	0	0	0	0	0	0	0	0.717346017633039	0	0	0.790568271843496	0.726703270158437	0	0	0	0	0	0	0	0	0	0	0	0	0	0	0	0	0	0	0	0	0	0	0	0	0	0	0	0	0	0	0	0
0	0	0	0	0	0	0	0	0	0	0	0	0	0	0.920795069015075	0	0	0	0	0.818362114253831	0	0	0	0	0	0	0	0	0	0	0	0	0	0	0	0	0	0	0	0	0	0	0	0	0	0	0	0	0	0	0	0	0	0	0	0	0	0	0	0	0	0	0	0	0	0	0	0	0	0	0	0	0	0	0	0	0	0	0	0	0	0	0	0	0	0	0	0	0	0
0	0	0	0	0	0	0	0	0	0	0	0	0	0	0	0	0	0	0	0	0	0	0.94445673378764	0	0	0	0	0	0	0	0	0	0	0	0	0	0	0	0	0	0	0	0	0	0	0	0	0.994335477282945	0	0	0	0	0	0	0	0	0	0	0	0	0	0	0	0	0	0	0	0	0	0	0	0	0	0	0	0	0	0	0	0	0	0	0	0	0	0	0	0	0	0
0	0	0.850878567598711	0	0	0	0	0	0	0	0	0	0	0	0	0	0	0.818362114253831	0	0	0	0	0	0	0	0	0	0	0	0	0	0	0	0	0	0	0	0	0	0	0	0	0	0	0	0	0	0	0	0	0	0	0	0	0	0	0	0.899622833201751	0	0	0	0	0	0	0	0	0	0	0	0	0	0	0	0	0	0	0	0	0	0	0	0.776313253642239	0	0	0	0	0	0	0.67283206924641	0
0	0	0	0	0	0	0	0	0	0	0	0	0	0	0	0	0	0	0	0	0	0	0.993113454342229	0	0	0	0	0	0	0	0	0	0	0	0	0	0	0	0	0	0	0	0	0	0	0	0	0	0	0	0	0	0	0.991092124295654	0	0	0	0	0	0	0	0	0	0	0	0	0	0	0.990854581557911	0	0	0	0	0	0	0	0	0	0	0	0	0	0	0	0	0	0	0	0	0
0	0	0	0	0	0	0	0	0	0.765825814716575	0	0	0	0	0	0	0	0	0	0	0	0	0.994128072189149	0	0	0	0	0	0	0.884734578957919	0	0	0	0	0	0	0	0	0	0	0	0	0	0	0	0	0	0	0	0	0	0	0	0	0	0	0	0	0	0	0	0	0	0	0	0	0	0	0	0.859251816419872	0	0	0	0	0	0	0	0	0	0	0	0.712291465149813	0	0	0	0	0	0	0	0
0	0	0	0	0	0	0	0	0	0	0	0	0.781085036163534	0	0	0	0	0	0.94445673378764	0	0.993113454342229	0.994128072189149	0	0	0.689460228116359	0	0	0	0	0.895707369427649	0	0	0	0	0	0	0	0	0	0	0	0	0	0	0	0	0	0	0	0	0	0	0	0	0	0	0	0	0	0	0	0	0	0	0	0	0	0	0	0	0	0	0	0	0	0	0	0	0	0	0	0	0	0	0	0	0	0	0	0
0	0	0	0	0	0	0	0	0	0	0	0	0	0	0	0	0	0	0	0	0	0	0	0	0	0	0	0	0	0	0	0	0	0	0	0	0	0	0	0	0	0	0	0	0	0	0	0	0	0	0	0	0	0	0	0	0	0	0	0	0	0	0	0	0	0	0	0	0	0	0	0	0.892002704286114	0	0	0	0	0	0	0	0	0	0	0	0	0	0	0	0	0.686961187862168
0	0	0	0	0	0	0	0	0	0	0	0	0	0	0	0	0	0	0	0	0	0	0.689460228116359	0	0	0	0	0	0	0	0	0	0.962829373213868	0	0	0.991647636365606	0	0	0	0.976438746990974	0	0	0	0	0	0	0	0	0	0	0	0	0	0	0	0	0	0	0	0	0	0	0	0	0	0	0	0	0	0	0	0	0	0	0	0	0	0	0	0	0	0	0	0	0	0	0	0	0	0
0	0	0	0	0	0	0	0	0	0	0	0	0	0	0	0	0	0	0	0	0	0	0	0	0	0	0.620354472174557	0	0	0	0	0	0	0	0	0	0	0	0	0	0.578575910607418	0	0	0	0	0	0	0	0	0	0	0	0	0	0	0	0	0	0	0	0	0	0	0	0	0	0	0	0	0	0	0	0	0	0	0	0	0	0	0	0	0	0	0	0	0	0	0	0	0
0	0	0	0	0	0	0	0	0	0	0	0	0	0	0	0	0	0	0	0	0	0	0	0	0	0.620354472174557	0	0	0	0	0	0	0	0	0.826857381582296	0	0	0	0	0	0	0	0	0	0	0	0	0	0	0	0	0	0.910544503992644	0	0	0	0	0	0	0	0	0	0	0	0	0	0	0	0	0	0	0	0	0	0	0	0	0	0	0.689377746350158	0	0	0	0.992816378937897	0	0	0.997794443686428	0	0	0
0	0	0	0.955700806727768	0	0	0	0.649535927545275	0	0	0	0	0	0	0	0	0	0	0	0	0	0	0	0	0	0	0	0	0	0.905808946148555	0	0	0	0	0	0	0	0	0	0	0	0	0	0	0	0	0	0	0	0	0	0	0	0	0	0	0	0	0	0	0	0	0	0	0	0	0	0	0	0	0	0	0	0	0	0	0	0	0	0	0	0	0	0	0	0	0	0	0	0
0	0	0	0	0	0	0	0	0	0	0	0	0	0	0	0	0	0	0	0	0	0	0	0	0	0	0	0	0	0	0	0	0	0.572640399792739	0	0	0	0	0	0	0	0	0	0	0	0	0	0	0	0	0	0	0	0	0	0	0	0	0	0	0	0	0	0	0	0	0	0	0	0	0	0	0.702053386838266	0	0	0	0	0	0	0	0	0	0	0	0	0	0	0	0	0
0	0	0	0	0	0	0	0	0	0	0	0	0	0	0	0	0	0	0	0	0	0.884734578957919	0.895707369427649	0	0	0	0	0.905808946148555	0	0	0	0.699933262184767	0	0	0	0	0	0	0	0	0	0	0	0	0	0	0	0	0	0	0	0	0	0	0	0	0	0	0	0	0	0	0	0	0	0	0	0	0	0	0	0	0	0	0	0	0	0	0	0	0	0	0	0	0	0	0	0	0	0
0	0	0	0	0	0	0	0.694025398198086	0	0	0	0	0	0	0	0	0	0	0	0	0	0	0	0	0	0	0	0	0	0	0	0	0	0	0	0	0	0	0	0	0	0	0	0	0	0	0	0	0	0	0.810496708391113	0	0	0	0	0	0	0	0	0	0	0	0	0	0	0	0	0	0	0	0	0	0	0	0	0	0	0	0	0	0	0	0	0	0	0	0	0	0	0
0	0	0	0	0	0.750405466273899	0	0	0.835966023031489	0	0	0	0	0	0	0.971147712434626	0	0	0	0	0	0	0	0	0	0	0	0	0	0.699933262184767	0	0	0	0	0	0	0	0	0	0	0	0	0	0	0	0	0	0.877939833468679	0	0	0	0	0	0	0	0	0	0	0	0	0	0	0	0	0	0	0	0	0	0	0	0	0	0	0	0.547546209294185	0	0	0	0	0	0	0	0	0	0	0	0	0	0
0	0	0	0	0	0	0	0	0	0	0	0	0	0	0	0	0	0	0	0	0	0	0	0	0.962829373213868	0	0	0	0	0	0	0	0	0.971092363757975	0	0	0	0	0	0	0	0	0	0	0	0	0	0	0	0	0	0	0	0	0	0	0	0	0	0	0	0	0	0	0	0	0	0	0	0	0	0	0.898488352949105	0	0	0	0	0	0	0	0.993247023122094	0	0	0	0	0	0	0	0	0
0	0	0	0	0	0	0	0	0	0	0	0	0	0	0	0.967186456335861	0	0	0	0	0	0	0	0	0	0	0	0	0.572640399792739	0	0	0	0.971092363757975	0	0	0	0	0	0	0	0	0	0	0	0	0	0	0	0	0	0	0.845457316893429	0	0	0	0	0	0	0	0	0	0	0	0	0	0	0	0	0	0	0	0	0	0	0	0	0	0	0	0	0	0	0	0	0	0	0	0	0	0
0	0	0	0	0	0	0	0	0	0	0	0	0	0	0	0	0	0	0	0	0	0	0	0	0	0	0.826857381582296	0	0	0	0	0	0	0	0	0	0	0	0	0	0	0	0	0	0	0	0	0	0	0	0	0	0	0	0.859771289381175	0	0	0	0.86621929168447	0	0	0	0	0	0	0	0	0	0	0	0	0	0	0	0	0	0	0	0	0	0	0.981185905935006	0	0	0	0	0	0	0	0
0	0	0	0	0	0.82058891034402	0	0	0	0	0	0	0	0	0	0	0	0	0	0	0	0	0	0	0.991647636365606	0	0	0	0	0	0	0	0	0	0	0	0	0	0.73404443866178	0	0	0	0	0.749907694771608	0	0	0	0	0	0	0	0	0	0	0	0	0	0	0	0	0	0	0	0	0	0	0	0	0	0	0	0	0	0	0	0	0	0	0	0	0	0	0	0	0	0	0	0	0	0
0	0	0	0	0	0	0	0	0	0	0	0	0	0	0	0	0	0	0	0	0	0	0	0	0	0	0	0	0	0	0	0	0	0	0	0	0	0	0	0	0	0	0	0	0	0	0	0	0	0	0	0	0	0	0	0	0	0	0	0	0	0	0	0	0	0	0	0	0	0	0	0	0	0	0	0	0	0	0	0	0	0	0	0	0.99624850413607	0	0	0	0	0.765305898504197
0	0	0	0	0	0	0	0	0	0	0	0	0	0	0	0	0	0	0	0	0	0	0	0	0	0	0	0	0	0	0	0	0	0	0	0	0	0	0	0	0	0	0	0	0.834804222550128	0	0	0	0	0	0	0	0	0	0	0	0	0	0	0	0	0	0	0	0	0	0	0	0	0	0	0	0	0	0	0	0	0	0	0	0	0	0	0.870312466726921	0	0	0	0	0	0.864655971452247
0	0	0	0.998396875754038	0	0	0	0	0	0	0	0	0	0	0	0	0	0	0	0	0	0	0	0	0	0	0	0	0	0	0	0	0	0	0	0.73404443866178	0	0	0	0	0	0	0	0	0	0	0	0	0	0	0	0	0	0	0	0	0	0.758202587125724	0	0	0	0	0.981482568988588	0	0	0	0	0	0	0	0	0	0	0	0	0	0	0	0	0	0	0	0	0	0	0	0	0	0	0
0	0	0	0.809396859912094	0	0	0	0	0	0	0	0	0	0	0	0.916588688021307	0	0	0	0	0	0	0	0	0.976438746990974	0	0	0	0	0	0	0	0	0	0	0	0	0	0	0	0	0	0	0	0	0	0	0	0	0	0	0	0	0	0	0	0	0	0	0	0	0	0	0	0	0	0	0.691808509987315	0	0	0	0	0	0.881651780765622	0	0	0	0	0	0	0	0	0	0	0	0	0	0	0	0
0	0	0	0	0	0	0	0	0	0	0	0	0	0	0	0	0	0	0	0	0	0	0	0	0	0.578575910607418	0	0	0	0	0	0	0	0	0	0	0	0	0	0	0	0	0	0	0	0	0	0	0	0	0	0	0	0	0	0	0	0	0	0.691569161153895	0	0	0	0	0	0	0	0	0	0.720186092716525	0	0	0	0	0	0	0	0.691546134550821	0	0	0	0	0	0	0	0	0.8874681258706	0	0	0
0	0	0	0	0	0	0	0.664632235194631	0	0	0	0	0	0	0	0	0	0	0	0	0	0	0	0	0	0	0	0	0	0	0	0	0	0	0	0	0	0	0	0	0	0	0	0	0	0	0	0	0	0	0	0	0	0	0	0	0	0	0	0	0	0	0	0	0	0	0	0	0	0	0	0	0	0	0.905955375654562	0	0	0	0	0	0	0	0	0	0	0	0	0	0	0
0	0	0	0	0	0	0	0	0	0	0	0.847639350872182	0	0	0	0	0	0	0	0	0	0	0	0	0	0	0	0	0	0	0	0	0	0	0	0	0	0	0	0	0	0	0	0	0	0	0	0	0	0	0	0	0.654658235500769	0	0	0	0	0	0	0	0	0	0	0	0	0	0	0	0	0	0	0	0	0	0	0	0	0	0	0	0	0	0	0	0	0	0	0	0	0
0	0	0	0	0	0	0	0	0	0	0	0	0	0	0	0	0	0	0	0	0	0	0	0	0	0	0	0	0	0	0	0	0	0	0	0.749907694771608	0	0	0	0	0	0	0	0	0.898151113540926	0	0	0	0	0	0	0	0	0	0	0	0	0	0	0	0	0	0	0	0	0	0	0	0	0	0	0	0	0	0	0	0	0	0	0	0	0	0	0	0	0.68001175490354	0	0	0	0
0	0	0	0	0	0	0	0	0	0	0	0	0	0	0	0	0	0	0	0	0	0	0	0	0	0	0	0	0	0	0	0	0	0	0	0	0	0.834804222550128	0	0	0	0	0	0.898151113540926	0	0	0	0	0	0	0	0	0	0	0	0	0	0	0	0	0	0	0	0	0	0	0	0	0	0	0	0	0.790900122664275	0	0	0	0	0	0	0	0	0	0.648610263244678	0	0	0	0	0	0	0
0	0	0	0	0	0	0	0	0	0	0	0	0	0	0	0	0	0	0	0	0	0	0	0	0	0	0	0	0	0	0	0	0	0	0	0	0	0	0	0	0	0	0	0	0	0	0	0	0	0	0	0	0	0	0	0	0	0	0	0	0	0	0	0	0	0	0	0	0	0	0	0.918574012379423	0	0	0	0	0	0	0.953822589381489	0	0	0	0	0	0	0	0	0.952812422036976	0	0
0	0	0	0	0	0	0	0	0	0	0.915834989712677	0	0	0	0	0	0	0	0	0	0	0	0	0	0	0	0	0	0	0	0	0	0	0	0	0	0	0	0	0	0	0	0	0	0	0	0	0.725736699068303	0	0	0	0	0	0	0	0	0	0	0	0	0.856615535418825	0	0	0	0	0	0	0	0	0	0	0	0	0	0	0	0	0	0	0	0	0	0	0	0	0	0	0	0	0
0	0	0	0	0	0	0	0	0	0	0	0	0	0	0	0	0	0	0.994335477282945	0	0	0	0	0	0	0	0	0	0	0	0	0.877939833468679	0	0	0	0	0	0	0	0	0	0	0	0	0	0	0.725736699068303	0	0	0	0	0	0	0	0	0	0	0	0.937749817515774	0	0	0	0	0	0	0	0	0.648933029865421	0	0	0	0	0	0	0	0	0	0	0	0	0	0	0	0	0	0	0	0	0	0
0	0	0	0	0	0	0	0	0.850790973108655	0	0	0	0	0	0	0	0	0	0	0	0	0	0	0	0	0	0	0	0	0	0	0	0	0	0	0	0	0	0	0	0	0	0	0	0	0	0	0	0	0	0	0	0	0	0	0	0	0	0	0	0	0	0	0	0	0	0	0	0	0	0	0	0	0	0	0.824976901260214	0	0	0	0	0	0	0	0	0	0.97943876895693	0	0	0	0
0	0	0	0	0	0	0	0	0	0	0	0	0	0	0	0.857838543384424	0	0	0	0	0	0	0	0	0	0	0	0	0	0	0	0	0	0	0	0	0	0	0	0	0	0	0	0	0	0	0	0	0	0	0	0	0.816306810818154	0	0	0	0	0	0	0	0	0	0	0	0	0	0	0	0	0	0	0	0	0	0	0	0	0	0	0	0	0	0	0	0	0	0	0	0	0
0	0	0	0	0	0	0	0	0	0	0	0	0	0	0	0	0	0	0	0	0	0	0	0	0	0	0	0	0	0	0.810496708391113	0	0	0	0	0	0	0	0	0	0	0	0	0	0	0	0	0	0	0	0	0	0	0	0	0	0	0	0	0	0	0	0	0	0	0	0	0	0	0	0.756469206803595	0.957942287326164	0	0	0	0	0	0	0	0	0	0	0	0	0	0	0.791388773759807	0	0	0
0	0	0	0	0	0	0	0	0	0	0	0	0	0	0.830497511661161	0	0	0	0	0	0	0	0	0	0	0	0	0	0	0	0	0	0	0.845457316893429	0	0	0	0	0	0	0	0	0	0	0	0	0	0	0	0	0	0	0	0	0	0	0	0	0	0	0	0	0.717482868771877	0	0	0	0	0	0	0	0	0	0	0	0	0	0	0	0	0	0	0	0	0	0	0	0	0	0	0
0	0	0	0	0	0	0	0	0	0	0	0	0	0	0	0	0	0	0	0	0	0	0	0	0	0	0.910544503992644	0	0	0	0	0	0	0	0	0	0	0	0	0	0	0	0.654658235500769	0	0	0	0	0	0	0.816306810818154	0	0	0	0.773460667383382	0	0	0	0	0	0	0	0	0	0	0	0	0	0	0	0	0	0	0	0	0	0	0	0	0	0.751264103240946	0	0	0	0	0	0	0	0	0	0
0	0	0	0	0	0	0	0	0	0	0	0	0	0	0	0.976221659028356	0.717346017633039	0	0	0	0.991092124295654	0	0	0	0	0	0	0	0	0	0	0	0	0	0	0	0	0	0	0	0	0	0	0	0	0	0	0	0	0	0	0	0.773460667383382	0	0	0	0	0	0.891025409021987	0	0	0	0	0.982275013656625	0	0	0	0	0	0	0	0	0	0	0	0	0	0	0	0	0	0	0	0	0	0	0	0	0	0
0	0	0	0	0	0	0	0	0	0	0	0	0	0	0	0	0	0	0	0	0	0	0	0	0	0	0	0	0	0	0	0	0	0	0.859771289381175	0	0	0	0	0	0	0	0	0	0	0	0	0	0	0	0	0	0	0	0	0	0	0	0	0	0	0	0	0	0	0	0	0	0	0	0	0	0	0	0	0	0	0	0	0	0	0.657012443456139	0	0	0	0	0	0	0	0
0	0	0	0.810039004722892	0	0	0	0	0	0	0	0	0	0	0	0	0	0	0	0	0	0	0	0	0	0	0	0	0	0	0	0	0	0	0	0	0	0	0	0	0	0	0	0	0	0	0	0	0	0	0	0	0	0	0	0	0	0	0	0	0	0	0	0	0	0.708691621741087	0	0	0	0	0	0	0	0	0.97692676407199	0	0	0	0	0	0	0	0	0	0	0	0	0	0	0
0	0	0	0.938490691406476	0	0	0	0	0	0	0	0	0	0	0	0	0.790568271843496	0	0	0	0	0	0	0	0	0	0	0	0	0	0	0	0	0	0	0	0	0	0	0	0	0	0	0	0	0	0	0	0	0	0	0	0	0	0	0	0	0.589194786029871	0	0	0	0	0	0	0	0	0	0	0	0	0.644296153667084	0	0	0	0	0	0	0	0	0	0	0	0.706582890992447	0	0	0	0	0	0	0
0	0	0	0	0	0	0	0	0	0	0	0	0	0	0	0	0.726703270158437	0	0	0.899622833201751	0	0	0	0	0	0	0	0	0	0	0	0	0	0	0	0	0	0	0.758202587125724	0	0	0	0	0	0	0	0	0	0	0	0	0	0	0	0	0	0.589194786029871	0	0.948150318459593	0	0	0	0	0	0	0	0	0	0	0	0	0	0	0	0	0	0	0	0	0	0	0	0	0	0	0	0	0	0	0
0	0	0	0	0	0	0	0	0	0	0	0	0	0	0	0	0	0	0	0	0	0	0	0	0	0	0	0	0	0	0	0	0	0	0.86621929168447	0	0	0	0	0	0	0	0	0	0	0	0	0.937749817515774	0	0	0	0	0	0.891025409021987	0	0	0	0.948150318459593	0	0	0	0	0	0	0	0.877478215523034	0	0	0	0	0	0	0	0	0	0	0	0	0	0	0	0	0	0	0	0	0	0	0	0
0	0	0	0	0	0.629745441418732	0	0	0	0	0	0	0	0	0	0	0	0	0	0	0	0	0	0	0	0	0	0	0	0	0	0	0	0	0	0	0	0	0	0	0.691569161153895	0	0	0	0	0	0	0	0	0	0	0	0	0	0	0	0	0	0	0	0.929803809201211	0.67123278353258	0	0	0.824555239523303	0	0	0	0	0	0	0	0	0	0	0	0	0	0	0	0	0	0	0	0	0	0	0	0	0
0	0	0	0	0	0	0	0	0	0	0	0	0	0	0	0	0	0	0	0	0	0	0	0	0	0	0	0	0	0	0	0	0	0	0	0	0	0	0	0	0	0	0	0	0	0	0.856615535418825	0	0	0	0	0	0	0	0	0	0	0	0	0.929803809201211	0	0	0	0	0	0	0	0	0.799156938387815	0	0	0	0	0	0	0	0	0	0	0	0	0	0	0.816929793814558	0	0	0	0	0	0
0	0	0	0	0	0	0	0	0	0	0	0	0	0	0	0	0	0	0	0	0	0	0	0	0	0	0	0	0	0	0	0	0	0	0	0	0	0	0	0	0	0	0	0	0	0	0	0	0	0	0	0	0	0	0	0	0	0	0	0.67123278353258	0	0	0.859839427689704	0.983908279824312	0	0	0	0	0	0	0	0	0	0	0	0	0	0	0	0	0	0	0	0	0	0	0	0	0	0
0	0	0.913879352829857	0	0	0	0	0	0	0	0	0	0	0	0	0.968263624908837	0	0	0	0	0	0	0	0	0	0	0	0	0	0	0	0	0	0	0	0	0	0	0.981482568988588	0	0	0	0	0	0	0	0	0	0	0	0	0.717482868771877	0	0	0	0	0	0	0	0	0	0.859839427689704	0	0.686709374819033	0	0	0	0	0	0	0	0	0	0	0	0	0	0	0	0	0	0	0	0	0	0	0	0.948865252962947	0	0
0	0	0	0	0	0	0.827806806761927	0	0	0	0	0	0	0	0	0	0	0	0	0	0	0	0	0	0	0	0	0	0	0	0	0	0	0	0	0	0	0	0	0	0	0	0	0	0	0	0	0	0	0	0	0	0	0.982275013656625	0	0	0	0	0	0	0	0.983908279824312	0.686709374819033	0	0	0	0	0	0	0	0.882567509658155	0	0	0	0	0	0.716719771876969	0	0	0	0.926616542210205	0	0	0	0	0	0	0	0.959452342358808	0
0	0	0	0	0	0	0	0	0	0	0	0	0	0	0	0	0	0	0	0	0	0	0	0	0	0	0	0	0	0	0	0	0	0	0	0	0	0	0	0	0	0	0	0	0	0	0	0	0	0	0	0	0	0	0	0	0	0	0	0.824555239523303	0	0	0	0	0	0.902342913800836	0	0	0	0	0	0	0	0	0	0	0	0	0	0	0	0	0	0	0	0	0	0	0	0
0	0	0	0	0	0	0	0	0	0	0	0	0	0	0	0	0	0	0	0	0	0	0	0	0	0	0	0	0	0	0	0	0	0	0	0	0	0	0	0	0	0	0	0	0	0	0	0	0	0	0	0	0	0	0	0.708691621741087	0	0	0.877478215523034	0	0	0	0	0	0.902342913800836	0	0	0	0	0	0	0	0	0	0	0	0.761743513590382	0	0	0	0	0	0	0	0	0	0	0	0	0
0	0	0	0	0	0	0	0	0	0	0.845608138995271	0	0	0	0	0	0	0	0	0	0	0	0	0	0	0	0	0	0	0	0	0	0	0	0	0	0	0	0	0	0	0	0	0	0	0	0	0	0	0	0	0	0	0	0	0	0	0	0	0	0	0	0	0	0	0	0	0.848477979694473	0	0	0	0	0	0	0	0	0	0	0	0	0	0.751688139927298	0	0	0	0	0	0	0	0
0	0	0	0	0	0	0	0	0	0	0	0	0	0	0	0	0	0	0	0	0	0	0	0	0	0	0	0	0	0	0	0	0	0	0	0	0	0	0	0.691808509987315	0	0	0	0	0	0	0	0.648933029865421	0	0	0	0	0	0	0	0	0	0	0	0	0	0	0	0	0	0	0.848477979694473	0	0	0	0	0	0	0	0	0	0	0	0	0	0	0	0	0	0	0	0	0	0	0
0	0	0	0	0	0	0	0	0	0	0	0	0.793486400225893	0	0	0	0	0	0	0	0.990854581557911	0	0	0	0	0	0	0	0	0	0	0	0	0	0	0	0	0	0	0	0	0	0	0	0	0	0	0	0	0	0	0	0	0	0	0	0	0	0	0	0.799156938387815	0	0	0	0	0	0	0	0	0	0	0	0	0	0	0	0	0	0	0	0	0	0	0	0	0	0	0	0	0
0	0	0	0	0	0	0	0	0	0	0	0	0	0	0	0	0	0	0	0	0	0.859251816419872	0	0	0	0	0	0	0	0	0	0	0	0	0	0	0	0	0	0	0.720186092716525	0	0	0	0	0	0	0	0	0	0	0	0	0	0	0	0	0	0	0	0	0	0	0	0	0	0	0	0	0	0	0	0	0	0	0	0	0	0	0	0	0	0	0	0	0	0	0	0	0
0	0.744060057840145	0.833618050294405	0	0	0	0.784829128373185	0	0	0	0	0	0	0	0	0	0	0	0	0	0	0	0	0	0	0	0	0	0	0	0	0	0	0	0	0	0	0	0	0	0	0	0	0	0	0	0	0	0	0	0.756469206803595	0	0	0	0	0	0.644296153667084	0	0	0	0	0	0	0.882567509658155	0	0	0	0	0	0	0	0.61035207574789	0	0	0	0	0	0	0	0	0	0	0	0	0	0	0	0	0	0
0	0	0	0	0	0	0	0	0	0	0	0	0	0	0	0	0	0	0	0	0	0	0	0	0	0	0	0	0	0	0	0	0	0	0	0	0	0	0	0	0	0	0	0	0	0.918574012379423	0	0	0	0	0.957942287326164	0	0	0	0	0	0	0	0	0	0	0	0	0	0	0	0	0	0	0	0.61035207574789	0	0	0	0	0	0	0	0	0	0	0	0	0	0	0	0	0	0	0
0	0	0	0.752440069882478	0	0	0	0	0	0	0	0	0	0	0	0	0	0	0	0	0	0	0	0.892002704286114	0	0	0	0	0.702053386838266	0	0	0	0.898488352949105	0	0	0	0	0	0	0	0	0	0	0	0.790900122664275	0	0	0	0	0	0	0	0	0	0	0	0	0	0	0	0	0	0	0	0	0	0	0	0	0	0	0	0	0.836748105410143	0	0	0	0.90829076721487	0	0	0	0	0	0	0	0	0	0	0	0
0	0	0	0	0	0	0	0	0	0	0.544400517352626	0	0	0	0	0	0	0	0	0	0	0	0	0	0	0	0	0	0	0	0	0	0	0	0	0	0	0	0	0.881651780765622	0	0	0	0	0	0	0	0	0	0	0	0	0	0	0	0	0	0	0	0	0	0	0	0	0	0	0	0	0	0	0	0	0.836748105410143	0	0	0	0	0.925876129852656	0	0	0	0	0	0	0	0	0	0	0	0
0	0	0	0	0	0	0	0	0	0	0	0	0.620674317232909	0	0	0	0	0	0	0	0	0	0	0	0	0	0	0	0	0	0	0	0	0	0	0	0	0	0	0	0	0.905955375654562	0	0	0	0	0	0	0	0	0	0	0	0	0	0.97692676407199	0	0	0	0	0	0	0	0	0	0	0	0	0	0	0	0	0	0	0	0	0	0	0	0	0	0	0	0	0	0	0	0	0	0
0	0	0	0	0	0.986914527432289	0	0	0	0	0	0	0	0	0	0	0	0	0	0	0	0	0	0	0	0	0	0	0	0	0	0.547546209294185	0	0	0	0	0	0	0	0	0	0	0	0	0	0	0	0	0.824976901260214	0	0	0	0	0	0	0	0	0	0	0	0	0	0	0	0	0	0	0	0	0	0	0	0	0	0	0	0	0	0	0	0	0	0	0	0	0	0	0	0	0
0	0	0	0	0	0	0	0	0	0	0	0	0	0	0.829533640192219	0	0	0	0	0	0	0	0	0	0	0	0	0	0	0	0	0	0	0	0	0	0	0	0	0	0	0	0	0	0	0	0	0	0	0	0	0	0	0	0	0	0	0	0	0	0	0	0	0.716719771876969	0	0.761743513590382	0	0	0	0	0	0	0	0	0	0	0	0	0	0	0.880115699747283	0	0	0	0	0	0	0	0	0
0	0	0	0	0	0	0	0	0	0	0	0	0	0	0	0	0	0	0	0	0	0	0	0	0	0	0	0	0	0	0	0	0	0	0	0	0	0	0	0	0.691546134550821	0	0	0	0	0	0	0	0	0	0	0	0	0	0	0	0	0	0	0	0	0	0	0	0	0	0	0	0	0	0	0	0.90829076721487	0.925876129852656	0	0	0	0	0.723424748376842	0	0	0	0	0	0	0	0	0	0	0
0	0	0	0	0	0	0	0.88313404443353	0	0	0	0	0	0	0	0	0	0	0	0	0	0	0	0	0	0	0	0	0	0	0	0	0	0	0	0	0	0	0	0	0	0	0	0	0	0.953822589381489	0	0	0	0	0	0	0	0	0	0	0	0	0	0	0	0	0	0	0	0	0	0	0	0	0	0	0	0	0	0	0	0.723424748376842	0	0	0	0	0	0	0	0.894718240625043	0	0	0	0
0	0	0	0	0	0	0	0	0	0	0	0	0	0	0	0	0	0	0	0	0	0	0	0	0	0	0.689377746350158	0	0	0	0	0	0	0	0	0	0	0	0	0	0	0	0	0	0	0	0	0	0	0	0	0	0.751264103240946	0	0	0	0	0	0	0	0	0	0	0	0	0	0	0	0	0	0	0	0	0	0	0	0	0	0	0	0	0.897902025333236	0	0	0	0	0	0	0	0
0.91011788599833	0	0	0	0	0	0	0	0	0	0	0	0	0	0	0	0	0	0	0	0	0	0	0	0	0	0	0	0	0	0	0	0.993247023122094	0	0	0	0	0	0	0	0	0	0	0	0	0	0	0	0	0	0	0	0	0	0	0	0	0	0	0	0	0	0	0.926616542210205	0	0	0	0	0	0	0	0	0	0	0	0	0.880115699747283	0	0	0	0	0	0	0	0	0	0	0	0	0
0	0	0	0	0	0	0	0	0	0	0	0	0	0.819736964825757	0	0	0	0	0	0.776313253642239	0	0.712291465149813	0	0	0	0	0	0	0	0	0	0	0	0	0.981185905935006	0	0	0	0	0	0	0	0	0	0	0	0	0	0	0	0	0	0	0	0.657012443456139	0	0	0	0	0	0	0	0	0	0	0	0.751688139927298	0	0	0	0	0	0	0	0	0	0	0	0	0.897902025333236	0	0	0	0	0	0	0	0	0	0
0	0	0	0	0	0	0	0	0	0	0	0	0	0	0	0	0	0	0	0	0	0	0	0	0	0	0	0	0	0	0	0	0	0	0	0	0	0	0	0	0	0	0	0	0.648610263244678	0	0	0	0	0	0	0	0	0	0	0	0.706582890992447	0	0	0	0	0	0	0	0	0	0	0	0	0	0	0	0	0	0	0	0	0	0	0	0	0	0	0	0	0	0	0	0	0
0	0	0	0	0	0	0	0	0	0	0	0	0	0	0	0	0	0	0	0	0	0	0	0	0	0	0.992816378937897	0	0	0	0	0	0	0	0	0	0	0.870312466726921	0	0	0	0	0	0	0	0	0	0	0	0	0	0	0	0	0	0	0	0	0	0	0.816929793814558	0	0	0	0	0	0	0	0	0	0	0	0	0	0	0	0	0	0	0	0	0	0	0	0	0.987050614410142	0	0.891882990401049	0	0
0	0.72453306763165	0	0	0	0	0	0	0	0	0	0	0	0	0	0	0	0	0	0	0	0	0	0	0	0	0	0	0	0	0	0	0	0	0	0	0.99624850413607	0	0	0	0	0	0	0	0	0	0	0	0	0	0	0	0	0	0	0	0	0	0	0	0	0	0	0	0	0	0	0	0	0	0	0	0	0	0	0	0	0	0	0	0	0	0	0	0	0	0.92672145608406	0	0	0
0	0	0	0	0	0	0	0	0	0	0	0	0	0	0	0	0	0	0	0	0	0	0	0	0	0	0	0	0	0	0	0	0	0	0	0	0	0	0	0	0	0	0	0.68001175490354	0	0	0	0	0.97943876895693	0	0	0	0	0	0	0	0	0	0	0	0	0	0	0	0	0	0	0	0	0	0	0	0	0	0	0	0	0	0.894718240625043	0	0	0	0	0.987050614410142	0	0	0	0.608162336604658	0	0
0	0	0	0	0	0	0	0	0	0	0	0	0	0	0	0	0	0	0	0	0	0	0	0	0	0	0.997794443686428	0	0	0	0	0	0	0	0	0	0	0	0	0	0.8874681258706	0	0	0	0	0	0	0	0	0	0.791388773759807	0	0	0	0	0	0	0	0	0	0	0	0	0	0	0	0	0	0	0	0	0	0	0	0	0	0	0	0	0	0	0	0	0	0.92672145608406	0	0	0	0	0
0	0	0	0	0	0	0	0	0	0	0	0	0	0	0	0	0	0	0	0	0	0	0	0	0	0	0	0	0	0	0	0	0	0	0	0	0	0	0	0	0	0	0	0	0	0.952812422036976	0	0	0	0	0	0	0	0	0	0	0	0	0	0	0	0	0.948865252962947	0	0	0	0	0	0	0	0	0	0	0	0	0	0	0	0	0	0	0	0	0.891882990401049	0	0.608162336604658	0	0	0	0
0	0	0	0	0	0	0	0	0	0	0	0	0	0	0	0	0	0	0	0.67283206924641	0	0	0	0	0	0	0	0	0	0	0	0	0	0	0	0	0	0	0	0	0	0	0	0	0	0	0	0	0	0	0	0	0	0	0	0	0	0	0	0	0	0	0	0.959452342358808	0	0	0	0	0	0	0	0	0	0	0	0	0	0	0	0	0	0	0	0	0	0	0	0	0	0
0	0.725351655078133	0	0	0	0	0	0	0	0	0.893249958301359	0	0	0	0	0	0	0	0	0	0	0	0	0.686961187862168	0	0	0	0	0	0	0	0	0	0	0	0	0.765305898504197	0.864655971452247	0	0	0	0	0	0	0	0	0	0	0	0	0	0	0	0	0	0	0	0	0	0	0	0	0	0	0	0	0	0	0	0	0	0	0	0	0	0	0	0	0	0	0	0	0	0	0	0	0	0	0	0
