0	0	0	0	0	0	0	0	0	0	0	0	0.751739474008499	0	0	0	0	0	0	0	0	0	0	0	0	0	0	0	0	0	0	0	0	0	0	0	0	0	0	0	0	0	0	0.892930445049168	0	0	0	0	0	0	0	0	0	0	0	0	0	0	0	0	0	0	0	0	0	0	0	0	0	0	0	0	0	0	0	0	0	0	0	0	0	0	0.956087357314373	0	0	0	0	0	0.904149916757633	0
0	0	0	0	0	0	0	0	0	0	0	0	0	0	0	0.797878908209869	0	0	0	0	0	0.72998248450739	0	0.895234862628506	0	0	0	0	0	0	0	0	0	0	0	0	0	0	0	0	0	0	0	0	0	0	0	0	0.829926528276835	0	0	0	0	0	0	0	0	0	0	0	0	0	0	0	0	0	0	0	0	0	0	0	0	0	0	0	0	0	0	0	0	0	0	0	0	0	0	0	0	0
0	0	0	0	0	0	0	0	0	0	0	0	0	0	0	0	0	0	0	0	0	0	0	0	0	0	0	0	0	0	0	0	0	0	0	0	0	0	0	0	0	0.734427666568676	0	0	0	0	0	0	0	0	0	0	0	0	0	0	0.613817221085864	0	0	0	0	0	0	0	0	0	0	0	0	0	0	0	0	0	0	0	0	0	0	0	0	0	0	0	0	0	0.803368809633074	0	0	0
0	0	0	0	0	0.64313894551294	0	0	0	0	0	0	0	0	0	0	0	0	0	0	0	0	0	0	0	0	0	0	0	0	0	0	0	0	0	0	0	0	0.945078929682815	0	0	0	0	0	0	0	0	0	0	0	0	0	0	0	0	0	0	0	0	0	0	0	0	0	0	0	0	0	0	0	0.875408988719167	0	0	0	0.824636820663287	0	0	0	0	0	0	0	0	0	0	0	0	0	0	0
0	0	0	0	0	0	0	0	0	0.878833038283441	0	0	0	0	0	0	0	0	0	0	0	0	0	0	0.827231700503026	0	0	0	0	0	0	0	0	0	0	0	0	0	0	0	0	0	0	0	0	0	0	0.990451472726219	0	0	0	0	0	0	0	0	0	0	0	0	0	0	0	0	0	0	0	0	0	0	0	0	0	0	0	0	0	0	0	0	0	0	0	0	0	0	0	0	0	0
0	0	0	0.64313894551294	0	0	0	0.972417168191907	0	0	0	0	0	0	0	0	0	0	0	0	0	0	0	0	0	0	0	0	0	0	0	0	0	0	0	0	0	0	0	0	0	0	0	0	0	0	0	0.844280522906341	0	0	0	0	0	0	0	0	0	0	0	0	0	0	0	0	0	0	0	0	0	0	0	0	0	0	0	0	0	0	0	0	0	0	0	0	0	0	0	0	0	0
0	0	0	0	0	0	0	0.979294640778475	0	0	0	0	0	0	0	0	0	0	0	0	0	0	0	0	0	0	0	0	0	0	0	0	0	0	0	0	0	0.65919367899651	0	0	0	0	0.843607823924771	0	0	0	0	0	0	0	0	0	0	0	0	0	0	0	0	0	0	0	0	0	0	0	0	0	0	0	0	0	0	0	0	0	0	0	0	0	0	0	0	0	0	0	0	0	0	0
0	0	0	0	0	0.972417168191907	0.979294640778475	0	0	0	0	0	0	0	0	0	0	0	0	0	0	0	0	0	0	0	0	0	0	0	0	0	0	0	0	0	0	0	0	0	0	0.92161917689571	0	0	0	0	0	0	0	0	0	0	0	0	0	0	0	0	0	0	0	0	0	0	0.725028361087866	0	0	0	0	0	0	0	0	0	0	0	0	0	0	0	0	0	0	0.759644696178363	0	0	0	0	0	0
0	0	0	0	0	0	0	0	0	0.690736582020108	0	0	0	0	0	0	0	0	0	0	0	0	0	0	0	0	0	0	0	0	0	0	0	0	0	0	0	0	0	0	0	0	0	0	0	0	0	0	0	0	0	0	0	0	0	0	0	0	0	0	0	0	0	0	0	0	0	0	0	0	0	0.99948312587196	0	0	0	0	0	0	0	0.958723741687367	0	0	0	0	0	0	0	0	0	0
0	0	0	0	0.878833038283441	0	0	0	0.690736582020108	0	0	0.655399953239998	0	0	0	0	0	0	0	0	0	0	0	0	0	0	0	0	0	0	0.977416920190184	0	0	0	0	0	0	0	0.720813709062993	0	0	0.791517191959579	0	0	0	0	0	0	0	0	0	0	0	0	0	0	0	0	0	0	0	0	0	0	0	0	0	0	0	0.651435843407943	0	0	0	0	0	0	0	0	0	0	0	0	0	0	0	0	0	0	0	0
0	0	0	0	0	0	0	0	0	0	0	0	0	0	0	0	0	0	0	0	0	0	0	0	0	0	0	0	0	0	0	0	0	0	0	0	0	0	0	0	0	0	0	0	0	0	0	0	0	0	0	0	0.817718917777235	0	0	0	0	0	0	0	0	0	0	0	0	0	0	0.94142808762955	0	0	0	0	0	0	0.927203900902535	0	0	0	0	0	0	0	0	0	0	0	0	0	0	0
0	0	0	0	0	0	0	0	0	0.655399953239998	0	0	0	0	0	0	0	0	0	0.81913333556658	0	0	0	0	0	0	0	0	0	0.579466018781699	0	0	0	0	0	0	0	0	0	0	0	0	0	0	0	0	0	0	0	0	0	0	0	0	0	0	0	0	0	0	0	0	0	0	0	0	0	0	0	0	0	0	0	0	0	0.584250955078376	0	0	0	0	0	0	0	0	0	0	0	0	0	0
0.751739474008499	0	0	0	0	0	0	0	0	0	0	0	0	0	0	0	0	0	0	0	0	0	0	0	0	0	0	0	0	0.703213453157639	0	0	0	0	0.847665051828112	0	0	0.893249656036292	0	0	0	0	0	0	0	0	0	0	0	0	0	0	0	0	0	0	0	0	0	0	0	0.633967387153389	0	0	0	0	0	0	0	0	0	0	0	0	0	0	0	0	0	0	0	0	0	0	0	0	0	0	0	0
0	0	0	0	0	0	0	0	0	0	0	0	0	0	0	0	0	0	0	0	0	0	0	0	0	0	0	0	0	0	0	0	0	0	0	0	0	0	0	0	0	0	0	0	0	0	0	0	0	0	0	0	0	0	0	0	0.954839105988846	0	0	0	0	0	0	0	0	0	0	0	0.744752860337045	0	0	0	0	0	0	0	0	0	0	0	0	0	0	0	0	0	0	0	0	0
0	0	0	0	0	0	0	0	0	0	0	0	0	0	0	0	0	0	0	0	0	0	0	0	0	0	0	0	0.728238291117664	0	0	0	0	0	0	0	0	0	0	0	0	0	0.781386522613727	0	0	0	0	0	0	0	0	0	0.623616182814724	0	0.727985422534129	0	0	0	0	0	0	0	0	0	0	0	0	0	0	0	0	0	0	0	0	0	0	0	0	0	0	0	0	0	0	0	0	0	0	0
0	0.797878908209869	0	0	0	0	0	0	0	0	0	0	0	0	0	0	0	0	0.831329136695287	0	0	0	0	0	0	0	0	0	0	0	0	0	0	0	0	0	0	0	0	0	0	0	0	0	0	0	0	0	0	0	0	0	0	0	0	0	0	0	0	0	0	0	0	0	0	0	0	0	0	0	0	0	0	0	0	0	0.74370691581448	0	0	0	0	0	0	0	0.982342818487305	0	0	0	0	0
0	0	0	0	0	0	0	0	0	0	0	0	0	0	0	0	0	0	0	0	0	0	0	0	0	0	0	0	0	0.853065027564757	0	0	0	0	0	0	0	0	0.825655812151993	0	0	0	0	0	0	0	0	0	0	0	0	0	0	0	0	0	0	0	0	0	0	0	0	0	0	0	0	0	0	0	0	0	0	0	0	0	0	0	0	0	0	0	0	0	0	0	0	0	0	0
0	0	0	0	0	0	0	0	0	0	0	0	0	0	0	0	0	0	0.959964566271445	0	0	0	0.787575489278241	0	0	0	0	0	0	0	0	0	0	0	0	0	0	0	0	0	0	0	0	0	0.954325384599146	0	0	0	0	0	0	0	0	0	0	0	0	0	0	0	0	0	0	0	0	0	0	0	0.975219114045918	0	0	0	0	0	0	0	0	0	0	0	0	0.823371145424497	0	0	0	0	0	0	0	0
0	0	0	0	0	0	0	0	0	0	0	0	0	0	0	0.831329136695287	0	0.959964566271445	0	0	0	0	0	0.631401979225631	0	0	0	0	0	0	0	0	0	0	0	0	0	0	0	0	0	0	0	0	0	0	0	0	0	0	0	0	0	0	0	0.844353178113491	0	0	0	0	0	0.844782432466169	0	0	0	0	0.683329783072454	0	0	0	0	0.83413588314986	0	0	0	0	0	0	0	0	0	0	0	0	0	0	0	0	0	0
0	0	0	0	0	0	0	0	0	0	0	0.81913333556658	0	0	0	0	0	0	0	0	0	0	0.748382028522446	0	0	0	0	0	0	0	0	0	0	0	0	0	0	0	0	0	0	0	0	0	0	0	0	0	0	0	0	0	0	0	0	0	0	0	0	0	0	0	0	0	0	0	0	0	0	0	0	0	0	0	0	0	0	0	0	0	0	0	0	0	0	0	0	0	0	0
0	0	0	0	0	0	0	0	0	0	0	0	0	0	0	0	0	0	0	0	0	0	0	0	0.530092593238796	0	0	0	0	0	0	0.927703524812986	0	0	0	0	0	0	0	0	0	0	0	0	0	0	0	0	0	0	0	0	0	0	0	0	0	0.687553717645767	0.779919150106152	0	0	0	0	0	0	0	0	0	0	0	0	0	0	0	0	0	0	0	0	0	0	0	0	0	0	0	0	0	0	0
0	0.72998248450739	0	0	0	0	0	0	0	0	0	0	0	0	0	0	0	0	0	0	0	0	0	0	0	0	0	0	0	0	0	0	0	0	0	0	0	0	0	0	0	0	0	0	0	0	0	0	0	0.686528267799674	0	0	0	0	0	0	0	0	0	0	0	0	0	0	0	0	0	0	0.961286574782916	0	0	0	0	0	0	0	0	0	0	0	0	0	0	0	0	0	0	0	0	0
0	0	0	0	0	0	0	0	0	0	0	0	0	0	0	0	0	0.787575489278241	0	0.748382028522446	0	0	0	0	0	0	0	0	0	0	0	0	0	0	0	0	0	0	0	0	0	0.948517249677248	0	0	0	0	0	0	0	0	0	0	0	0	0	0	0	0	0	0.928874046790688	0	0	0	0	0	0	0	0	0	0	0	0	0	0	0	0	0.91663675947705	0	0	0	0	0	0	0	0	0	0	0	0	0
0	0.895234862628506	0	0	0	0	0	0	0	0	0	0	0	0	0	0	0	0	0.631401979225631	0	0	0	0	0	0	0.669744632408074	0	0	0	0	0	0	0	0	0	0	0	0	0	0	0	0	0	0	0	0	0	0	0	0	0	0	0	0	0	0	0	0	0	0	0	0	0	0	0	0	0	0	0	0	0	0	0	0	0	0	0	0	0	0	0	0	0	0	0	0	0	0	0	0
0	0	0	0	0.827231700503026	0	0	0	0	0	0	0	0	0	0	0	0	0	0	0	0.530092593238796	0	0	0	0	0.995027255552183	0	0	0	0	0	0	0	0	0	0	0	0	0	0	0	0	0	0	0	0	0	0	0	0	0.870650003887598	0	0	0	0	0	0	0	0	0	0	0	0	0	0	0	0	0	0	0	0	0	0	0	0	0	0	0	0	0	0	0	0	0	0	0	0	0	0	0
0	0	0	0	0	0	0	0	0	0	0	0	0	0	0	0	0	0	0	0	0	0	0	0.669744632408074	0.995027255552183	0	0	0	0.930693021081905	0	0	0	0	0	0	0.53992279392989	0	0	0	0	0.823073398223911	0	0	0	0	0	0	0	0	0	0	0	0	0	0	0	0	0	0	0	0	0	0	0	0	0	0	0	0	0	0	0	0	0	0	0	0	0	0	0	0	0	0	0	0	0	0	0	0	0
0	0	0	0	0	0	0	0	0	0	0	0	0	0	0	0	0	0	0	0	0	0	0	0	0	0	0	0.803556725367813	0.702668220465676	0	0	0	0	0	0	0	0	0	0	0	0	0	0	0	0	0	0	0.849152453374597	0	0	0	0	0	0	0	0	0	0	0	0	0.972586197116482	0	0	0	0	0	0.71339138794509	0	0	0	0	0	0	0	0	0	0	0	0	0	0	0	0	0	0	0	0	0	0	0
0	0	0	0	0	0	0	0	0	0	0	0	0	0	0	0	0	0	0	0	0	0	0	0	0	0	0.803556725367813	0	0	0.769268838797257	0	0	0	0	0	0	0	0	0	0	0	0	0	0	0	0	0	0	0	0	0	0	0	0	0	0	0	0	0	0	0	0	0	0	0	0	0	0	0	0	0	0	0	0	0	0	0	0	0.644549880687373	0	0	0.833999284277083	0	0	0.600022845369979	0	0	0	0	0
0	0	0	0	0	0	0	0	0	0	0	0	0	0	0.728238291117664	0	0	0	0	0	0	0	0	0	0	0.930693021081905	0.702668220465676	0	0	0.651477135226022	0	0	0	0	0	0	0	0	0	0	0	0	0	0	0.907005054281107	0	0	0	0	0	0	0	0	0	0	0	0	0	0	0	0	0	0	0	0	0	0	0.592748589449602	0	0	0	0	0	0	0	0	0	0	0	0	0	0	0	0	0	0.785354854804404	0	0	0	0
0	0	0	0	0	0	0	0	0	0	0	0.579466018781699	0.703213453157639	0	0	0	0.853065027564757	0	0	0	0	0	0	0	0	0	0	0.769268838797257	0.651477135226022	0	0	0	0	0	0	0	0	0	0	0	0	0	0	0	0	0	0	0	0	0	0	0	0	0	0	0	0	0	0.771758817282032	0	0	0	0	0	0	0	0	0.964259928154942	0	0	0	0	0	0	0	0	0	0	0	0	0	0	0	0	0	0	0	0	0	0
0	0	0	0	0	0	0	0	0	0.977416920190184	0	0	0	0	0	0	0	0	0	0	0	0	0	0	0	0	0	0	0	0	0	0	0	0	0	0	0	0	0	0	0	0	0	0	0	0	0	0	0	0	0	0.926353661694779	0	0	0	0	0	0	0.756666763609172	0	0	0	0	0	0	0	0	0	0	0	0	0	0	0	0	0	0	0	0	0	0.847293283821614	0	0	0	0	0	0	0	0	0
0	0	0	0	0	0	0	0	0	0	0	0	0	0	0	0	0	0	0	0	0.927703524812986	0	0	0	0	0	0	0	0	0	0	0	0	0.950968013511963	0	0	0	0	0	0	0	0	0	0	0	0	0	0	0	0	0	0	0	0	0	0	0	0	0	0	0	0	0	0	0	0	0	0	0	0	0	0	0	0	0	0	0	0	0	0	0	0	0	0	0	0	0	0	0	0
0	0	0	0	0	0	0	0	0	0	0	0	0	0	0	0	0	0	0	0	0	0	0	0	0	0	0	0	0	0	0	0	0	0	0	0	0	0	0	0	0	0	0	0	0	0	0	0	0	0	0	0	0	0	0	0	0	0	0	0.822110050894368	0	0	0	0.895050530317486	0	0	0	0	0	0	0	0	0	0	0	0	0	0	0	0	0	0	0	0	0	0	0	0	0	0
0	0	0	0	0	0	0	0	0	0	0	0	0	0	0	0	0	0	0	0	0	0	0	0	0	0	0	0	0	0	0	0.950968013511963	0	0	0.957969773527208	0	0	0	0	0	0	0	0	0	0	0	0	0	0	0.998659152325308	0	0	0	0	0	0	0	0	0	0	0	0	0	0	0	0	0	0	0	0	0	0	0	0	0	0	0	0	0	0	0	0	0	0	0	0	0	0	0	0
0	0	0	0	0	0	0	0	0	0	0	0	0.847665051828112	0	0	0	0	0	0	0	0	0	0	0	0	0	0	0	0	0	0	0	0	0.957969773527208	0	0	0.991795938146499	0	0	0	0	0	0	0	0	0.963427489081237	0	0	0	0	0	0	0	0	0	0	0	0	0	0	0	0	0.938821831525621	0	0	0	0	0	0.558370384845442	0	0	0	0	0	0	0	0	0.848935314227336	0	0	0	0	0	0	0	0	0	0	0	0
0	0	0	0	0	0	0	0	0	0	0	0	0	0	0	0	0	0	0	0	0	0	0	0	0	0.53992279392989	0	0	0	0	0	0	0	0	0	0	0	0	0	0	0	0	0	0	0.949853509498327	0	0	0	0	0	0	0	0	0	0	0	0	0.96868472672669	0	0	0	0	0	0	0	0	0	0	0	0	0	0	0.905705783476323	0.836267774687283	0	0	0	0.646533988421674	0	0	0	0	0	0	0	0	0	0	0	0
0	0	0	0	0	0	0	0	0	0	0	0	0	0	0	0	0	0	0	0	0	0	0	0	0	0	0	0	0	0	0	0	0	0	0.991795938146499	0	0	0	0	0.910921226256438	0	0	0	0.871201988409743	0	0	0	0.685145754304235	0	0	0	0	0.846652934498879	0	0	0	0	0	0	0	0	0	0	0	0	0	0	0	0	0	0	0	0	0	0	0	0	0	0	0	0	0	0	0	0	0	0	0	0	0
0	0	0	0	0	0	0.65919367899651	0	0	0	0	0	0.893249656036292	0	0	0	0	0	0	0	0	0	0	0	0	0	0	0	0	0	0	0	0	0	0	0	0	0	0	0	0	0	0	0	0	0	0	0	0	0	0	0	0	0	0	0	0	0	0	0	0	0	0	0	0	0	0	0	0	0	0	0	0	0	0	0	0	0	0	0	0	0.676570818714235	0	0	0	0	0	0	0	0
0	0	0	0.945078929682815	0	0	0	0	0	0.720813709062993	0	0	0	0	0	0	0.825655812151993	0	0	0	0	0	0	0	0	0	0	0	0	0	0	0	0	0	0	0	0	0	0	0	0	0	0	0	0	0	0	0	0	0	0	0	0	0	0	0	0	0	0	0	0	0	0	0	0	0	0	0	0	0	0	0	0	0	0	0	0	0	0	0	0	0	0	0	0	0	0	0	0	0
0	0	0	0	0	0	0	0	0	0	0	0	0	0	0	0	0	0	0	0	0	0	0	0	0	0	0	0	0	0	0	0	0	0	0	0	0.910921226256438	0	0	0	0	0	0	0	0	0	0	0	0	0	0	0	0	0	0	0	0	0	0	0	0	0	0	0	0	0	0	0	0	0	0	0	0	0	0	0	0	0	0	0	0	0	0	0	0	0.638611518300387	0	0	0	0
0	0	0	0	0	0	0	0	0	0	0	0	0	0	0	0	0	0	0	0	0	0	0	0	0	0.823073398223911	0	0	0	0	0	0	0	0	0	0	0	0	0	0	0	0	0	0	0	0	0	0	0	0	0	0	0	0	0.922386188833554	0	0	0	0	0	0	0	0	0	0	0	0	0	0	0	0	0	0.741227503206991	0	0	0	0.732359615256034	0	0	0	0	0	0	0	0	0	0	0.947795192201275	0	0
0	0	0.734427666568676	0	0	0	0	0.92161917689571	0	0.791517191959579	0	0	0	0	0	0	0	0	0	0	0	0	0.948517249677248	0	0	0	0	0	0	0	0	0	0	0	0	0	0	0	0	0	0	0	0	0	0	0	0.987705686892674	0	0	0	0	0	0	0	0.723243478870549	0	0	0	0	0	0	0	0	0	0	0	0	0	0	0	0	0	0	0	0	0	0	0	0	0	0	0	0	0	0	0	0	0	0	0
0	0	0	0	0	0	0.843607823924771	0	0	0	0	0	0	0	0.781386522613727	0	0	0	0	0	0	0	0	0	0	0	0	0	0	0	0	0	0	0	0	0	0	0	0	0	0	0	0	0	0	0	0	0	0	0	0	0	0	0	0	0	0	0	0	0	0	0	0	0	0	0	0	0	0	0	0.560444906150957	0	0	0	0	0	0	0	0	0	0	0	0	0	0	0	0	0	0	0
0.892930445049168	0	0	0	0	0	0	0	0	0	0	0	0	0	0	0	0	0	0	0	0	0	0	0	0	0	0	0	0	0	0	0	0	0	0	0	0.871201988409743	0	0	0	0	0	0	0	0	0	0	0	0	0	0	0	0.989040464184196	0	0	0	0	0	0	0	0	0	0	0	0	0	0	0	0	0.600942489848471	0	0	0	0	0	0	0	0	0	0	0	0	0	0	0	0	0	0	0	0
0	0	0	0	0	0	0	0	0	0	0	0	0	0	0	0	0	0.954325384599146	0	0	0	0	0	0	0	0	0	0	0.907005054281107	0	0	0	0	0	0	0.949853509498327	0	0	0	0	0	0	0	0	0	0	0	0	0	0	0	0	0	0	0	0	0	0	0	0	0	0	0	0	0	0	0	0	0	0	0	0	0	0	0	0	0	0	0	0	0	0	0	0	0	0	0	0	0	0
0	0	0	0	0	0	0	0	0	0	0	0	0	0	0	0	0	0	0	0	0	0	0	0	0	0	0	0	0	0	0	0	0	0	0.963427489081237	0	0	0	0	0	0	0	0	0	0	0	0	0	0	0	0	0	0	0	0	0	0	0	0	0	0	0	0	0	0	0	0	0	0	0	0	0.706877975000494	0	0	0	0	0	0	0	0	0	0	0	0	0	0	0	0	0	0.650905954686092
0	0	0	0	0	0	0	0	0	0	0	0	0	0	0	0	0	0	0	0	0	0	0	0	0	0	0	0	0	0	0	0	0	0	0	0	0	0	0	0	0	0.987705686892674	0	0	0	0	0	0	0.796501360716939	0	0	0	0	0	0	0	0	0	0	0	0	0	0	0	0	0	0	0	0	0	0	0	0	0	0	0	0	0	0.624098210000597	0	0	0	0	0	0	0	0	0	0	0
0	0	0	0	0.990451472726219	0.844280522906341	0	0	0	0	0	0	0	0	0	0	0	0	0	0	0	0	0	0	0	0	0.849152453374597	0	0	0	0	0	0	0	0	0	0.685145754304235	0	0	0	0	0	0	0	0	0	0	0	0	0	0	0	0	0	0	0	0	0	0	0	0	0	0	0	0.695140291510754	0	0	0	0	0	0	0	0	0	0	0	0	0	0	0	0	0	0	0.859947499333275	0	0	0	0	0	0
0	0.829926528276835	0	0	0	0	0	0	0	0	0	0	0	0	0	0	0	0	0	0	0	0	0	0	0	0	0	0	0	0	0	0	0	0	0	0	0	0	0	0	0	0	0	0	0	0	0.796501360716939	0	0	0.922524512694073	0	0	0	0	0	0	0	0	0	0	0	0	0	0	0	0	0	0	0	0	0	0	0.827296961199059	0	0	0	0	0	0	0	0	0	0	0	0	0	0	0	0	0
0	0	0	0	0	0	0	0	0	0	0	0	0	0	0	0	0	0	0	0	0	0.686528267799674	0	0	0	0	0	0	0	0	0	0	0	0.998659152325308	0	0	0	0	0	0	0	0	0	0	0	0	0	0	0.922524512694073	0	0.90291225018819	0	0	0	0	0	0	0	0	0	0	0	0	0	0	0	0	0	0	0	0	0	0	0	0	0	0	0	0	0	0	0	0	0	0	0	0	0	0	0
0	0	0	0	0	0	0	0	0	0	0	0	0	0	0	0	0	0	0	0	0	0	0	0	0.870650003887598	0	0	0	0	0	0	0	0	0	0	0	0	0	0	0	0	0	0	0	0	0	0	0	0	0.90291225018819	0	0	0	0	0	0	0.849757891103562	0	0	0	0	0	0.868626904599827	0	0	0	0	0	0	0	0	0	0	0	0.760171479121941	0	0	0	0	0	0	0	0	0	0	0	0	0	0	0
0	0	0	0	0	0	0	0	0	0	0	0	0	0	0	0	0	0	0	0	0	0	0	0	0	0	0	0	0	0	0.926353661694779	0	0	0	0	0	0	0	0	0	0	0	0	0	0	0	0	0	0	0	0	0	0	0.908646725383261	0	0	0	0	0	0	0	0	0	0	0	0	0	0	0	0	0	0	0	0	0	0.833441705757845	0	0	0	0	0	0	0	0	0	0	0	0	0	0
0	0	0	0	0	0	0	0	0	0	0.817718917777235	0	0	0	0.623616182814724	0	0	0	0	0	0	0	0	0	0	0	0	0	0	0	0	0	0	0	0	0	0.846652934498879	0	0	0	0	0	0	0.989040464184196	0	0	0	0	0	0	0	0	0	0	0	0	0	0	0	0	0	0	0	0	0	0	0	0	0	0	0	0	0	0.809614295649138	0	0	0	0	0	0	0	0	0	0	0	0	0	0	0	0.681517852173059
0	0	0	0	0	0	0	0	0	0	0	0	0	0	0	0	0	0	0	0	0	0	0	0	0	0	0	0	0	0	0	0	0	0	0	0	0	0	0	0	0	0	0	0	0	0	0	0	0	0	0	0.908646725383261	0	0	0	0	0	0	0	0	0	0	0.671553970777322	0	0	0	0	0	0	0	0	0	0	0	0	0.994307492901409	0	0	0	0	0	0	0	0	0	0	0	0	0	0
0	0	0	0	0	0	0	0	0	0	0	0	0	0	0.727985422534129	0	0	0	0	0	0	0	0	0	0	0	0	0	0	0	0	0	0	0	0	0	0	0	0	0	0.922386188833554	0.723243478870549	0	0	0	0	0	0	0	0	0	0	0	0	0	0	0	0	0	0	0	0	0	0	0	0	0	0	0	0	0	0	0	0	0	0	0	0	0	0	0	0	0	0	0	0	0	0	0	0
0	0	0	0	0	0	0	0	0	0	0	0	0	0	0	0	0	0	0.844353178113491	0	0	0	0	0	0	0	0	0	0	0	0	0	0	0	0	0	0	0	0	0	0	0	0	0	0	0	0	0	0	0	0	0	0	0	0	0	0	0	0	0	0	0	0	0	0	0	0	0	0	0	0	0	0	0	0	0	0	0	0	0	0	0	0	0	0	0.644344533256278	0	0	0	0
0	0	0.613817221085864	0	0	0	0	0	0	0	0	0	0	0.954839105988846	0	0	0	0	0	0	0	0	0	0	0	0	0	0	0	0	0	0	0	0	0	0	0	0	0	0	0	0	0	0	0	0	0	0	0	0	0.849757891103562	0	0	0	0	0	0	0.841829096184442	0	0	0	0	0	0	0	0	0	0	0	0	0	0	0	0	0	0	0	0	0	0	0	0.863653285097605	0	0	0	0	0	0	0	0
0	0	0	0	0	0	0	0	0	0	0	0	0	0	0	0	0	0	0	0	0.687553717645767	0	0	0	0	0	0	0	0	0	0	0	0	0	0	0.96868472672669	0	0	0	0	0	0	0	0	0	0	0	0	0	0	0	0	0	0	0	0	0.841829096184442	0	0	0	0	0	0	0	0	0	0	0	0	0	0	0	0.988972143512818	0	0	0	0	0	0	0	0	0	0	0	0	0.837365191561643	0	0	0	0
0	0	0	0	0	0	0	0	0	0	0	0	0	0	0	0	0	0	0	0	0.779919150106152	0	0	0	0	0	0	0	0	0.771758817282032	0.756666763609172	0	0	0	0	0	0	0	0	0	0	0	0	0	0	0	0	0	0	0	0	0	0	0	0	0	0	0	0	0	0	0	0	0	0	0	0	0	0	0	0	0	0	0	0	0	0	0	0	0	0	0	0	0	0	0	0	0	0	0
0	0	0	0	0	0	0	0	0	0	0	0	0	0	0	0	0	0	0	0	0	0	0.928874046790688	0	0	0	0	0	0	0	0	0	0.822110050894368	0	0	0	0	0	0	0	0	0	0	0	0	0	0	0	0	0	0	0	0	0	0	0	0	0	0	0	0	0	0.902245151758144	0	0	0	0	0	0	0	0	0	0	0	0	0	0	0	0	0	0	0	0	0	0	0	0	0	0	0
0	0	0	0	0	0	0	0	0	0	0	0	0	0	0	0	0	0	0	0	0	0	0	0	0	0	0.972586197116482	0	0	0	0	0	0	0	0	0	0	0	0	0	0	0	0	0	0	0	0	0	0	0	0	0	0	0	0	0	0	0	0	0	0	0	0	0	0	0	0	0	0	0	0	0	0	0	0	0	0	0	0	0	0	0	0	0	0	0	0	0.762990822649923	0	0
0	0	0	0	0	0	0	0	0	0	0	0	0.633967387153389	0	0	0	0	0	0.844782432466169	0	0	0	0	0	0	0	0	0	0	0	0	0	0	0	0	0	0	0	0	0	0	0	0	0	0	0	0	0	0	0	0	0	0	0	0	0	0	0	0	0	0	0	0	0	0	0.746062296203678	0	0	0	0	0	0	0	0	0	0	0	0	0	0	0	0.93097747896948	0	0	0	0	0	0	0	0
0	0	0	0	0	0	0	0	0	0	0	0	0	0	0	0	0	0	0	0	0	0	0	0	0	0	0	0	0	0	0	0	0	0	0.938821831525621	0	0	0	0	0	0	0	0	0	0	0	0	0	0	0	0.868626904599827	0	0	0.671553970777322	0	0	0	0	0	0.902245151758144	0	0	0	0	0	0	0	0	0	0.972514280383146	0	0	0	0	0	0	0	0	0	0.998141870266312	0	0	0	0	0	0	0	0	0	0
0	0	0	0	0	0	0	0	0	0	0	0	0	0	0	0	0	0	0	0	0	0	0	0	0	0	0	0	0	0	0	0	0.895050530317486	0	0	0	0	0	0	0	0	0	0	0	0	0	0	0	0	0	0	0	0	0	0	0	0	0	0	0	0	0	0	0	0	0	0	0	0	0	0	0	0	0	0	0	0	0	0	0	0	0	0	0	0	0	0.796351016140292	0	0.835340821101497	0
0	0	0	0	0	0	0	0.725028361087866	0	0	0	0	0	0	0	0	0	0	0	0	0	0	0	0	0	0	0	0	0	0	0	0	0	0	0	0	0	0	0	0	0	0	0	0	0	0	0	0.695140291510754	0	0	0	0	0	0	0	0	0	0	0	0	0	0	0	0	0	0	0	0	0	0	0	0	0	0	0	0	0	0	0	0	0.867138138687889	0	0	0	0	0	0	0	0	0
0	0	0	0	0	0	0	0	0	0	0	0	0	0	0	0	0	0	0	0	0	0	0	0	0	0	0	0	0	0	0	0	0	0	0	0	0	0	0	0	0	0	0	0	0	0	0	0	0	0	0	0	0	0	0	0	0	0	0	0	0	0.746062296203678	0	0	0	0	0.75436209128278	0	0	0	0	0	0	0	0	0	0	0	0	0	0	0	0	0	0	0	0	0	0	0.958947172825051
0	0	0	0	0	0	0	0	0	0	0	0	0	0	0	0	0	0	0.683329783072454	0	0	0	0	0	0	0	0.71339138794509	0	0	0	0	0	0	0	0	0	0	0	0	0	0	0	0	0	0	0	0	0	0	0	0	0	0	0	0	0	0	0	0	0	0	0	0	0	0	0.75436209128278	0	0	0	0	0	0	0	0	0	0	0	0	0	0	0	0	0	0	0	0	0	0	0	0
0	0	0	0	0	0	0	0	0	0	0.94142808762955	0	0	0	0	0	0	0	0	0	0	0	0	0	0	0	0	0	0.592748589449602	0.964259928154942	0	0	0	0	0	0	0	0	0	0	0	0	0	0	0	0	0	0	0	0	0	0	0	0	0	0	0	0	0	0	0	0	0	0	0	0	0	0	0	0	0	0	0	0	0	0	0	0	0	0	0	0.661442042420915	0	0	0	0	0	0	0	0.915830965678001
0	0	0	0	0	0	0	0	0	0	0	0	0	0.744752860337045	0	0	0	0.975219114045918	0	0	0	0.961286574782916	0	0	0	0	0	0	0	0	0	0	0	0	0.558370384845442	0	0	0	0	0	0	0	0	0	0	0	0	0	0	0	0	0	0	0	0	0	0	0	0	0	0	0	0	0	0	0	0	0	0	0	0.944034637014757	0	0	0	0	0	0	0	0	0	0	0	0	0	0	0	0	0	0	0
0	0	0	0	0	0	0	0	0	0.651435843407943	0	0	0	0	0	0	0	0	0	0	0	0	0	0	0	0	0	0	0	0	0	0	0	0	0	0	0	0	0	0	0	0	0	0.600942489848471	0	0	0	0	0	0	0	0	0	0	0	0	0	0	0	0	0	0	0.972514280383146	0	0	0	0	0	0	0	0	0	0	0	0	0	0	0	0	0	0	0	0	0	0	0	0	0	0	0
0	0	0	0.875408988719167	0	0	0	0	0	0	0	0	0	0	0	0	0	0	0	0	0	0	0	0	0	0	0	0	0	0	0	0	0	0	0	0	0	0	0	0	0	0	0.560444906150957	0	0	0	0	0	0	0	0	0	0	0	0	0	0	0	0	0	0	0	0	0	0	0	0	0	0.944034637014757	0	0	0	0.691682373392385	0	0	0	0	0	0	0	0	0	0	0	0	0	0	0	0	0
0	0	0	0	0	0	0	0	0.99948312587196	0	0	0	0	0	0	0	0	0	0.83413588314986	0	0	0	0	0	0	0	0	0	0	0	0	0	0	0	0	0	0	0	0	0	0	0	0	0	0	0.706877975000494	0	0	0	0	0	0	0	0	0	0	0	0	0	0	0	0	0	0	0	0	0	0	0	0	0	0	0	0	0	0	0	0	0	0	0	0	0	0	0	0	0	0	0	0
0	0	0	0	0	0	0	0	0	0	0	0	0	0	0	0	0	0	0	0	0	0	0	0	0	0	0	0	0	0	0	0	0	0	0	0.905705783476323	0	0	0	0	0.741227503206991	0	0	0	0	0	0	0	0.827296961199059	0	0	0	0	0	0	0	0	0.988972143512818	0	0	0	0	0	0	0	0	0	0	0	0	0.691682373392385	0	0	0	0	0	0	0	0	0	0	0	0	0	0	0	0	0	0	0
0	0	0	0	0	0	0	0	0	0	0	0	0	0	0	0	0	0	0	0	0	0	0	0	0	0	0	0	0	0	0	0	0	0	0	0.836267774687283	0	0	0	0	0	0	0	0	0	0	0	0	0	0	0	0	0.809614295649138	0	0	0	0	0	0	0	0	0	0	0	0	0	0	0	0	0	0	0	0	0	0	0	0	0	0	0	0	0	0	0	0	0	0	0	0.992489595975513	0
0	0	0	0.824636820663287	0	0	0	0	0	0	0.927203900902535	0	0	0	0	0	0	0	0	0	0	0	0	0	0	0	0	0	0	0	0	0	0	0	0	0	0	0	0	0	0	0	0	0	0	0	0	0	0	0	0.760171479121941	0	0	0	0	0	0	0	0	0	0	0	0	0	0	0	0	0	0	0	0	0	0	0	0	0.987551724310939	0	0	0	0	0	0	0	0	0	0.993393308201713	0	0	0	0
0	0	0	0	0	0	0	0	0	0	0	0.584250955078376	0	0	0	0	0	0	0	0	0	0	0	0	0	0	0	0	0	0	0	0	0	0	0	0	0	0	0	0	0	0	0	0	0	0	0	0	0	0	0	0.833441705757845	0	0.994307492901409	0	0	0	0	0	0	0	0	0	0	0	0	0	0	0	0	0	0	0	0	0.987551724310939	0	0	0	0	0	0	0	0	0	0.784376505789042	0	0	0	0	0
0	0	0	0	0	0	0	0	0	0	0	0	0	0	0	0.74370691581448	0	0	0	0	0	0	0.91663675947705	0	0	0	0	0	0	0	0	0	0	0	0	0	0	0	0	0	0.732359615256034	0	0	0	0	0	0	0	0	0	0	0	0	0	0	0	0	0	0	0	0	0	0	0	0	0	0	0	0	0	0	0	0	0	0	0	0	0	0	0	0	0	0.869190190021068	0	0	0	0	0	0	0
0	0	0	0	0	0	0	0	0	0	0	0	0	0	0	0	0	0	0	0	0	0	0	0	0	0	0	0	0	0	0	0	0	0	0.848935314227336	0.646533988421674	0	0	0	0	0	0	0	0	0	0	0	0	0	0	0	0	0	0	0	0	0	0	0	0	0	0	0	0	0	0	0	0	0	0	0	0	0	0	0	0	0	0	0	0.687989357846035	0.761485686453632	0	0	0	0	0	0.935837460780376	0	0	0
0	0	0	0	0	0	0	0	0	0	0	0	0	0	0	0	0	0	0	0	0	0	0	0	0	0	0	0.644549880687373	0	0	0	0	0	0	0	0	0	0	0	0	0	0	0	0	0	0	0.624098210000597	0	0	0	0	0	0	0	0	0	0	0	0	0	0	0	0	0	0	0	0	0	0	0	0	0	0	0	0	0	0	0	0	0	0.891305386734025	0	0	0	0	0	0	0.909463023455074	0	0
0	0	0	0	0	0	0	0	0.958723741687367	0	0	0	0	0	0	0	0	0	0	0	0	0	0	0	0	0	0	0	0	0	0	0	0	0	0	0	0	0	0	0	0	0	0	0	0	0	0	0	0	0	0	0	0	0	0	0	0	0	0	0	0	0	0.998141870266312	0	0	0	0	0	0	0	0	0	0	0	0	0	0	0.687989357846035	0	0	0	0	0	0	0	0	0	0	0	0.804513122518064
0	0	0	0	0	0	0	0	0	0	0	0	0	0	0	0	0	0	0	0	0	0	0	0	0	0	0	0	0	0	0.847293283821614	0	0	0	0	0	0	0	0	0	0	0	0	0	0	0	0	0	0	0	0	0	0	0	0	0	0	0	0	0	0	0	0	0	0.867138138687889	0	0	0	0	0	0	0	0	0	0	0	0	0.761485686453632	0.891305386734025	0	0	0	0.926241621448568	0	0	0	0	0	0	0
0	0	0	0	0	0	0	0	0	0	0	0	0	0	0	0	0	0.823371145424497	0	0	0	0	0	0	0	0	0	0.833999284277083	0	0	0	0	0	0	0	0	0	0.676570818714235	0	0	0	0	0	0	0	0	0	0	0	0	0	0	0	0	0	0	0.863653285097605	0	0	0	0	0.93097747896948	0	0	0	0	0	0.661442042420915	0	0	0	0	0	0	0	0	0	0	0	0	0	0	0	0	0	0	0	0	0	0
0.956087357314373	0	0	0	0	0	0	0	0	0	0	0	0	0	0	0	0	0	0	0	0	0	0	0	0	0	0	0	0	0	0	0	0	0	0	0	0	0	0	0	0	0	0	0	0	0	0	0	0	0	0	0	0	0	0	0	0	0	0	0	0	0	0	0	0	0	0	0	0	0	0	0	0	0	0	0	0.869190190021068	0	0	0	0.926241621448568	0	0	0	0	0	0	0	0	0
0	0	0	0	0	0	0	0.759644696178363	0	0	0	0	0	0	0	0	0	0	0	0	0	0	0	0	0	0	0	0	0	0	0	0	0	0	0	0	0	0	0	0	0	0	0	0	0	0	0	0.859947499333275	0	0	0	0	0	0	0	0	0	0	0	0	0	0	0	0	0	0	0	0	0	0	0	0	0	0	0	0	0	0	0	0	0	0	0	0	0	0	0	0	0	0
0	0	0	0	0	0	0	0	0	0	0	0	0	0	0	0.982342818487305	0	0	0	0	0	0	0	0	0	0	0	0.600022845369979	0	0	0	0	0	0	0	0	0	0	0	0	0	0	0	0	0	0	0	0	0	0	0	0	0	0	0	0	0	0	0	0	0	0	0	0	0	0	0	0	0	0	0	0	0	0	0	0.784376505789042	0	0	0	0	0	0	0	0	0	0	0	0	0	0
0	0	0	0	0	0	0	0	0	0	0	0	0	0	0	0	0	0	0	0	0	0	0	0	0	0	0	0	0.785354854804404	0	0	0	0	0	0	0	0	0	0	0.638611518300387	0	0	0	0	0	0	0	0	0	0	0	0	0	0	0	0.644344533256278	0	0.837365191561643	0	0	0	0	0	0	0	0	0	0	0	0	0	0	0	0	0.993393308201713	0	0	0	0	0	0	0	0	0	0	0	0	0	0	0
0	0	0.803368809633074	0	0	0	0	0	0	0	0	0	0	0	0	0	0	0	0	0	0	0	0	0	0	0	0	0	0	0	0	0	0	0	0	0	0	0	0	0	0	0	0	0	0	0	0	0	0	0	0	0	0	0	0	0	0	0	0	0	0	0	0	0.796351016140292	0	0	0	0	0	0	0	0	0	0	0	0	0	0.935837460780376	0	0	0	0	0	0	0	0	0	0	0	0
0	0	0	0	0	0	0	0	0	0	0	0	0	0	0	0	0	0	0	0	0	0	0	0	0	0	0	0	0	0	0	0	0	0	0	0	0	0	0	0	0.947795192201275	0	0	0	0	0	0	0	0	0	0	0	0	0	0	0	0	0	0	0	0.762990822649923	0	0	0	0	0	0	0	0	0	0	0	0	0	0	0	0	0	0.909463023455074	0	0	0	0	0	0	0	0	0	0	0
0.904149916757633	0	0	0	0	0	0	0	0	0	0	0	0	0	0	0	0	0	0	0	0	0	0	0	0	0	0	0	0	0	0	0	0	0	0	0	0	0	0	0	0	0	0	0	0	0	0	0	0	0	0	0	0	0	0	0	0	0	0	0	0	0	0	0.835340821101497	0	0	0	0	0	0	0	0	0	0.992489595975513	0	0	0	0	0	0	0	0	0	0	0	0	0	0	0	0.656247144514047
0	0	0	0	0	0	0	0	0	0	0	0	0	0	0	0	0	0	0	0	0	0	0	0	0	0	0	0	0	0	0	0	0	0	0	0	0	0	0	0	0	0	0	0	0	0.650905954686092	0	0	0	0	0	0	0.681517852173059	0	0	0	0	0	0	0	0	0	0	0	0	0.958947172825051	0	0.915830965678001	0	0	0	0	0	0	0	0	0	0	0	0.804513122518064	0	0	0	0	0	0	0	0	0.656247144514047	0
