0	0.687808089594654	0	0	0	0	0	0	0	0	0	0	0	0	0	0	0	0	0	0	0	0	0	0	0.69909612962098	0	0	0	0	0	0	0	0	0	0	0	0	0	0	0	0	0	0	0.935676867962439	0	0	0	0	0	0	0	0	0	0	0	0	0	0	0	0	0	0	0	0	0	0	0	0	0	0.806930979768766	0	0	0	0	0	0	0	0	0	0	0	0	0	0	0	0	0	0	0	0.911670259253165
0.687808089594654	0	0.999437753981189	0	0	0	0	0	0	0	0	0	0.867566485417415	0	0	0	0	0	0	0	0	0	0	0	0	0	0	0	0	0.832779005518762	0	0	0.997247849127794	0	0	0	0	0	0	0	0	0	0	0	0	0	0	0	0	0	0	0	0	0	0	0	0.786248730706669	0	0	0	0	0	0	0	0	0	0	0	0	0	0	0	0	0	0	0	0	0	0	0	0	0	0	0	0	0.75982510602084	0	0	0	0
0	0.999437753981189	0	0	0	0	0.647337833275051	0	0	0	0	0	0	0	0	0.686362434650394	0	0	0.903402811829721	0	0	0	0	0	0	0	0	0	0	0	0	0	0	0	0	0	0	0	0	0	0	0	0	0	0	0.607544784787305	0	0	0	0	0	0	0	0	0	0	0.947971096726359	0	0	0	0	0	0	0	0	0	0	0	0	0	0	0	0	0	0	0	0	0	0	0	0	0	0	0	0.711175143852729	0	0	0	0	0
0	0	0	0	0	0	0	0	0	0	0	0	0	0	0	0	0	0	0	0	0	0	0	0	0	0	0	0	0	0	0	0	0	0	0	0	0	0	0	0	0	0	0	0	0	0	0	0	0	0	0	0	0	0	0	0.717535702793434	0	0	0	0.877251424022649	0	0	0.853042146637322	0	0	0	0	0	0	0	0.990492677636633	0	0	0	0	0	0	0	0	0	0	0	0	0	0	0	0	0	0	0
0	0	0	0	0	0	0	0	0	0	0	0	0	0	0	0.856575915790682	0	0	0	0	0	0	0	0	0	0	0	0	0	0	0	0	0	0	0	0	0	0	0	0	0	0	0	0	0	0	0	0	0	0	0	0	0	0	0	0	0	0	0	0	0	0	0	0.793837190580066	0	0	0	0	0	0	0	0	0	0	0	0	0	0	0	0	0	0	0.969589214290838	0	0	0	0	0	0	0
0	0	0	0	0	0	0	0	0	0	0	0	0	0	0.767050545294109	0	0	0	0	0	0	0	0	0	0	0	0	0	0	0	0	0	0	0	0	0	0	0	0	0	0	0	0	0	0	0	0	0	0	0	0	0	0	0	0	0	0	0	0	0.872390717467979	0	0	0.739019399023565	0	0	0	0	0	0	0	0	0	0	0	0	0	0	0	0	0	0	0	0	0	0	0.572701445108183	0	0	0	0
0	0	0.647337833275051	0	0	0	0	0	0	0	0	0	0	0	0	0	0.829870642203672	0	0	0	0.623916947559097	0	0	0	0	0	0	0	0	0	0	0	0	0	0	0	0	0	0	0	0	0	0.756465883282837	0	0	0	0	0	0	0	0	0	0	0	0	0	0	0	0	0	0	0	0	0	0	0	0	0	0	0	0	0	0	0	0	0	0	0	0	0	0	0	0	0	0	0	0	0	0	0.894063563140497
0	0	0	0	0	0	0	0	0	0.683808345707511	0	0	0	0	0	0	0	0	0	0	0	0	0	0	0	0	0	0	0	0	0	0	0	0	0	0	0	0	0	0	0	0	0	0	0	0	0	0	0	0	0	0	0	0	0.899361001047998	0	0	0	0	0	0	0	0	0	0	0	0	0	0	0	0	0	0	0	0	0	0	0	0	0	0	0	0	0	0	0	0	0	0	0
0	0	0	0	0	0	0	0	0	0	0	0	0	0	0.933029605580368	0	0	0	0	0	0	0	0	0	0	0	0	0	0	0	0	0	0	0	0	0	0	0	0	0	0	0	0	0	0	0	0	0	0	0.567382466156001	0	0	0	0	0	0	0	0	0	0	0	0	0	0	0	0	0	0	0	0	0	0	0	0	0	0	0	0	0	0	0	0	0	0	0	0	0	0	0	0
0	0	0	0	0	0	0	0.683808345707511	0	0	0.740080058783114	0	0	0	0	0	0	0	0	0	0.996128164196905	0	0	0	0	0	0	0	0	0	0	0	0	0	0	0	0	0	0	0	0	0	0	0	0	0	0	0.996919771151879	0	0.950886756217643	0	0	0	0	0	0	0	0.824617220877851	0	0	0	0	0	0	0	0	0	0	0	0	0	0	0	0	0	0	0	0	0	0	0	0	0	0	0	0	0	0	0	0
0	0	0	0	0	0	0	0	0	0.740080058783114	0	0	0.864267420132093	0	0	0	0	0	0	0	0	0	0	0	0	0	0	0	0.962585695634355	0	0	0	0	0	0	0	0	0	0	0	0	0	0	0	0	0	0	0.745823237743497	0	0	0	0	0	0	0	0	0	0	0	0	0	0	0.790242187357113	0	0	0	0	0	0	0	0	0	0	0	0	0	0	0	0	0	0	0	0.572118352611297	0	0	0	0	0	0	0
0	0	0	0	0	0	0	0	0	0	0	0	0	0	0	0	0	0	0	0	0	0	0	0	0	0	0	0	0	0.939513171186347	0	0	0	0	0	0	0	0	0	0	0	0	0	0	0	0	0	0	0	0	0	0	0	0	0	0	0	0	0	0	0	0	0.761900375443828	0	0	0	0	0	0	0	0	0	0	0	0	0	0	0	0	0	0	0	0	0	0	0	0	0	0	0
0	0.867566485417415	0	0	0	0	0	0	0	0	0.864267420132093	0	0	0	0	0	0	0	0	0	0	0	0	0	0	0	0	0	0	0	0	0	0	0	0	0.75211213753297	0	0	0	0.748937155189814	0	0	0	0	0	0	0	0	0	0	0	0	0	0	0	0	0	0	0	0	0	0	0	0	0	0	0	0	0	0	0	0	0	0	0.869981706547173	0	0	0	0	0	0	0	0	0	0	0	0	0	0	0
0	0	0	0	0	0	0	0	0	0	0	0	0	0	0	0	0	0	0	0	0	0.986286670248564	0	0	0	0	0	0	0	0	0	0	0	0	0	0	0	0	0	0	0	0	0	0	0	0	0	0	0	0	0	0	0	0	0	0	0	0	0	0	0	0.854924759595804	0	0	0	0	0	0	0.696761990366595	0	0	0	0	0	0	0	0	0	0	0	0	0	0	0	0	0	0	0	0	0
0	0	0	0	0	0.767050545294109	0	0	0.933029605580368	0	0	0	0	0	0	0	0	0	0	0	0	0	0	0	0	0	0	0	0	0	0.748484595403073	0	0	0	0	0	0	0	0	0	0	0	0	0	0	0	0	0	0	0	0	0	0	0	0	0	0	0	0	0.887690145284106	0	0	0	0	0	0	0	0	0	0	0	0	0	0	0	0	0	0	0	0.574663205191193	0	0	0	0	0	0	0	0	0	0
0	0	0.686362434650394	0	0.856575915790682	0	0	0	0	0	0	0	0	0	0	0	0	0	0	0	0	0	0	0.626966612043184	0	0	0	0	0	0	0	0	0	0	0	0	0	0	0	0	0	0	0	0	0	0	0.795504988669806	0	0	0	0	0	0	0	0	0	0	0	0	0	0	0	0	0	0	0	0	0	0	0.778137592880918	0.866525722392807	0	0	0	0	0	0	0	0	0	0	0	0	0	0	0	0	0	0	0
0	0	0	0	0	0	0.829870642203672	0	0	0	0	0	0	0	0	0	0	0	0.553949322208542	0	0	0	0	0	0	0	0	0	0	0	0	0	0	0	0.845000427523568	0	0	0	0	0	0	0	0	0	0	0	0	0	0	0	0	0	0	0	0	0.836606255708853	0	0	0	0	0	0	0	0	0	0	0	0	0	0	0	0	0	0	0	0	0	0	0	0	0	0	0	0	0	0	0	0	0	0
0	0	0	0	0	0	0	0	0	0	0	0	0	0	0	0	0	0	0	0	0	0	0	0	0	0	0	0	0	0	0	0	0	0	0	0	0.755341046216947	0	0	0	0	0	0	0	0.98898590875104	0.990217252348577	0	0	0	0	0	0	0	0	0	0	0	0	0	0	0	0	0.972770290899974	0	0	0	0	0	0	0	0	0	0	0	0	0	0.616445650588499	0	0	0	0	0.985690621526016	0	0	0	0	0	0	0	0
0	0	0.903402811829721	0	0	0	0	0	0	0	0	0	0	0	0	0	0.553949322208542	0	0	0	0	0	0	0	0	0	0	0	0	0	0	0	0	0	0	0	0	0	0	0.816871370202967	0	0	0	0	0	0	0	0	0	0	0	0	0	0	0	0	0	0	0.790430953692077	0	0	0	0.582628576881585	0	0	0	0	0	0	0	0	0	0	0	0	0	0	0	0	0	0	0	0	0	0	0	0	0	0	0
0	0	0	0	0	0	0	0	0	0	0	0	0	0	0	0	0	0	0	0	0.805492817194057	0	0	0	0	0	0	0	0	0	0	0	0	0	0.986713558848925	0	0	0	0	0	0	0	0	0.853496474630716	0	0	0	0	0	0	0	0	0	0	0	0	0	0	0	0	0	0	0	0	0	0	0	0	0.73686404347973	0	0	0	0	0	0	0	0	0	0	0	0	0	0	0	0	0	0	0	0	0
0	0	0	0	0	0	0.623916947559097	0	0	0.996128164196905	0	0	0	0	0	0	0	0	0	0.805492817194057	0	0	0.962756073769576	0	0	0	0	0.836276931824986	0	0	0	0	0	0	0	0	0	0	0	0	0	0	0	0	0	0	0	0	0	0	0	0	0	0	0	0	0	0	0	0	0	0	0	0.754938038029571	0	0	0	0	0	0	0	0	0	0	0	0	0	0	0.858489096931263	0	0	0	0	0	0	0	0	0	0	0
0	0	0	0	0	0	0	0	0	0	0	0	0	0.986286670248564	0	0	0	0	0	0	0	0	0	0	0	0	0	0	0	0	0	0	0	0	0	0	0	0	0	0	0	0	0	0	0	0	0	0	0	0	0	0	0	0	0	0	0	0	0	0	0	0	0	0	0	0	0	0	0.684265309150495	0	0	0	0	0	0	0	0	0	0	0	0	0	0	0	0	0	0	0	0	0
0	0	0	0	0	0	0	0	0	0	0	0	0	0	0	0	0	0	0	0	0.962756073769576	0	0	0	0	0	0	0	0	0	0	0	0	0	0	0	0	0	0	0	0	0	0	0	0	0	0	0	0	0	0	0	0	0	0	0	0	0	0	0	0	0	0	0	0	0	0	0	0	0	0	0.900265152161425	0	0	0	0	0	0	0	0	0	0	0	0	0	0	0	0	0	0
0	0	0	0	0	0	0	0	0	0	0	0	0	0	0	0.626966612043184	0	0	0	0	0	0	0	0	0	0.981970998122999	0	0	0	0	0	0	0	0	0	0	0	0	0	0	0	0	0	0	0	0	0	0.687110736511858	0	0	0.808919978209545	0	0	0	0	0	0	0	0	0	0	0	0	0	0	0	0	0	0	0	0	0	0	0	0	0	0	0	0	0	0	0	0	0	0	0	0	0	0	0
0.69909612962098	0	0	0	0	0	0	0	0	0	0	0	0	0	0	0	0	0	0	0	0	0	0	0	0	0	0	0	0	0	0	0	0	0	0	0	0	0	0	0	0	0	0	0	0	0	0	0	0	0	0	0	0	0	0	0	0	0	0	0	0	0	0	0	0	0	0	0	0	0	0	0	0	0	0	0	0	0	0	0	0	0	0	0	0	0.947240905770242	0	0	0	0
0	0	0	0	0	0	0	0	0	0	0	0	0	0	0	0	0	0	0	0	0	0	0	0.981970998122999	0	0	0	0	0	0	0	0	0	0	0	0	0	0	0	0	0	0	0	0	0	0	0	0	0	0	0	0	0	0	0	0	0	0	0	0	0	0	0	0	0	0	0.947543506854245	0	0	0	0	0	0	0	0	0	0	0	0	0	0	0	0	0	0	0	0	0	0	0
0	0	0	0	0	0	0	0	0	0	0	0	0	0	0	0	0	0	0	0	0	0	0	0	0	0	0	0	0	0	0	0	0	0	0	0	0	0	0	0	0	0	0	0	0	0	0	0	0	0	0	0	0	0	0	0	0	0	0	0.894232659342411	0	0	0	0	0	0	0	0	0	0.903088483209457	0	0	0	0	0	0	0	0	0	0	0	0	0	0	0	0	0	0	0	0
0	0	0	0	0	0	0	0	0	0	0	0	0	0	0	0	0	0	0	0	0.836276931824986	0	0	0	0	0	0	0	0	0.781143415801532	0	0	0	0	0	0	0	0	0	0	0	0	0	0	0	0	0	0	0	0.910930076413573	0	0	0	0	0	0	0	0	0	0	0	0	0	0	0	0	0	0	0	0	0	0	0	0	0	0	0	0	0	0	0	0	0	0	0	0	0	0	0	0
0	0	0	0	0	0	0	0	0	0	0.962585695634355	0	0	0	0	0	0	0	0	0	0	0	0	0	0	0	0	0	0	0	0	0	0	0	0	0	0	0	0	0	0	0.750070038647512	0	0	0	0	0	0	0	0	0	0	0	0	0	0	0	0	0	0.911757875658763	0	0	0	0	0	0	0	0	0	0	0	0	0	0	0	0	0	0	0	0	0	0	0	0	0	0	0	0.810016376872909	0.906424727582221	0
0	0.832779005518762	0	0	0	0	0	0	0	0	0	0.939513171186347	0	0	0	0	0	0	0	0	0	0	0	0	0	0	0	0.781143415801532	0	0	0	0.938015480706851	0	0	0	0	0	0	0	0	0	0	0	0	0	0	0	0	0	0	0	0	0	0	0	0	0	0	0	0	0	0	0	0	0	0	0	0	0	0.843170056246948	0	0	0	0	0	0	0	0	0	0	0	0	0	0	0	0	0	0	0.976157463360304	0
0	0	0	0	0	0	0	0	0	0	0	0	0	0	0.748484595403073	0	0	0	0	0	0	0	0	0	0	0	0	0	0	0	0	0	0	0	0	0	0	0	0	0	0	0	0	0	0	0	0.847512172648472	0	0	0	0	0	0	0	0	0	0	0	0	0	0	0	0	0	0	0	0	0	0	0	0	0	0	0	0	0	0	0	0	0	0	0	0	0	0	0	0	0	0	0
0	0	0	0	0	0	0	0	0	0	0	0	0	0	0	0	0	0	0	0	0	0	0	0	0	0	0	0	0	0.938015480706851	0	0	0	0	0	0	0	0	0	0	0	0	0	0	0	0	0	0	0	0	0	0	0	0.927856407708273	0	0	0	0	0	0	0	0	0	0	0	0	0	0	0	0	0	0	0	0	0	0	0	0.827052834229379	0	0	0	0	0	0	0	0	0	0	0	0
0	0.997247849127794	0	0	0	0	0	0	0	0	0	0	0	0	0	0	0	0	0	0	0	0	0	0	0	0	0	0	0	0	0	0	0	0	0	0	0	0	0	0	0	0	0	0	0.809835329780313	0	0	0	0	0	0	0	0	0	0	0	0	0	0	0	0	0	0	0	0	0	0	0	0	0	0	0	0	0	0.558627120067921	0	0	0	0	0	0	0	0	0	0	0	0	0	0	0
0	0	0	0	0	0	0	0	0	0	0	0	0	0	0	0	0	0	0	0	0	0	0	0	0	0	0	0	0	0	0	0	0	0	0	0	0	0	0	0	0	0.978182430671435	0	0	0	0	0	0	0	0	0	0	0	0	0	0	0	0	0	0	0	0	0.593577152797317	0	0	0	0	0	0	0	0	0	0	0	0	0	0	0	0	0	0	0	0	0	0	0	0	0	0	0
0	0	0	0	0	0	0	0	0	0	0	0	0	0	0	0	0.845000427523568	0	0	0.986713558848925	0	0	0	0	0	0	0	0	0	0	0	0	0	0	0	0	0	0	0	0	0	0	0	0	0	0	0	0	0	0	0	0	0	0	0	0	0	0	0	0	0	0	0	0	0	0	0.801359954348696	0	0	0	0	0	0	0	0	0.789322717297057	0	0	0	0	0	0	0	0	0	0	0	0	0	0
0	0	0	0	0	0	0	0	0	0	0	0	0.75211213753297	0	0	0	0	0	0	0	0	0	0	0	0	0	0	0	0	0	0	0	0	0	0	0	0	0.818474944988088	0	0	0	0	0	0	0	0	0	0	0	0	0	0	0	0	0	0	0	0	0	0.693634355151124	0	0	0	0	0	0.85302128606654	0	0	0	0	0	0	0	0	0	0	0	0	0	0	0	0	0	0	0	0	0	0	0	0
0	0	0	0	0	0	0	0	0	0	0	0	0	0	0	0	0	0.755341046216947	0	0	0	0	0	0	0	0	0	0	0	0	0	0	0	0	0	0	0	0	0	0	0	0	0	0	0	0.832153878822265	0	0	0	0	0	0	0	0	0	0	0	0	0	0	0	0	0	0	0	0.943781399333838	0	0	0	0	0	0	0	0	0	0	0	0	0	0	0	0	0	0	0	0	0	0	0	0
0	0	0	0	0	0	0	0	0	0	0	0	0	0	0	0	0	0	0	0	0	0	0	0	0	0	0	0	0	0	0	0	0	0	0	0.818474944988088	0	0	0	0.855588172230271	0	0	0	0	0	0	0	0	0	0	0	0	0	0	0	0	0	0	0	0	0	0	0.973205895683765	0	0	0	0	0	0	0	0	0	0	0	0	0	0	0	0	0	0	0	0	0	0	0	0	0	0	0
0	0	0	0	0	0	0	0	0	0	0	0	0	0	0	0	0	0	0	0	0	0	0	0	0	0	0	0	0	0	0	0	0	0	0	0	0	0	0	0	0	0	0	0	0	0	0	0	0	0	0	0	0	0	0	0	0	0	0	0	0	0	0	0	0	0	0	0	0	0	0	0	0	0.793886368836443	0	0.847393642023314	0	0	0	0	0	0	0	0	0	0	0	0	0	0
0	0	0	0	0	0	0	0	0	0	0	0	0.748937155189814	0	0	0	0	0	0.816871370202967	0	0	0	0	0	0	0	0	0	0	0	0	0	0	0	0	0	0	0.855588172230271	0	0	0	0	0	0	0	0	0	0	0	0	0	0	0	0	0	0	0	0	0	0	0	0	0	0	0	0	0	0	0	0	0	0	0	0	0	0	0	0	0	0.869669561893418	0	0	0	0	0	0	0	0	0	0
0	0	0	0	0	0	0	0	0	0	0	0	0	0	0	0	0	0	0	0	0	0	0	0	0	0	0	0	0	0	0	0	0	0	0	0	0	0	0	0	0	0.899971933544437	0	0	0	0	0	0	0	0	0	0	0	0	0	0	0	0	0	0	0	0	0	0	0	0.824528098586413	0	0	0	0	0	0	0	0	0	0	0	0	0	0	0	0	0	0	0	0	0	0.932776537381505	0	0
0	0	0	0	0	0	0	0	0	0	0	0	0	0	0	0	0	0	0	0	0	0	0	0	0	0	0	0	0.750070038647512	0	0	0	0	0.978182430671435	0	0	0	0	0	0	0.899971933544437	0	0	0	0	0	0	0	0	0.926451943754184	0	0	0	0	0	0	0	0.712931963005113	0	0	0	0	0	0	0	0	0	0	0	0	0	0	0	0	0	0	0	0	0	0	0	0	0	0	0	0	0	0	0	0
0	0	0	0	0	0	0.756465883282837	0	0	0	0	0	0	0	0	0	0	0	0	0	0	0	0	0	0	0	0	0	0	0	0	0	0	0	0	0	0	0	0	0	0	0	0	0.913001290604547	0	0	0	0	0	0	0	0	0	0	0	0.992498334105115	0	0.558248290041647	0	0	0	0	0	0	0	0	0	0	0	0	0	0	0	0	0	0	0	0	0	0	0	0	0	0	0	0	0	0	0	0
0.935676867962439	0	0	0	0	0	0	0	0	0	0	0	0	0	0	0	0	0	0	0.853496474630716	0	0	0	0	0	0	0	0	0	0	0	0	0	0	0	0	0	0	0	0	0	0	0.913001290604547	0	0	0	0	0	0.686842210287945	0	0	0.844079219203354	0	0	0	0	0	0	0	0	0	0	0	0	0	0	0	0	0	0	0	0	0	0	0	0	0	0	0	0	0	0	0	0	0	0	0	0	0	0
0	0	0	0	0	0	0	0	0	0	0	0	0	0	0	0	0	0.98898590875104	0	0	0	0	0	0	0	0	0	0	0	0	0	0	0.809835329780313	0	0	0	0	0	0	0	0	0	0	0	0	0	0	0	0	0	0	0	0	0	0	0	0	0	0	0	0	0	0	0	0	0	0	0	0	0	0	0	0	0	0	0	0	0	0	0	0	0	0	0	0	0	0	0	0	0
0	0	0.607544784787305	0	0	0	0	0	0	0	0	0	0	0	0	0	0	0.990217252348577	0	0	0	0	0	0	0	0	0	0	0	0	0	0	0	0	0	0	0.832153878822265	0	0	0	0	0	0	0	0	0	0	0	0	0	0	0	0.781023263161994	0	0	0	0	0	0	0	0	0	0	0	0	0	0	0	0	0	0	0	0	0	0	0	0	0	0	0	0	0.930764153217232	0	0	0	0	0.920857311797634	0	0	0
0	0	0	0	0	0	0	0	0	0	0	0	0	0	0	0.795504988669806	0	0	0	0	0	0	0	0	0	0	0	0	0	0	0.847512172648472	0	0	0	0	0	0	0	0	0	0	0	0	0	0	0	0	0	0	0	0	0	0	0	0	0	0	0	0	0	0	0	0	0	0	0	0	0	0	0	0	0	0	0	0.989117129897835	0	0	0	0	0	0	0	0	0	0	0	0	0	0	0
0	0	0	0	0	0	0	0	0	0.996919771151879	0.745823237743497	0	0	0	0	0	0	0	0	0	0	0	0	0.687110736511858	0	0	0	0	0	0	0	0	0	0	0	0	0	0	0	0	0	0	0	0	0	0	0	0	0	0	0	0	0	0	0	0	0	0	0	0	0	0	0	0	0	0	0	0	0	0	0	0	0	0	0	0	0	0	0	0	0	0	0	0	0	0	0	0	0	0
0	0	0	0	0	0	0	0	0	0	0	0	0	0	0	0	0	0	0	0	0	0	0	0	0	0	0	0	0	0	0	0	0	0	0	0	0	0	0	0	0	0	0	0.686842210287945	0	0	0	0	0	0	0.975747117861134	0	0	0	0	0.999306406478001	0	0	0	0	0	0	0	0	0	0	0	0	0.912966083939339	0	0	0	0	0	0	0	0	0	0	0	0	0	0	0	0	0	0	0	0	0.726471541648293
0	0	0	0	0	0	0	0	0.567382466156001	0.950886756217643	0	0	0	0	0	0	0	0	0	0	0	0	0	0	0	0	0	0.910930076413573	0	0	0	0	0	0	0	0	0	0	0	0	0	0.926451943754184	0	0	0	0	0	0	0	0	0	0	0	0	0	0	0	0	0	0	0	0	0	0	0	0	0	0	0	0.943608647598913	0	0	0	0	0	0	0	0	0	0	0	0	0	0	0	0	0	0	0	0
0	0	0	0	0	0	0	0	0	0	0	0	0	0	0	0	0	0	0	0	0	0	0	0.808919978209545	0	0	0	0	0	0	0	0	0	0	0	0	0	0	0	0	0	0	0	0	0	0	0	0	0.975747117861134	0	0	0	0	0	0	0	0	0	0	0	0	0	0	0	0.907074900904437	0	0	0	0.60607230503035	0	0	0	0	0	0	0	0	0	0	0.867869321435	0	0	0	0	0	0	0	0	0	0
0	0	0	0	0	0	0	0	0	0	0	0	0	0	0	0	0	0	0	0	0	0	0	0	0	0	0	0	0	0	0	0	0	0	0	0	0	0	0	0	0	0	0	0.844079219203354	0	0	0	0	0	0	0	0	0	0.735262355360367	0	0	0	0	0	0	0	0	0	0	0	0	0	0	0	0	0	0.659162572479412	0	0	0	0	0	0	0	0	0	0	0	0	0	0	0	0	0	0
0	0	0	0	0	0	0	0	0	0	0	0	0	0	0	0	0	0	0	0	0	0	0	0	0	0	0	0	0	0	0	0	0	0	0	0	0	0	0	0	0	0	0	0	0	0.781023263161994	0	0	0	0	0	0	0	0	0.599749439424211	0	0	0	0	0	0	0	0	0	0	0	0	0	0	0	0	0	0	0	0	0	0	0	0	0	0	0	0	0	0	0	0	0	0	0
0	0	0	0	0	0	0	0	0	0	0	0	0	0	0	0	0	0	0	0	0	0	0	0	0	0	0	0	0	0	0	0.927856407708273	0	0	0	0	0	0	0	0	0	0	0	0	0	0	0	0	0	0	0	0.735262355360367	0	0	0.93484445847445	0	0	0	0	0	0	0	0	0	0	0	0	0	0	0	0	0	0	0	0	0.74920853950445	0	0	0	0	0	0	0	0	0	0	0	0	0	0
0	0	0	0	0	0	0	0.899361001047998	0	0	0	0	0	0	0	0	0	0	0	0	0	0	0	0	0	0	0	0	0	0	0	0	0	0	0	0	0	0	0	0	0	0	0	0	0	0	0	0	0	0	0	0	0.599749439424211	0.93484445847445	0	0.728593458818386	0	0	0	0	0	0	0	0	0	0	0	0.945765053507383	0	0	0	0.977287470144155	0	0.971361760350745	0	0	0	0	0	0	0	0	0	0	0	0	0	0	0	0
0	0	0	0.717535702793434	0	0	0	0	0	0	0	0	0	0	0	0	0.836606255708853	0	0	0	0	0	0	0	0	0	0	0	0	0	0	0	0	0	0	0	0	0	0	0	0	0	0.992498334105115	0	0	0	0	0	0.999306406478001	0	0	0	0	0	0.728593458818386	0	0	0	0	0	0	0	0	0	0	0	0	0	0	0	0	0	0	0	0	0	0	0	0	0	0	0	0	0	0	0	0	0	0	0
0	0.786248730706669	0.947971096726359	0	0	0	0	0	0	0	0	0	0	0	0	0	0	0	0	0	0	0	0	0	0	0	0	0	0	0	0	0	0	0	0	0	0	0	0	0	0	0	0	0	0	0	0	0	0	0	0	0	0	0	0	0	0	0	0	0	0	0	0	0	0	0	0	0	0	0	0	0	0	0	0	0	0.952913849090813	0	0	0	0	0	0	0.970077989465451	0	0	0	0	0	0
0	0	0	0	0	0	0	0	0	0.824617220877851	0	0	0	0	0	0	0	0	0	0	0	0	0	0	0	0	0	0	0	0	0	0	0	0	0	0	0	0	0	0	0	0.712931963005113	0.558248290041647	0	0	0	0	0	0	0	0	0	0	0	0	0	0	0	0	0.968875915079226	0	0	0	0	0	0	0	0	0	0	0	0	0	0	0	0	0	0	0	0	0	0	0	0	0	0	0	0	0	0
0	0	0	0	0	0	0	0	0	0	0	0	0	0	0	0	0	0	0.790430953692077	0	0	0	0	0	0	0	0	0	0	0	0	0	0	0	0	0	0	0	0	0	0	0	0	0	0	0	0	0	0	0	0	0	0	0	0	0	0	0	0	0	0	0	0	0	0	0	0	0	0	0	0	0	0	0	0	0	0	0.827903604344072	0	0	0	0	0	0	0	0	0	0	0	0
0	0	0	0.877251424022649	0	0.872390717467979	0	0	0	0	0	0	0	0	0.887690145284106	0	0	0	0	0	0	0	0	0	0	0	0.894232659342411	0	0.911757875658763	0	0	0	0	0	0	0.693634355151124	0	0	0	0	0	0	0	0	0	0	0	0	0	0	0	0	0	0	0	0	0	0.968875915079226	0	0	0	0	0	0	0	0	0	0	0	0	0	0	0	0	0	0	0	0	0	0	0	0.719353259337767	0	0	0	0	0	0	0	0
0	0	0	0	0	0	0	0	0	0	0	0	0	0	0	0	0	0	0	0	0	0	0	0	0	0	0	0	0	0	0	0	0	0	0	0	0	0	0	0	0	0	0	0	0	0	0	0	0	0	0	0	0	0	0	0	0	0	0	0	0	0.801016631481882	0.844964548674689	0	0	0	0	0	0	0	0	0	0	0	0	0	0	0	0	0	0	0	0	0	0	0	0	0	0	0
0	0	0	0	0	0	0	0	0	0	0	0	0	0.854924759595804	0	0	0	0	0	0	0	0	0	0	0	0	0	0	0	0	0	0	0	0	0	0	0	0	0	0	0	0	0	0	0	0	0	0	0	0	0	0	0	0	0	0	0	0	0	0	0.801016631481882	0	0	0.833861633851914	0	0	0	0	0	0	0	0	0	0	0	0	0	0	0	0	0	0.83209603245816	0	0	0	0	0	0	0	0
0	0	0	0.853042146637322	0	0.739019399023565	0	0	0	0	0.790242187357113	0.761900375443828	0	0	0	0	0	0.972770290899974	0.582628576881585	0	0	0	0	0	0	0	0	0	0	0	0	0	0	0.593577152797317	0	0	0	0.973205895683765	0	0	0	0	0	0	0	0	0	0	0	0	0	0	0	0	0	0	0	0	0	0	0.844964548674689	0	0	0	0	0	0	0	0	0	0	0	0.988360096486935	0	0	0	0	0	0	0	0	0	0	0	0	0	0	0	0	0
0	0	0	0	0.793837190580066	0	0	0	0	0	0	0	0	0	0	0	0	0	0	0	0.754938038029571	0	0	0	0	0	0	0	0	0	0	0	0	0	0	0	0	0	0	0	0	0	0	0	0	0	0	0	0	0	0	0	0	0	0	0	0	0	0	0	0	0.833861633851914	0	0	0	0	0	0	0.925469864200087	0	0	0	0	0	0	0	0	0	0	0	0	0	0	0	0	0	0	0	0	0
0	0	0	0	0	0	0	0	0	0	0	0	0	0	0	0	0	0	0	0	0	0	0	0	0	0	0	0	0	0	0	0	0	0	0	0	0	0	0	0	0	0	0	0	0	0	0	0	0	0	0.907074900904437	0	0	0	0	0	0	0	0	0	0	0	0	0	0	0	0.994377295634855	0	0	0	0	0	0	0	0	0	0	0	0	0	0	0	0	0	0	0	0	0	0	0
0	0	0	0	0	0	0	0	0	0	0	0	0	0	0	0	0	0	0	0	0	0	0	0	0	0	0	0	0	0	0	0	0	0	0	0.85302128606654	0.943781399333838	0	0	0	0.824528098586413	0	0	0	0	0	0	0	0	0	0	0	0	0	0	0	0	0	0	0	0	0	0	0	0	0	0	0	0	0	0	0	0.991891713530861	0	0	0	0	0	0	0	0	0	0	0	0	0	0	0	0	0
0	0	0	0	0	0	0	0	0	0	0	0	0	0	0	0	0	0	0	0	0	0	0	0	0	0.947543506854245	0	0	0	0	0	0	0	0	0.801359954348696	0	0	0	0	0	0	0	0	0	0	0	0	0	0	0	0	0	0	0	0	0	0	0	0	0	0	0	0	0	0.994377295634855	0	0	0	0	0	0	0	0.960291987216414	0	0	0	0	0	0	0	0	0	0	0	0	0.797425653498037	0	0	0	0
0	0	0	0	0	0	0	0	0	0	0	0	0	0	0	0	0	0	0	0	0	0	0	0	0	0	0	0	0	0	0	0	0	0	0	0	0	0	0	0	0	0	0	0	0	0	0	0	0	0	0	0	0	0	0.945765053507383	0	0	0	0	0	0	0	0	0	0	0	0	0	0	0	0	0	0	0	0	0	0	0	0	0	0	0	0	0	0	0	0	0	0.611638888156798	0
0	0	0	0	0	0	0	0	0	0	0	0	0	0.696761990366595	0	0	0	0	0	0.73686404347973	0	0.684265309150495	0	0	0	0	0	0	0	0	0	0	0	0	0	0	0	0	0	0	0	0	0	0	0	0	0	0	0.912966083939339	0	0.60607230503035	0	0	0	0	0	0	0	0	0	0	0	0	0.925469864200087	0	0	0	0	0	0	0	0	0	0	0	0	0	0	0	0	0	0	0	0	0	0	0	0	0	0
0.806930979768766	0	0	0	0	0	0	0	0	0	0	0	0	0	0	0.778137592880918	0	0	0	0	0	0	0	0	0	0	0.903088483209457	0	0	0.843170056246948	0	0	0	0	0	0	0	0	0	0	0	0	0	0	0	0	0	0	0	0.943608647598913	0	0	0	0	0	0	0	0	0	0	0	0	0	0	0	0	0	0	0	0	0	0	0	0	0	0	0	0	0	0	0.858543707483287	0	0	0	0	0	0	0	0	0
0	0	0	0.990492677636633	0	0	0	0	0	0	0	0	0	0	0	0.866525722392807	0	0	0	0	0	0	0	0	0	0	0	0	0	0	0	0	0	0	0	0	0	0	0	0	0	0	0	0	0	0	0	0	0	0	0	0	0	0	0	0	0	0	0	0	0	0	0	0	0	0	0	0	0	0	0	0	0.932930720333587	0	0	0	0	0	0	0	0	0	0	0	0	0	0	0	0	0
0	0	0	0	0	0	0	0	0	0	0	0	0	0	0	0	0	0	0	0	0	0	0.900265152161425	0	0	0	0	0	0	0	0	0	0	0	0	0	0	0	0	0	0	0	0	0	0	0	0	0	0	0	0	0.659162572479412	0	0	0.977287470144155	0	0	0	0	0	0	0	0	0	0	0	0	0	0	0	0	0	0	0	0	0.830781731170623	0	0	0.911357192665227	0	0	0	0	0	0	0	0	0	0	0
0	0	0	0	0	0	0	0	0	0	0	0	0	0	0	0	0	0	0	0	0	0	0	0	0	0	0	0	0	0	0	0	0	0	0	0	0	0	0	0	0	0	0	0	0	0	0	0	0	0	0	0	0	0	0	0	0	0	0	0	0	0	0.988360096486935	0	0	0.991891713530861	0.960291987216414	0	0	0	0.932930720333587	0	0	0	0	0	0	0	0	0	0	0	0	0	0	0	0	0	0	0
0	0	0	0	0	0	0	0	0	0	0	0	0	0	0	0	0	0	0	0	0	0	0	0	0	0	0	0	0	0	0	0	0	0	0	0	0	0	0.793886368836443	0	0	0	0	0	0	0	0	0	0	0	0	0	0	0	0.971361760350745	0	0	0	0	0	0	0	0	0	0	0	0	0	0	0	0	0	0	0	0	0	0	0	0	0	0	0	0	0	0	0	0.872551298296315	0	0	0
0	0	0	0	0	0	0	0	0	0	0	0	0.869981706547173	0	0	0	0	0	0	0	0	0	0	0	0	0	0	0	0	0	0	0	0.558627120067921	0	0	0	0	0	0	0	0	0	0	0	0	0	0.989117129897835	0	0	0	0	0	0	0	0	0	0	0	0	0	0	0	0	0	0	0	0	0	0	0	0	0	0	0	0	0	0.658824636303984	0	0	0	0	0	0	0	0	0	0	0	0	0
0	0	0	0	0	0	0	0	0	0	0	0	0	0	0	0	0	0	0	0	0	0	0	0	0	0	0	0	0	0	0	0	0	0	0.789322717297057	0	0	0	0.847393642023314	0	0	0	0	0	0	0	0	0	0	0	0	0	0	0.74920853950445	0	0	0	0	0	0	0	0	0	0	0	0	0	0	0	0	0	0.830781731170623	0	0	0	0	0	0	0	0	0	0	0	0	0	0	0	0	0	0
0	0	0	0	0	0	0	0	0	0	0	0	0	0	0	0	0	0.616445650588499	0	0	0	0	0	0	0	0	0	0	0	0	0	0	0	0	0	0	0	0	0	0	0	0	0	0	0	0	0	0	0	0	0	0	0	0	0	0	0.952913849090813	0	0	0	0	0	0	0	0	0	0	0	0	0	0	0	0	0	0.658824636303984	0	0	0	0	0	0	0	0	0	0	0	0	0	0	0
0	0	0	0	0	0	0	0	0	0	0	0	0	0	0	0	0	0	0	0	0	0	0	0	0	0	0	0	0	0	0	0.827052834229379	0	0	0	0	0	0	0	0	0	0	0	0	0	0	0	0	0	0	0	0	0	0	0	0	0	0	0.827903604344072	0	0	0	0	0	0	0	0	0	0	0	0	0	0	0	0	0	0	0	0.933183053993086	0.956015812444779	0	0	0	0	0	0	0	0	0	0
0	0	0	0	0	0	0	0	0	0	0	0	0	0	0	0	0	0	0	0	0.858489096931263	0	0	0	0	0	0	0	0	0	0	0	0	0	0	0	0	0	0	0	0	0	0	0	0	0	0	0	0	0	0	0	0	0	0	0	0	0	0	0	0	0	0	0	0	0	0	0	0	0	0	0.911357192665227	0	0	0	0	0	0.933183053993086	0	0	0	0.652147530764042	0	0	0	0	0	0.946037121562468	0	0
0	0	0	0	0	0	0	0	0	0	0	0	0	0	0.574663205191193	0	0	0	0	0	0	0	0	0	0	0	0	0	0	0	0	0	0	0	0	0	0	0	0	0.869669561893418	0	0	0	0	0	0	0	0	0	0	0.867869321435	0	0	0	0	0	0	0	0	0	0	0	0	0	0	0	0	0	0	0	0	0	0	0	0	0	0	0.956015812444779	0	0	0	0	0	0	0	0	0	0	0	0
0	0	0	0	0	0	0	0	0	0	0	0	0	0	0	0	0	0	0	0	0	0	0	0	0	0	0	0	0	0	0	0	0	0	0	0	0	0	0	0	0	0	0	0	0	0	0	0	0	0	0	0	0	0	0	0	0	0	0	0	0	0	0	0	0	0	0	0	0	0.858543707483287	0	0	0	0	0	0	0	0	0	0	0	0	0	0	0	0	0	0	0.644883575498085	0
0	0	0	0	0	0	0	0	0	0	0	0	0	0	0	0	0	0.985690621526016	0	0	0	0	0	0	0	0	0	0	0	0	0	0	0	0	0	0	0	0	0	0	0	0	0	0	0	0.930764153217232	0	0	0	0	0	0	0	0	0	0	0	0	0	0.719353259337767	0	0.83209603245816	0	0	0	0	0	0	0	0	0	0	0	0	0	0	0	0	0.652147530764042	0	0	0	0	0	0	0	0	0	0	0
0	0	0	0	0.969589214290838	0	0	0	0	0	0.572118352611297	0	0	0	0	0	0	0	0	0	0	0	0	0	0	0	0	0	0	0	0	0	0	0	0	0	0	0	0	0	0	0	0	0	0	0	0	0	0	0	0	0	0	0	0	0	0	0	0	0	0	0	0	0	0	0	0	0	0	0	0	0	0	0	0	0	0	0	0	0	0	0	0	0.963033653317437	0	0	0	0	0	0
0	0	0	0	0	0	0	0	0	0	0	0	0	0	0	0	0	0	0	0	0	0	0	0	0	0	0	0	0	0	0	0	0	0	0	0	0	0	0	0	0	0	0	0	0	0	0	0	0	0	0	0	0	0	0	0	0.970077989465451	0	0	0	0	0	0	0	0	0	0	0	0	0	0	0	0	0	0	0	0	0	0	0	0	0	0.963033653317437	0	0.713533285299451	0.743401667392682	0	0	0	0
0	0	0.711175143852729	0	0	0	0	0	0	0	0	0	0	0	0	0	0	0	0	0	0	0	0	0	0	0	0	0	0	0	0	0	0	0	0	0	0	0	0	0	0	0	0	0	0	0	0	0	0	0	0	0	0	0	0	0	0	0	0	0	0	0	0	0	0	0	0	0	0	0	0	0	0	0	0	0	0	0	0	0	0	0	0	0.713533285299451	0	0	0.836281245292048	0	0	0
0	0.75982510602084	0	0	0	0.572701445108183	0	0	0	0	0	0	0	0	0	0	0	0	0	0	0	0	0	0	0.947240905770242	0	0	0	0	0	0	0	0	0	0	0	0	0	0	0	0	0	0	0	0	0	0	0	0	0	0	0	0	0	0	0	0	0	0	0	0	0	0	0	0	0	0.797425653498037	0	0	0	0	0	0	0	0	0	0	0	0	0	0	0	0	0.743401667392682	0	0	0	0	0	0
0	0	0	0	0	0	0	0	0	0	0	0	0	0	0	0	0	0	0	0	0	0	0	0	0	0	0	0	0	0	0	0	0	0	0	0	0	0	0	0	0	0	0	0	0	0.920857311797634	0	0	0	0	0	0	0	0	0	0	0	0	0	0	0	0	0	0	0	0	0	0	0	0	0	0	0	0.872551298296315	0	0	0	0	0	0	0	0	0	0	0.836281245292048	0	0	0	0	0
0	0	0	0	0	0	0	0	0	0	0	0	0	0	0	0	0	0	0	0	0	0	0	0	0	0	0	0	0.810016376872909	0	0	0	0	0	0	0	0	0	0	0	0.932776537381505	0	0	0	0	0	0	0	0	0	0	0	0	0	0	0	0	0	0	0	0	0	0	0	0	0	0	0	0	0	0	0	0	0	0	0	0	0	0.946037121562468	0	0	0	0	0	0	0	0	0	0	0
0	0	0	0	0	0	0	0	0	0	0	0	0	0	0	0	0	0	0	0	0	0	0	0	0	0	0	0	0.906424727582221	0.976157463360304	0	0	0	0	0	0	0	0	0	0	0	0	0	0	0	0	0	0	0	0	0	0	0	0	0	0	0	0	0	0	0	0	0	0	0	0	0	0.611638888156798	0	0	0	0	0	0	0	0	0	0	0	0	0.644883575498085	0	0	0	0	0	0	0	0	0
0.911670259253165	0	0	0	0	0	0.894063563140497	0	0	0	0	0	0	0	0	0	0	0	0	0	0	0	0	0	0	0	0	0	0	0	0	0	0	0	0	0	0	0	0	0	0	0	0	0	0	0	0	0	0.726471541648293	0	0	0	0	0	0	0	0	0	0	0	0	0	0	0	0	0	0	0	0	0	0	0	0	0	0	0	0	0	0	0	0	0	0	0	0	0	0	0	0	0
