0	0	0	0	0	0	0	0	0	0	0	0	0	0	0	0	0	0	0	0.924669534559025	0	0	0	0	0	0	0	0	0	0	0.899811412970669	0	0	0	0	0	0	0	0	0	0.798784608084736	0	0	0.859507963658419	0	0	0	0	0	0	0	0	0	0	0	0.961804877966464	0	0	0	0	0	0	0	0	0	0	0	0	0	0	0	0	0	0	0	0	0	0	0	0	0	0	0	0	0	0	0	0	0	0
0	0	0	0	0	0	0	0	0	0	0	0	0	0	0	0	0	0	0	0	0	0	0	0.934098920247176	0	0	0	0	0	0	0	0	0	0	0	0	0	0	0	0	0	0	0	0	0	0.998758671640823	0	0	0	0	0	0	0	0	0	0	0	0	0	0	0	0	0	0	0	0	0	0	0	0	0	0	0	0	0	0	0.95779957135807	0	0	0	0	0	0	0	0	0	0	0	0	0
0	0	0	0.71360297216939	0.883268390022864	0	0	0	0	0	0	0	0	0	0	0	0	0	0	0	0	0	0	0	0	0	0	0	0	0.831965687709182	0	0	0	0	0	0	0	0	0	0	0	0	0	0	0	0	0	0	0	0	0	0	0	0	0	0	0	0	0	0	0	0	0	0	0	0	0	0	0	0	0	0	0	0	0.770794622037798	0	0	0	0	0	0	0	0	0	0	0	0	0	0	0
0	0	0.71360297216939	0	0	0	0	0	0	0	0	0	0	0	0	0	0	0	0	0	0	0	0	0	0	0	0	0	0	0	0	0	0	0	0	0	0	0	0	0	0	0	0	0	0.953200787825142	0	0	0	0	0	0	0	0	0	0	0	0	0	0	0	0	0	0	0	0	0	0	0	0	0	0	0	0	0	0	0	0	0	0	0	0.600223737512328	0	0	0	0	0	0	0	0	0
0	0	0.883268390022864	0	0	0	0.840667150894723	0	0	0	0	0	0.575543340744323	0	0	0	0	0	0	0	0	0	0	0	0	0	0	0	0	0	0	0	0	0	0	0	0.794908477305388	0	0	0	0	0	0	0	0	0	0	0	0	0	0	0	0	0	0	0	0	0	0	0	0	0	0	0	0	0	0	0	0	0	0	0	0	0	0	0	0	0	0	0	0	0	0	0	0	0	0	0	0	0
0	0	0	0	0	0	0.905150243530962	0	0	0	0	0	0	0	0	0	0	0	0	0	0	0	0	0	0	0	0	0	0	0	0	0	0	0	0	0	0	0	0	0	0	0	0	0	0	0.841213752731748	0	0	0	0	0	0	0	0	0	0	0	0	0	0	0	0	0	0	0	0	0	0	0	0	0	0	0	0	0	0	0	0	0	0	0	0	0	0	0	0	0	0	0	0
0	0	0	0	0.840667150894723	0.905150243530962	0	0.876285712751247	0	0	0	0	0	0	0	0	0	0	0	0	0	0	0	0	0	0	0	0	0	0	0	0	0	0	0	0	0	0	0	0	0	0	0	0	0	0	0	0	0	0	0	0	0	0	0	0	0	0	0	0	0	0	0	0	0	0	0	0	0	0	0	0	0	0	0	0	0.9996845607004	0	0	0	0	0	0	0	0.999761645803506	0	0	0	0	0
0	0	0	0	0	0	0.876285712751247	0	0	0	0	0	0.904134911167645	0	0	0.902058120678865	0.967970015261031	0	0	0	0	0	0	0	0	0	0.962537455218563	0	0	0	0	0	0.895522498390405	0	0	0	0	0	0	0	0	0	0	0	0	0.976095617377372	0	0	0	0	0	0	0	0	0	0.954166368969356	0	0	0	0	0	0	0	0	0	0	0	0	0	0	0	0	0	0	0	0	0	0	0	0	0	0.742042133414613	0	0	0	0	0	0	0	0
0	0	0	0	0	0	0	0	0	0	0	0	0	0	0	0	0	0	0	0	0	0	0	0	0	0	0	0	0	0	0	0	0	0	0	0	0	0	0	0	0	0	0	0	0	0	0	0	0	0	0	0.669318044788963	0	0	0	0.959695302611686	0	0	0	0	0	0	0	0	0	0	0	0	0	0	0	0	0	0	0	0	0	0	0	0	0	0	0	0	0	0	0	0	0	0
0	0	0	0	0	0	0	0	0	0	0	0	0	0	0	0	0	0.769215593530655	0	0	0	0	0	0	0	0	0	0	0	0	0	0	0	0	0	0	0	0	0	0	0	0	0	0	0	0	0	0	0	0	0	0	0	0	0.819411628167673	0	0	0	0	0	0	0	0	0	0	0	0	0	0	0	0	0	0	0	0	0	0	0	0	0	0	0	0	0	0.900582800006968	0	0	0	0	0
0	0	0	0	0	0	0	0	0	0	0	0	0	0	0	0	0	0	0	0	0	0	0	0	0.850692892413829	0	0	0	0	0	0	0	0	0	0	0	0	0	0	0	0	0	0	0	0	0	0	0	0	0	0	0	0	0	0	0	0	0	0	0	0	0	0	0	0	0.736729343272262	0	0	0	0	0	0	0.724253617610564	0	0	0	0	0	0	0	0	0	0.698027501973659	0	0	0	0	0	0.856065242171722	0
0	0	0	0	0	0	0	0	0	0	0	0	0.798376425920798	0	0	0	0	0	0	0	0.704959955746832	0	0	0	0	0	0	0	0	0	0	0	0	0	0	0	0	0	0	0	0	0	0	0	0	0	0	0	0	0	0	0	0	0	0	0	0	0	0	0	0	0	0	0	0	0	0	0	0	0	0	0	0	0	0	0	0	0	0	0	0	0	0	0	0	0	0	0	0	0
0	0	0	0	0.575543340744323	0	0	0.904134911167645	0	0	0	0.798376425920798	0	0	0	0	0	0.689311644067893	0	0	0	0	0	0	0	0	0	0	0	0	0	0	0	0	0	0	0	0	0	0	0	0	0	0	0	0	0	0	0	0	0	0	0	0	0	0	0	0	0	0	0	0	0	0	0	0	0	0	0	0	0.986829814678082	0	0	0	0	0	0	0	0	0	0	0	0	0	0	0	0	0	0	0
0	0	0	0	0	0	0	0	0	0	0	0	0	0	0	0	0	0	0	0	0	0	0	0	0	0	0	0	0	0	0	0	0	0	0	0	0	0	0	0	0	0	0	0	0	0.814960955637108	0	0	0	0	0	0	0	0	0	0	0	0	0	0	0	0	0	0	0	0	0	0	0	0	0.753376499435028	0	0	0	0	0	0	0	0	0	0	0	0	0	0	0	0	0	0	0
0	0	0	0	0	0	0	0	0	0	0	0	0	0	0	0	0	0	0	0	0	0	0	0	0	0	0	0	0	0	0.579666331100877	0	0	0	0	0	0.893800564013285	0	0	0	0.562933679740617	0	0	0	0	0	0	0	0	0	0	0.950260531797844	0	0	0	0	0	0	0	0	0	0	0	0	0	0	0	0	0.848270500027572	0	0	0	0	0	0	0	0	0	0	0	0.860965216277249	0	0	0	0	0	0	0	0	0
0	0	0	0	0	0	0	0.902058120678865	0	0	0	0	0	0	0	0	0	0	0	0	0	0	0	0	0	0	0	0	0	0	0	0	0	0	0	0	0	0	0	0	0	0	0	0	0	0	0	0	0	0	0	0	0	0	0	0	0	0	0	0	0	0	0	0	0.992083008628817	0	0	0	0	0	0	0	0	0	0	0	0	0	0	0	0	0	0	0	0	0	0	0	0	0
0	0	0	0	0	0	0	0.967970015261031	0	0	0	0	0	0	0	0	0	0	0	0	0	0	0	0	0	0	0	0	0	0	0	0	0	0	0	0	0	0	0	0	0	0	0	0	0	0	0	0	0	0	0	0	0	0	0	0	0	0	0	0	0	0	0	0	0	0.995884952417899	0	0	0	0	0	0	0	0	0	0	0	0	0	0	0	0	0	0	0	0	0	0	0.994049317934896	0
0	0	0	0	0	0	0	0	0	0.769215593530655	0	0	0.689311644067893	0	0	0	0	0	0	0	0.958612955125103	0	0	0	0	0	0	0	0	0	0	0	0	0	0	0	0	0	0	0	0	0	0	0	0	0	0	0	0	0	0	0	0	0	0	0	0	0	0	0	0	0	0	0	0	0	0	0	0	0	0	0	0	0	0	0	0	0	0	0	0	0	0	0	0	0	0	0	0	0
0	0	0	0	0	0	0	0	0	0	0	0	0	0	0	0	0	0	0	0.604628747010676	0.694509271020189	0	0	0	0.92909948977731	0	0	0	0	0	0	0	0	0	0	0	0	0	0	0	0	0	0	0	0	0	0	0	0	0	0	0	0	0	0	0	0	0	0	0	0	0	0	0	0	0	0	0	0	0	0	0	0.828651335151557	0	0	0	0	0	0	0	0	0	0	0	0	0	0	0	0	0
0.924669534559025	0	0	0	0	0	0	0	0	0	0	0	0	0	0	0	0	0	0.604628747010676	0	0	0	0	0	0	0	0	0	0	0	0	0	0	0	0	0	0	0	0	0	0	0	0	0	0	0	0	0	0	0	0	0	0	0	0	0	0	0	0	0	0	0	0	0	0	0	0	0	0	0	0	0	0	0	0	0	0	0	0	0	0	0	0	0	0	0	0	0	0	0
0	0	0	0	0	0	0	0	0	0	0	0.704959955746832	0	0	0	0	0	0.958612955125103	0.694509271020189	0	0	0	0	0	0	0	0	0	0	0	0	0	0	0	0	0	0	0.885221043018266	0	0	0	0	0	0	0	0	0	0	0	0	0	0	0	0	0	0	0	0	0	0	0	0	0	0	0	0	0	0	0	0	0.806946004314243	0	0	0	0	0	0	0	0	0	0	0.916548789618083	0	0	0	0	0	0	0	0
0	0	0	0	0	0	0	0	0	0	0	0	0	0	0	0	0	0	0	0	0	0	0.91909879925875	0.944952682210473	0	0	0	0	0	0	0	0	0	0	0	0	0	0	0	0.657594397877886	0	0	0	0	0	0	0	0	0	0	0	0	0	0	0	0	0	0	0	0	0	0	0	0	0	0	0	0	0	0	0	0	0	0	0.70557235091185	0	0	0	0	0	0	0	0	0	0	0	0	0	0	0
0	0	0	0	0	0	0	0	0	0	0	0	0	0	0	0	0	0	0	0	0	0.91909879925875	0	0	0	0	0.74810275457759	0	0	0	0	0	0.976529483388298	0	0	0	0	0	0	0	0	0	0	0	0	0	0	0	0	0	0	0	0	0.912394648997803	0	0	0	0	0.814461689469316	0	0	0	0	0	0	0	0	0	0	0	0	0	0	0	0	0	0	0	0	0	0	0	0	0	0	0	0	0	0	0
0	0.934098920247176	0	0	0	0	0	0	0	0	0	0	0	0	0	0	0	0	0	0	0	0.944952682210473	0	0	0	0	0.634831702182395	0	0	0	0	0	0	0	0	0	0	0	0	0	0	0	0	0	0	0	0	0	0	0	0	0	0	0	0	0	0	0	0	0	0	0	0	0	0	0	0	0	0	0	0	0	0	0	0	0	0	0	0	0	0.900234027353071	0	0	0	0	0	0	0	0	0
0	0	0	0	0	0	0	0	0	0	0.850692892413829	0	0	0	0	0	0	0	0.92909948977731	0	0	0	0	0	0	0	0.904590767441869	0	0	0	0	0	0	0	0	0	0	0	0	0	0	0.577010506999855	0	0	0	0	0	0	0	0	0	0	0	0	0	0	0	0	0	0	0	0	0	0	0	0	0	0	0	0	0	0	0	0	0	0	0	0	0	0	0	0	0	0	0	0	0	0	0	0
0	0	0	0	0	0	0	0	0	0	0	0	0	0	0	0	0	0	0	0	0	0	0	0	0	0	0	0.848082107527828	0	0	0	0	0	0	0	0	0	0.616944973934566	0	0	0	0	0	0	0	0	0	0	0	0	0	0	0	0	0	0	0	0	0	0	0	0	0	0	0	0	0	0.992396961463159	0	0	0	0	0	0	0	0	0	0	0	0	0	0	0	0	0	0	0	0	0	0
0	0	0	0	0	0	0	0.962537455218563	0	0	0	0	0	0	0	0	0	0	0	0	0	0	0.74810275457759	0.634831702182395	0.904590767441869	0	0	0	0	0	0	0	0	0	0	0	0	0	0.655275384029072	0	0	0	0	0	0	0	0	0	0	0	0	0	0	0	0	0	0	0	0	0	0	0	0	0	0	0	0.868694305713435	0	0	0	0	0	0	0	0	0	0	0	0	0	0	0	0	0.935800625667649	0	0	0	0	0	0
0	0	0	0	0	0	0	0	0	0	0	0	0	0	0	0	0	0	0	0	0	0	0	0	0	0.848082107527828	0	0	0	0.679226085795712	0	0	0	0	0	0	0	0	0	0	0	0	0	0	0	0	0	0.996070282584057	0	0	0	0	0	0	0	0	0	0	0	0	0	0.740099935068054	0	0	0	0	0	0	0	0	0	0	0	0	0	0	0	0	0	0	0	0	0	0	0	0	0	0	0	0
0	0	0	0	0	0	0	0	0	0	0	0	0	0	0	0	0	0	0	0	0	0	0	0	0	0	0	0	0	0	0.909819072772495	0	0	0	0	0	0	0	0	0	0	0	0	0	0	0	0	0	0	0	0	0	0.725013033360358	0	0	0	0	0	0	0	0	0.967905000333712	0.898934011338204	0.5813611715897	0	0	0	0	0	0	0	0	0	0	0	0	0	0	0.884880521541177	0	0	0	0	0	0	0	0	0	0	0
0	0	0.831965687709182	0	0	0	0	0	0	0	0	0	0	0	0	0	0	0	0	0	0	0	0	0	0	0	0	0.679226085795712	0	0	0	0	0	0	0	0	0	0	0	0	0	0	0	0	0	0	0	0	0	0	0	0	0	0	0	0	0	0	0	0	0	0	0	0	0	0	0	0	0	0	0	0	0	0	0	0	0.72546550470879	0	0	0	0	0	0	0	0	0	0	0	0	0
0.899811412970669	0	0	0	0	0	0	0	0	0	0	0	0	0	0.579666331100877	0	0	0	0	0	0	0	0	0	0	0	0	0	0.909819072772495	0	0	0	0	0	0	0	0.87868604963293	0	0	0	0	0	0	0	0.988056576173339	0	0	0	0	0	0	0	0	0	0	0	0	0	0	0	0	0	0	0	0	0	0	0	0	0.825145479837515	0	0.676412375282824	0	0	0	0	0	0	0	0	0	0	0	0	0	0	0	0	0	0
0	0	0	0	0	0	0	0	0	0	0	0	0	0	0	0	0	0	0	0	0	0	0	0	0	0	0	0	0	0	0	0	0.738671922331247	0.742872982884399	0	0	0	0	0	0	0	0	0	0	0	0	0	0	0	0	0	0	0	0	0	0	0	0	0	0	0	0	0	0	0	0	0	0	0	0	0	0	0	0	0	0	0	0	0	0	0	0	0	0	0	0	0	0	0	0
0	0	0	0	0	0	0	0.895522498390405	0	0	0	0	0	0	0	0	0	0	0	0	0	0	0.976529483388298	0	0	0	0	0	0	0	0	0.738671922331247	0	0	0	0	0	0	0	0.874981538414762	0	0	0	0	0	0	0	0	0	0	0	0	0	0	0	0	0	0	0	0	0	0	0	0	0	0	0	0	0	0	0	0	0	0	0	0	0	0	0	0	0	0	0	0	0	0	0	0	0	0
0	0	0	0	0	0	0	0	0	0	0	0	0	0	0	0	0	0	0	0	0	0	0	0	0	0	0	0	0	0	0	0.742872982884399	0	0	0	0	0	0	0.734767936844658	0	0	0	0	0	0	0	0	0	0	0	0	0	0	0	0.94144256358159	0	0	0	0	0	0	0	0	0	0	0	0	0	0	0	0	0	0	0	0	0.724551386812766	0	0	0	0	0	0	0	0	0	0	0	0	0	0
0	0	0	0	0	0	0	0	0	0	0	0	0	0	0	0	0	0	0	0	0	0	0	0	0	0	0	0	0	0	0	0	0	0	0	0.791363894599185	0	0	0	0	0	0	0	0	0	0	0	0	0.919708805941757	0	0	0	0	0	0.537449272473278	0	0	0	0	0	0	0	0	0	0	0	0	0	0	0	0	0	0	0	0	0	0	0	0	0	0	0	0	0	0	0	0	0	0	0
0	0	0	0	0	0	0	0	0	0	0	0	0	0	0	0	0	0	0	0	0	0	0	0	0	0	0	0	0	0	0	0	0	0	0.791363894599185	0	0	0.847520684211366	0	0	0	0	0	0.91374109327816	0	0	0	0	0	0	0	0	0	0	0	0	0	0	0	0	0	0	0	0	0	0	0	0	0	0.590291388128194	0	0	0	0	0	0	0	0	0	0	0	0	0	0	0	0	0	0	0	0
0	0	0	0	0.794908477305388	0	0	0	0	0	0	0	0	0	0.893800564013285	0	0	0	0	0	0	0	0	0	0	0	0	0	0	0	0.87868604963293	0	0	0	0	0	0	0	0.885485756329009	0	0	0	0	0	0	0	0	0	0	0	0	0	0	0	0	0	0	0	0	0	0	0	0	0	0	0	0	0	0	0	0	0	0	0	0	0	0	0	0	0	0	0	0	0	0	0	0	0	0	0
0	0	0	0	0	0	0	0	0	0	0	0	0	0	0	0	0	0	0	0	0.885221043018266	0	0	0	0	0.616944973934566	0	0	0	0	0	0	0	0	0	0.847520684211366	0	0	0	0	0	0	0	0	0	0	0	0	0	0	0	0	0	0	0	0	0	0	0	0	0	0.936216660761441	0	0	0	0	0	0	0	0	0	0	0	0	0.821733611627312	0	0	0	0	0.979080631298292	0	0	0	0	0	0	0	0	0	0
0	0	0	0	0	0	0	0	0	0	0	0	0	0	0	0	0	0	0	0	0	0	0	0	0	0	0.655275384029072	0	0	0	0	0	0	0.734767936844658	0	0	0.885485756329009	0	0	0	0	0	0	0	0	0	0	0	0	0	0	0	0	0	0	0	0	0	0	0	0	0	0	0	0	0	0	0	0	0	0	0	0	0	0	0	0	0	0	0	0	0	0	0	0	0	0	0	0.862740506853695	0
0	0	0	0	0	0	0	0	0	0	0	0	0	0	0	0	0	0	0	0	0	0.657594397877886	0	0	0	0	0	0	0	0	0	0	0.874981538414762	0	0	0	0	0	0	0	0	0	0	0	0	0	0	0	0	0	0	0	0	0	0	0	0	0	0	0	0	0	0	0	0	0	0	0	0	0	0	0	0	0	0	0	0	0	0	0	0	0	0	0	0	0	0	0	0	0
0.798784608084736	0	0	0	0	0	0	0	0	0	0	0	0	0	0.562933679740617	0	0	0	0	0	0	0	0	0	0	0	0	0	0	0	0	0	0	0	0	0	0	0	0	0	0	0	0	0	0	0	0	0	0	0	0	0	0	0	0	0	0	0	0	0	0	0	0	0	0	0	0	0	0	0	0	0	0.997608053198316	0	0	0	0	0	0	0	0	0	0	0	0	0	0	0	0	0
0	0	0	0	0	0	0	0	0	0	0	0	0	0	0	0	0	0	0	0	0	0	0	0	0.577010506999855	0	0	0	0	0	0	0	0	0	0	0	0	0	0	0	0	0	0	0	0	0	0	0	0	0	0	0	0	0	0	0	0	0	0	0	0	0	0	0	0	0	0	0	0	0	0	0	0	0	0	0	0	0	0	0	0	0	0	0.976804011465964	0	0	0	0	0	0
0	0	0	0	0	0	0	0	0	0	0	0	0	0	0	0	0	0	0	0	0	0	0	0	0	0	0	0	0	0	0	0	0	0	0	0	0	0	0	0	0	0	0	0.656331301733226	0	0	0	0	0	0	0	0	0	0	0	0	0	0	0	0	0	0	0	0	0	0	0	0	0	0	0	0	0	0	0	0	0	0	0	0.955221337004132	0	0	0	0	0	0	0	0	0	0
0.859507963658419	0	0	0	0	0	0	0	0	0	0	0	0	0	0	0	0	0	0	0	0	0	0	0	0	0	0	0	0	0	0	0	0	0	0	0.91374109327816	0	0	0	0	0	0	0.656331301733226	0	0	0.657038982400234	0	0	0	0	0	0	0	0	0	0	0	0	0	0	0	0	0	0	0	0	0	0	0	0	0	0	0	0	0	0	0	0	0	0	0	0	0	0	0	0	0	0	0.939983866071243	0
0	0	0	0.953200787825142	0	0	0	0	0	0	0	0	0	0	0	0	0	0	0	0	0	0	0	0	0	0	0	0	0	0	0.988056576173339	0	0	0	0	0	0	0	0	0	0	0	0	0	0	0	0.587112961155166	0	0	0	0	0	0	0	0	0	0	0	0	0	0	0.678796385398741	0	0	0	0	0	0	0	0	0	0	0	0	0	0	0	0	0	0	0	0	0	0	0.908156882409604	0	0	0	0	0
0	0.998758671640823	0	0	0	0.841213752731748	0	0.976095617377372	0	0	0	0	0	0.814960955637108	0	0	0	0	0	0	0	0	0	0	0	0	0	0	0	0	0	0	0	0	0	0	0	0	0	0	0	0	0	0.657038982400234	0	0	0	0	0	0	0	0	0	0	0	0	0	0	0	0.990481322642275	0	0	0.595259828932888	0	0	0	0	0	0	0	0	0	0	0	0	0	0	0	0	0	0	0	0	0	0	0	0	0	0	0
0	0	0	0	0	0	0	0	0	0	0	0	0	0	0	0	0	0	0	0	0	0	0	0	0	0	0	0	0	0	0	0	0	0	0	0	0	0	0	0	0	0	0	0	0.587112961155166	0	0	0	0	0	0	0	0	0.97963191132087	0	0	0.861284178117942	0	0	0	0	0	0	0	0	0	0	0	0	0	0	0	0	0	0	0	0	0	0	0	0	0	0	0	0	0	0	0	0	0
0	0	0	0	0	0	0	0	0	0	0	0	0	0	0	0	0	0	0	0	0	0	0	0	0	0	0	0.996070282584057	0	0	0	0	0	0	0	0	0	0	0	0	0	0	0	0	0	0	0	0	0	0	0	0	0	0	0	0	0	0	0	0	0	0	0	0	0	0	0.605191552888397	0	0	0	0.688852070018664	0	0	0	0	0	0	0	0	0	0	0	0	0	0	0	0	0	0	0
0	0	0	0	0	0	0	0	0	0	0	0	0	0	0	0	0	0	0	0	0	0	0	0	0	0	0	0	0	0	0	0	0	0	0.919708805941757	0	0	0	0	0	0	0	0	0	0	0	0	0	0	0	0.928227254253482	0	0	0	0	0	0	0	0	0	0	0	0	0	0	0	0	0	0	0	0	0	0	0	0	0	0	0	0	0	0	0	0	0	0	0	0	0	0	0
0	0	0	0	0	0	0	0	0	0	0	0	0	0	0	0	0	0	0	0	0	0	0	0	0	0	0	0	0	0	0	0	0	0	0	0	0	0	0	0	0	0	0	0	0	0	0	0	0	0	0	0	0	0	0	0.855476198334463	0	0	0	0	0	0	0	0	0	0.989510492124569	0	0	0	0	0	0	0	0	0	0	0	0	0	0	0	0	0.978012641372719	0	0	0	0	0	0	0
0	0	0	0	0	0	0	0	0	0	0	0	0	0	0	0	0	0	0	0	0	0	0	0	0	0	0	0	0	0	0	0	0	0	0	0	0	0	0	0	0	0	0	0	0	0	0	0	0.928227254253482	0	0	0.975909178643714	0	0	0	0	0	0	0	0	0	0	0	0	0	0	0	0	0	0	0	0.859974231436109	0	0	0	0	0	0	0	0	0	0	0	0	0	0	0	0	0	0
0	0	0	0	0	0	0	0	0.669318044788963	0	0	0	0	0	0.950260531797844	0	0	0	0	0	0	0	0	0	0	0	0	0	0	0	0	0	0	0	0	0	0	0	0	0	0	0	0	0	0	0	0	0	0	0	0.975909178643714	0	0	0	0.695613336826603	0	0	0	0	0	0	0	0	0	0	0	0	0	0	0	0	0	0	0	0	0	0	0	0	0	0	0	0	0	0	0	0	0	0	0
0	0	0	0	0	0	0	0	0	0	0	0	0	0	0	0	0	0	0	0	0	0	0	0	0	0	0	0	0.725013033360358	0	0	0	0	0	0	0	0	0	0	0	0	0	0	0	0	0	0	0	0	0	0	0	0	0	0	0	0	0	0	0	0	0	0	0	0.926905154610635	0	0.77452142225328	0	0	0	0	0	0	0	0	0	0	0	0	0	0	0	0	0	0	0	0	0	0	0
0	0	0	0	0	0	0	0	0	0	0	0	0	0	0	0	0	0	0	0	0	0	0.912394648997803	0	0	0	0	0	0	0	0	0	0	0	0	0	0	0	0	0	0	0	0	0	0	0	0.97963191132087	0	0	0	0	0	0	0	0	0	0	0	0	0	0	0	0	0	0	0	0	0	0	0	0	0	0	0	0	0	0	0	0	0	0	0	0	0	0	0	0	0	0	0
0	0	0	0	0	0	0	0	0	0.819411628167673	0	0	0	0	0	0	0	0	0	0	0	0	0	0	0	0	0	0	0	0	0	0	0	0.94144256358159	0.537449272473278	0	0	0	0	0	0	0	0	0	0	0	0	0	0	0	0	0.695613336826603	0	0	0	0.997269130873519	0	0	0	0	0	0	0	0	0	0	0	0	0	0	0	0	0	0	0	0	0	0	0	0	0	0	0	0	0	0	0	0	0	0
0.961804877966464	0	0	0	0	0	0	0.954166368969356	0.959695302611686	0	0	0	0	0	0	0	0	0	0	0	0	0	0	0	0	0	0	0	0	0	0	0	0	0	0	0	0	0	0	0	0	0	0	0	0	0	0	0	0	0.855476198334463	0	0	0	0	0.997269130873519	0	0	0.794170279839838	0	0	0	0	0	0	0	0	0	0	0	0	0	0	0	0	0	0	0	0	0	0	0	0	0	0	0	0	0	0	0	0
0	0	0	0	0	0	0	0	0	0	0	0	0	0	0	0	0	0	0	0	0	0	0	0	0	0	0	0	0	0	0	0	0	0	0	0	0	0	0	0	0	0	0	0	0	0	0.861284178117942	0	0	0	0	0	0	0	0	0	0	0.861731628489709	0	0	0	0	0	0	0	0	0	0.999480993822682	0	0	0	0	0	0	0	0	0	0	0	0	0	0	0	0	0.924774451505491	0	0.830288841790262	0	0	0
0	0	0	0	0	0	0	0	0	0	0	0	0	0	0	0	0	0	0	0	0	0	0	0	0	0	0	0	0	0	0	0	0	0	0	0	0	0	0	0	0	0	0	0	0	0	0	0	0	0	0	0	0	0	0	0.794170279839838	0.861731628489709	0	0.931840469150687	0.975178510135655	0	0	0	0	0	0	0	0	0	0	0	0	0	0	0	0	0	0	0	0	0	0	0	0	0	0.915365347741994	0	0	0	0
0	0	0	0	0	0	0	0	0	0	0	0	0	0	0	0	0	0	0	0	0	0	0.814461689469316	0	0	0	0	0	0	0	0	0	0	0	0	0	0	0	0	0	0	0	0	0	0	0	0	0	0	0	0	0	0	0	0	0	0	0.931840469150687	0	0.901343472568404	0	0	0	0	0	0	0	0	0	0	0	0	0	0	0	0	0	0	0	0	0	0	0.954039425946531	0	0	0	0	0	0	0
0	0	0	0	0	0	0	0	0	0	0	0	0	0	0	0	0	0	0	0	0	0	0	0	0	0	0	0	0	0	0	0	0	0	0	0	0	0	0	0	0	0	0	0	0	0.990481322642275	0	0	0	0	0	0	0	0	0	0	0	0.975178510135655	0.901343472568404	0	0	0	0	0	0	0	0	0	0	0	0	0	0	0	0	0	0	0	0	0	0	0	0	0.904572660673509	0	0	0	0	0	0
0	0	0	0	0	0	0	0	0	0	0	0	0	0	0	0	0	0	0	0	0	0	0	0	0	0	0	0	0	0	0	0	0	0	0	0	0	0	0	0	0	0	0	0	0	0	0	0	0	0	0	0	0	0	0	0	0	0	0	0	0	0.887862310862594	0	0	0	0	0	0	0	0	0	0	0	0.720764314238326	0	0.944755760437549	0	0	0	0	0	0	0	0	0	0	0	0	0	0
0	0	0	0	0	0	0	0	0	0	0	0	0	0	0	0	0	0	0	0	0	0	0	0	0	0	0	0.740099935068054	0.967905000333712	0	0	0	0	0	0	0	0	0.936216660761441	0	0	0	0	0	0	0.678796385398741	0	0	0	0	0	0	0	0	0	0	0	0	0	0	0	0.887862310862594	0	0.56144877551629	0	0	0	0	0	0	0	0	0	0	0	0	0	0	0	0	0	0	0	0	0	0	0	0	0	0	0
0	0	0	0	0	0	0	0	0	0	0	0	0	0	0	0	0	0	0	0	0	0	0	0	0	0	0	0	0.898934011338204	0	0	0	0	0	0	0	0	0	0	0	0	0	0	0	0	0.595259828932888	0	0	0	0	0	0	0	0	0	0	0	0	0	0	0	0.56144877551629	0	0.998252071178367	0	0	0	0	0	0	0	0	0	0	0	0	0	0	0	0	0	0	0	0	0	0	0	0	0.919980201630067	0
0	0	0	0	0	0	0	0	0	0	0	0	0	0	0	0	0	0	0	0	0	0	0	0	0	0	0	0	0.5813611715897	0	0	0	0	0	0	0	0	0	0	0	0	0	0	0	0	0	0	0	0	0	0	0	0	0	0	0	0	0	0	0	0	0	0.998252071178367	0	0.689795348805311	0	0	0	0	0	0	0	0	0	0	0	0	0.99849678733776	0	0	0	0	0	0	0	0	0	0	0	0
0	0	0	0	0	0	0	0	0	0	0	0	0	0	0	0.992083008628817	0	0	0	0	0	0	0	0	0	0	0	0	0	0	0	0	0	0	0	0	0	0	0	0	0	0	0	0	0	0	0	0	0	0	0	0	0.926905154610635	0	0	0	0	0	0	0	0	0	0	0.689795348805311	0	0	0	0	0	0	0	0	0	0	0	0.832310080367701	0	0	0	0	0	0	0	0	0	0	0	0	0	0
0	0	0	0	0	0	0	0	0	0	0.736729343272262	0	0	0	0	0	0.995884952417899	0	0	0	0	0	0	0	0	0	0	0	0	0	0	0	0	0	0	0	0	0	0	0	0	0	0	0	0	0	0	0	0	0.989510492124569	0	0	0	0	0	0	0	0	0	0	0	0	0	0	0	0	0	0.814888363080892	0	0	0	0	0	0	0	0	0	0	0	0	0	0	0	0	0	0	0	0	0	0
0	0	0	0	0	0	0	0	0	0	0	0	0	0	0	0	0	0	0	0	0	0	0	0	0	0	0.868694305713435	0	0	0	0	0	0	0	0	0	0	0	0	0	0	0	0	0	0	0	0	0.605191552888397	0	0	0	0	0.77452142225328	0	0	0	0	0	0	0	0	0	0	0	0	0	0	0	0	0	0	0	0	0	0	0.673824761989189	0	0	0	0	0	0	0	0	0	0	0	0	0	0
0	0	0	0	0	0	0	0	0	0	0	0	0	0	0	0	0	0	0	0	0	0	0	0	0	0.992396961463159	0	0	0	0	0	0	0	0	0	0	0	0	0	0	0	0	0	0	0	0	0	0	0	0	0	0	0	0	0	0	0.999480993822682	0	0	0	0	0	0	0	0	0.814888363080892	0	0	0	0.998411097254897	0	0	0	0	0	0	0	0	0	0	0	0	0	0	0	0	0	0	0	0
0	0	0	0	0	0	0	0	0	0	0	0	0	0	0.848270500027572	0	0	0	0	0	0	0	0	0	0	0	0	0	0	0	0	0	0	0	0	0	0	0	0	0	0	0	0	0	0	0	0	0	0	0	0	0	0	0	0	0	0	0	0	0	0	0	0	0	0	0	0	0	0	0.756699784989297	0	0	0	0	0	0	0	0	0	0	0	0	0	0	0	0	0	0	0	0
0	0	0	0	0	0	0	0	0	0	0	0	0	0	0	0	0	0	0	0	0	0	0	0	0	0	0	0	0	0	0.825145479837515	0	0	0	0	0.590291388128194	0	0	0	0	0	0	0	0	0	0	0	0	0	0	0	0	0	0	0	0	0	0	0	0	0	0	0	0	0	0	0	0.998411097254897	0.756699784989297	0	0	0	0	0	0	0	0	0	0	0	0	0	0	0	0	0	0	0	0	0
0	0	0	0	0	0	0	0	0	0	0	0	0.986829814678082	0.753376499435028	0	0	0	0	0	0	0.806946004314243	0	0	0	0	0	0	0	0	0	0	0	0	0	0	0	0	0	0	0	0	0	0	0	0	0	0	0.688852070018664	0	0	0	0	0	0	0	0	0	0	0	0	0	0	0	0	0	0	0	0	0	0	0	0	0	0	0	0	0	0	0	0	0	0	0	0	0	0	0	0	0	0
0	0	0	0	0	0	0	0	0	0	0	0	0	0	0	0	0	0	0	0	0	0	0	0	0	0	0	0	0	0	0.676412375282824	0	0	0	0	0	0	0	0	0	0	0	0	0	0	0	0	0	0	0	0.859974231436109	0	0	0	0	0	0	0	0	0	0	0	0	0	0	0	0	0	0	0	0	0	0.86804104741366	0.935712895768671	0	0	0	0	0	0	0	0	0	0	0	0	0	0.88794789585024	0	0
0	0	0	0	0	0	0	0	0	0	0.724253617610564	0	0	0	0	0	0	0	0.828651335151557	0	0	0	0	0	0	0	0	0	0	0	0	0	0	0	0	0	0	0	0	0	0.997608053198316	0	0	0	0	0	0	0	0	0	0	0	0	0	0	0	0	0	0	0	0	0	0	0	0	0	0	0	0	0	0	0.86804104741366	0	0	0	0	0	0	0	0.99790798784468	0	0	0.990978260193669	0	0	0	0	0	0	0
0	0	0	0	0	0	0	0	0	0	0	0	0	0	0	0	0	0	0	0	0	0	0	0	0	0	0	0	0	0	0	0	0	0	0	0	0	0	0	0	0	0	0	0	0	0	0	0	0	0	0	0	0	0	0	0	0	0	0	0	0.720764314238326	0	0	0	0	0	0	0	0	0	0	0.935712895768671	0	0	0	0	0	0	0.721795191323906	0.533565694601377	0	0	0	0	0	0	0	0	0	0
0	0	0.770794622037798	0	0	0	0	0	0	0	0	0	0	0	0	0	0	0	0	0	0	0.70557235091185	0	0	0	0	0	0	0	0	0	0	0	0	0	0	0	0.821733611627312	0	0	0	0	0	0	0	0	0	0	0	0	0	0	0	0	0	0	0	0	0	0	0	0	0	0	0	0	0	0	0	0	0	0	0	0	0	0	0	0	0.737896862752713	0	0	0	0	0	0	0	0	0	0	0
0	0	0	0	0	0	0	0	0	0	0	0	0	0	0	0	0	0	0	0	0	0	0	0	0	0	0	0	0	0	0	0	0	0.724551386812766	0	0	0	0	0	0	0	0	0	0	0	0	0	0	0	0	0	0	0	0	0	0	0	0	0	0	0.944755760437549	0	0	0	0.832310080367701	0	0.673824761989189	0	0	0	0	0	0	0	0	0	0.609739282415554	0	0	0	0	0	0	0	0	0.7811562662918	0	0	0	0
0	0.95779957135807	0	0	0	0	0.9996845607004	0	0	0	0	0	0	0	0	0	0	0	0	0	0	0	0	0	0	0	0	0	0	0.72546550470879	0	0	0	0	0	0	0	0	0	0	0	0	0	0	0	0	0	0	0	0	0	0	0	0	0	0	0	0	0	0	0	0	0	0	0	0	0	0	0	0	0	0	0	0	0	0.609739282415554	0	0.648991087331711	0	0	0.929584635569741	0	0	0	0	0	0	0	0	0
0	0	0	0	0	0	0	0	0	0	0	0	0	0	0	0	0	0	0	0	0	0	0	0	0	0	0	0	0	0	0	0	0	0	0	0	0	0	0	0	0	0	0	0	0	0	0	0	0	0	0	0	0	0	0	0	0	0	0	0	0	0	0	0.99849678733776	0	0	0	0	0	0	0	0	0	0	0	0	0.648991087331711	0	0	0	0	0.882246723330928	0	0	0	0	0	0	0	0.97337975071012
0	0	0	0	0	0	0	0	0	0	0	0	0	0	0	0	0	0	0	0	0	0	0	0	0	0	0	0	0.884880521541177	0	0	0	0	0	0	0	0	0	0	0	0	0	0	0	0	0	0	0	0	0	0	0	0	0	0	0	0	0	0	0	0	0	0	0	0	0	0	0	0	0	0	0	0	0.721795191323906	0.737896862752713	0	0	0	0	0	0	0	0	0	0	0	0	0	0	0
0	0	0	0	0	0	0	0	0	0	0	0	0	0	0	0	0	0	0	0	0	0	0	0	0	0	0	0	0	0	0	0	0	0	0	0	0	0.979080631298292	0	0	0	0	0.955221337004132	0	0	0	0	0	0	0	0	0	0	0	0	0	0	0	0	0	0	0	0	0	0	0	0	0	0	0	0	0	0.99790798784468	0.533565694601377	0	0	0	0	0	0	0	0	0	0	0	0	0	0	0	0
0	0	0	0.600223737512328	0	0	0	0	0	0	0	0	0	0	0.860965216277249	0	0	0	0	0	0	0	0	0.900234027353071	0	0	0	0	0	0	0	0	0	0	0	0	0	0	0	0	0	0	0	0	0	0	0	0	0	0	0	0	0	0	0	0	0	0	0	0	0	0	0	0	0	0	0	0	0	0	0	0	0	0	0	0	0.929584635569741	0	0	0	0	0	0	0	0	0	0	0	0	0
0	0	0	0	0	0	0	0.742042133414613	0	0	0	0	0	0	0	0	0	0	0	0	0.916548789618083	0	0	0	0	0	0	0	0	0	0	0	0	0	0	0	0	0	0	0	0	0	0	0	0	0	0	0	0	0	0	0	0	0	0	0	0	0	0	0	0	0	0	0	0	0	0	0	0	0	0	0	0	0	0	0	0	0.882246723330928	0	0	0	0	0	0	0	0	0	0	0	0
0	0	0	0	0	0	0	0	0	0	0.698027501973659	0	0	0	0	0	0	0	0	0	0	0	0	0	0	0	0	0	0	0	0	0	0	0	0	0	0	0	0	0	0	0	0	0	0	0	0	0	0	0.978012641372719	0	0	0	0	0	0	0	0	0.954039425946531	0	0	0	0	0	0	0	0	0	0	0	0	0	0.990978260193669	0	0	0	0	0	0	0	0	0	0	0	0	0	0	0	0	0
0	0	0	0	0	0	0	0	0	0	0	0	0	0	0	0	0	0	0	0	0	0	0	0	0	0	0.935800625667649	0	0	0	0	0	0	0	0	0	0	0	0	0	0	0.976804011465964	0	0	0	0	0	0	0	0	0	0	0	0	0	0	0	0	0	0.904572660673509	0	0	0	0	0	0	0	0	0	0	0	0	0	0	0	0	0	0	0	0	0	0	0	0	0.876829057697976	0	0	0	0	0
0	0	0	0	0	0	0.999761645803506	0	0	0.900582800006968	0	0	0	0	0	0	0	0	0	0	0	0	0	0	0	0	0	0	0	0	0	0	0	0	0	0	0	0	0	0	0	0	0	0	0.908156882409604	0	0	0	0	0	0	0	0	0	0	0	0.924774451505491	0	0	0	0	0	0	0	0	0	0	0	0	0	0	0	0	0	0	0	0	0	0	0	0	0	0	0.876829057697976	0	0	0	0	0	0
0	0	0	0	0	0	0	0	0	0	0	0	0	0	0	0	0	0	0	0	0	0	0	0	0	0	0	0	0	0	0	0	0	0	0	0	0	0	0	0	0	0	0	0	0	0	0	0	0	0	0	0	0	0	0	0	0	0.915365347741994	0	0	0	0	0	0	0	0	0	0	0	0	0	0	0	0	0	0.7811562662918	0	0	0	0	0	0	0	0	0	0	0	0	0	0.88935477074633
0	0	0	0	0	0	0	0	0	0	0	0	0	0	0	0	0	0	0	0	0	0	0	0	0	0	0	0	0	0	0	0	0	0	0	0	0	0	0	0	0	0	0	0	0	0	0	0	0	0	0	0	0	0	0	0	0.830288841790262	0	0	0	0	0	0	0	0	0	0	0	0	0	0	0	0	0	0	0	0	0	0	0	0	0	0	0	0	0	0	0	0.833348543108989	0
0	0	0	0	0	0	0	0	0	0	0	0	0	0	0	0	0	0	0	0	0	0	0	0	0	0	0	0	0	0	0	0	0	0	0	0	0	0	0	0	0	0	0	0	0	0	0	0	0	0	0	0	0	0	0	0	0	0	0	0	0	0	0	0	0	0	0	0	0	0	0	0.88794789585024	0	0	0	0	0	0	0	0	0	0	0	0	0	0	0	0	0.742764035780905	0
0	0	0	0	0	0	0	0	0	0	0.856065242171722	0	0	0	0	0	0.994049317934896	0	0	0	0	0	0	0	0	0	0	0	0	0	0	0	0	0	0	0	0	0	0.862740506853695	0	0	0	0	0.939983866071243	0	0	0	0	0	0	0	0	0	0	0	0	0	0	0	0	0	0	0.919980201630067	0	0	0	0	0	0	0	0	0	0	0	0	0	0	0	0	0	0	0	0	0	0	0	0.833348543108989	0.742764035780905	0	0.85128472686785
0	0	0	0	0	0	0	0	0	0	0	0	0	0	0	0	0	0	0	0	0	0	0	0	0	0	0	0	0	0	0	0	0	0	0	0	0	0	0	0	0	0	0	0	0	0	0	0	0	0	0	0	0	0	0	0	0	0	0	0	0	0	0	0	0	0	0	0	0	0	0	0	0	0	0	0	0	0.97337975071012	0	0	0	0	0	0	0	0.88935477074633	0	0	0.85128472686785	0
