0	0	0	0	0	0	0	0	0	0	0	0	0	0	0	0	0	0	0	0	0	0	0	0	0	0	0	0	0.722004498496713	0	0	0	0	0	0.99340001269025	0	0	0	0	0	0	0	0	0	0	0	0	0	0	0	0	0	0	0	0	0	0	0	0	0	0	0	0	0	0	0	0	0	0	0	0	0	0	0	0	0	0	0	0	0	0	0	0	0	0	0	0	0	0	0.652263965654349
0	0	0	0	0	0	0.629427373361901	0	0	0	0	0	0	0	0	0	0	0	0	0	0	0.776632777874223	0.960577261325719	0	0	0	0	0	0.827984541008499	0	0	0	0	0	0	0	0	0	0	0	0	0	0	0	0	0	0	0	0	0	0	0	0	0	0	0	0	0	0	0	0	0	0	0	0	0	0	0	0	0	0	0	0	0	0	0	0	0	0	0.639658115078516	0	0	0	0	0.837141252143396	0	0	0	0	0
0	0	0	0	0	0	0	0	0	0	0	0.676468493417906	0	0	0	0	0	0	0	0	0	0	0	0	0	0	0	0	0	0	0	0	0	0	0	0	0	0	0	0	0	0	0	0	0	0	0	0	0	0	0	0	0	0	0	0	0	0	0	0	0	0	0	0	0	0	0	0	0	0	0	0	0	0	0	0	0	0	0	0	0.988244159869176	0	0.924963512886233	0	0	0	0.938667759008393	0.96847940083259	0	0
0	0	0	0	0	0	0	0	0	0	0	0	0	0	0	0	0	0	0	0	0	0	0	0	0	0	0	0	0	0	0	0.59180997823653	0	0	0	0	0	0	0	0	0	0	0.663108328458626	0	0	0	0	0	0	0	0	0	0	0	0	0	0	0	0	0	0	0	0.818757062703204	0	0	0	0	0	0	0	0	0	0	0	0	0	0	0	0	0	0	0.996042357854812	0	0.813719005867962	0	0	0	0	0	0
0	0	0	0	0	0	0	0	0	0	0	0	0	0	0	0	0	0	0	0	0	0	0	0	0	0	0	0	0	0	0	0	0	0	0	0	0	0	0	0	0	0	0	0	0	0	0	0	0	0	0	0	0	0	0	0	0	0	0	0	0	0	0	0	0	0.776044350815774	0	0	0	0	0	0	0	0	0	0	0	0	0.667002825743011	0	0	0	0	0	0	0	0	0	0	0
0	0	0	0	0	0	0	0	0	0	0	0	0	0	0	0	0	0	0	0	0	0	0	0	0	0	0	0	0	0.846501104862764	0	0	0	0	0	0	0	0	0	0	0	0	0	0	0	0	0	0	0	0	0	0	0	0	0	0	0	0	0	0	0	0	0	0	0	0	0	0	0	0	0	0	0	0	0	0	0	0	0	0	0	0	0	0	0	0	0	0.900736099538438	0	0
0	0.629427373361901	0	0	0	0	0	0	0	0	0	0	0.835345295896154	0	0	0	0	0	0	0	0	0	0	0	0	0	0	0	0	0	0	0	0	0.922648783075844	0	0	0	0	0	0	0	0	0	0	0	0	0	0	0	0	0	0.825460947950599	0	0	0	0	0	0	0	0	0	0	0	0	0	0	0	0	0	0	0	0	0	0	0	0	0	0	0	0	0	0	0	0	0	0	0	0	0	0
0	0	0	0	0	0	0	0	0	0	0	0	0	0	0	0	0	0	0	0	0	0	0	0	0	0	0	0	0	0	0	0	0	0	0	0	0	0	0	0	0	0	0	0	0	0	0	0	0	0.85917644609068	0	0	0	0	0	0	0	0	0	0	0	0	0	0	0	0	0	0	0	0	0	0	0	0	0	0	0	0	0.792196753413952	0	0	0	0	0	0	0	0	0	0.762086783682055	0
0	0	0	0	0	0	0	0	0	0	0	0	0	0	0	0	0	0	0	0	0.734538875397901	0	0	0	0	0	0	0	0	0	0	0	0	0	0	0	0	0	0	0	0	0	0	0	0	0	0	0	0	0	0	0	0	0	0	0	0	0	0	0	0.780609644596485	0	0	0	0	0	0	0	0	0	0	0	0	0	0.704178994985757	0	0	0	0	0	0	0	0	0	0	0	0	0	0	0
0	0	0	0	0	0	0	0	0	0	0	0	0	0	0	0	0	0	0	0	0	0	0	0	0	0	0	0	0	0.933148084048361	0	0	0	0	0	0	0	0	0	0	0	0	0	0	0	0	0.784638896993724	0	0	0	0	0	0	0	0	0	0	0	0	0	0.661856306428147	0	0	0	0	0	0	0	0	0	0	0	0.785402010496557	0	0.907211564964377	0	0	0	0	0	0	0	0	0	0	0	0	0	0	0
0	0	0	0	0	0	0	0	0	0	0	0.956867248693973	0.991786711966849	0	0	0	0	0	0	0	0	0	0	0	0	0	0	0	0	0	0	0	0	0	0	0	0	0	0	0	0	0	0	0	0	0	0	0	0	0	0	0	0	0	0	0	0	0	0	0	0	0	0	0	0	0	0	0	0	0	0	0	0	0	0	0	0	0	0	0	0	0	0	0	0	0	0	0	0	0
0	0	0.676468493417906	0	0	0	0	0	0	0	0.956867248693973	0	0	0.944386986421146	0	0	0	0	0	0	0	0	0	0	0	0	0	0	0	0	0	0	0	0	0	0	0	0	0	0	0	0	0	0	0	0	0	0	0	0	0	0	0	0	0	0	0	0	0	0	0	0	0	0	0	0	0	0	0	0	0	0	0	0	0	0	0	0	0	0	0	0	0	0	0.879260540908507	0	0	0	0	0
0	0	0	0	0	0	0.835345295896154	0	0	0	0.991786711966849	0	0	0	0	0	0	0	0	0	0	0.815295397857664	0	0	0	0	0	0	0	0	0	0	0	0	0	0	0	0	0	0	0	0	0	0	0	0	0	0	0	0	0	0	0	0	0	0	0	0	0	0	0	0	0	0	0	0	0	0	0.747992611986218	0	0	0	0	0	0	0	0	0	0	0	0	0	0	0	0	0	0	0	0	0
0	0	0	0	0	0	0	0	0	0	0	0.944386986421146	0	0	0	0	0	0	0	0	0	0	0	0	0	0	0	0	0	0	0	0	0	0	0	0	0.854643038482838	0	0	0	0	0	0	0	0	0	0	0	0	0	0	0	0	0	0	0	0	0	0	0	0	0	0	0	0	0	0	0	0	0	0	0	0	0	0	0	0.89712731824382	0	0	0	0	0	0	0	0	0	0	0	0	0
0	0	0	0	0	0	0	0	0	0	0	0	0	0	0	0	0	0	0	0	0	0	0	0	0	0	0	0	0	0	0	0	0	0	0	0	0	0	0	0	0.801939932648231	0	0	0	0	0.677170746344502	0	0	0	0	0	0	0	0	0	0.948214024366407	0	0	0.967743753797816	0.977971824603778	0	0	0	0	0	0	0	0	0	0	0	0	0	0	0	0	0	0	0	0	0	0	0	0	0	0	0	0	0	0
0	0	0	0	0	0	0	0	0	0	0	0	0	0	0	0	0	0.979088824252462	0	0	0	0	0	0	0	0	0	0	0	0	0	0	0	0	0	0	0	0	0.715266619310374	0	0	0	0	0	0	0	0	0	0	0	0	0	0	0	0	0	0	0	0	0	0	0	0	0	0	0	0	0	0	0	0	0	0	0	0	0	0	0	0	0	0	0	0	0	0	0	0	0	0	0
0	0	0	0	0	0	0	0	0	0	0	0	0	0	0	0	0	0	0	0	0	0	0	0	0	0	0	0	0	0	0	0	0	0	0	0.702283078457027	0	0	0	0	0	0	0	0	0	0	0	0	0	0	0	0.95264937104451	0	0	0	0	0	0	0	0	0	0	0.890976087190642	0	0	0	0	0	0	0	0	0	0	0	0	0	0	0	0	0	0	0	0	0	0	0	0.664085240302293	0	0	0
0	0	0	0	0	0	0	0	0	0	0	0	0	0	0	0.979088824252462	0	0	0	0	0	0	0	0	0	0	0	0	0	0	0	0	0	0	0	0	0	0	0	0	0	0	0	0	0	0	0	0	0	0	0	0	0.984342134643687	0	0	0	0	0	0	0	0	0	0	0	0	0	0	0.738351974437544	0	0	0	0	0.824712470456978	0	0	0	0	0	0	0	0	0	0	0	0	0	0	0	0	0
0	0	0	0	0	0	0	0	0	0	0	0	0	0	0	0	0	0	0	0	0	0	0	0	0	0	0	0	0.824573027637605	0	0	0	0	0	0	0	0	0	0	0	0	0	0	0	0	0	0	0	0	0.838301284208224	0	0	0.68936239236221	0.980790574674145	0	0	0.991117210035975	0	0	0	0	0	0	0	0	0	0	0	0	0	0	0	0	0	0	0	0	0	0	0	0	0	0.84207794721587	0	0	0	0	0	0	0
0	0	0	0	0	0	0	0	0	0	0	0	0	0	0	0	0	0	0	0	0	0	0	0	0	0	0.811317150839358	0	0	0	0	0.781462419542628	0	0	0	0	0	0	0	0	0	0	0	0	0	0	0.994595739995465	0	0	0	0	0	0	0	0	0	0	0	0	0	0	0	0	0	0	0	0	0	0	0	0	0.621474888843856	0	0	0	0	0	0	0	0	0	0	0	0	0	0	0	0	0	0
0	0	0	0	0	0	0	0	0.734538875397901	0	0	0	0	0	0	0	0	0	0	0	0	0	0.807956060746443	0	0	0	0	0	0	0	0	0	0	0	0	0	0	0	0	0	0.957913535012646	0	0	0	0	0	0	0	0	0	0	0	0	0	0	0	0	0	0	0	0	0	0	0	0	0	0	0	0	0	0	0	0	0	0	0	0	0	0	0	0	0	0	0	0	0	0.589772441653254	0	0	0
0	0.776632777874223	0	0	0	0	0	0	0	0	0	0	0.815295397857664	0	0	0	0	0	0	0	0	0	0	0	0	0	0	0	0	0	0	0	0	0	0	0	0	0	0	0	0	0	0	0	0	0	0.968248338276764	0	0	0	0	0	0	0	0	0	0	0	0	0	0	0	0	0	0	0	0	0	0	0	0	0	0	0	0	0	0	0	0	0	0	0	0	0	0	0	0	0	0	0
0	0.960577261325719	0	0	0	0	0	0	0	0	0	0	0	0	0	0	0	0	0	0	0.807956060746443	0	0	0	0	0	0	0	0	0	0	0	0	0	0	0	0	0	0	0	0	0	0	0	0.982430860000811	0	0.988074060763012	0	0	0	0	0.607369136862685	0	0	0	0	0	0	0	0	0	0	0	0	0	0	0	0	0	0	0	0	0	0	0	0	0	0	0	0	0	0	0	0	0	0	0	0	0	0
0	0	0	0	0	0	0	0	0	0	0	0	0	0	0	0	0	0	0	0	0	0	0	0	0.880764692831745	0	0	0	0	0	0	0	0	0	0	0	0	0	0	0	0	0	0	0	0	0	0	0	0	0	0	0	0	0	0	0	0	0	0	0	0	0	0	0	0	0	0	0	0	0	0	0	0	0	0	0	0	0	0.64176573433188	0	0	0	0	0	0	0	0	0	0	0
0	0	0	0	0	0	0	0	0	0	0	0	0	0	0	0	0	0	0	0	0	0	0	0.880764692831745	0	0	0	0	0	0	0	0	0	0	0	0	0	0	0	0	0	0.874803029287062	0	0	0	0	0	0	0	0	0	0	0	0	0.968358445973794	0	0	0	0	0	0	0	0	0	0	0	0	0	0	0	0	0	0	0	0	0	0	0	0	0	0	0	0	0	0	0	0	0	0	0
0	0	0	0	0	0	0	0	0	0	0	0	0	0	0	0	0	0	0	0	0	0	0	0	0	0	0	0	0	0	0	0	0	0	0	0	0	0	0	0	0	0	0	0	0	0	0	0	0	0	0	0	0	0	0	0	0	0	0	0	0	0	0	0	0	0	0	0.775699124951142	0	0	0	0	0.932837971306719	0	0	0	0.611156108362209	0	0	0	0	0	0	0	0	0.792346695885228	0	0	0	0
0	0	0	0	0	0	0	0	0	0	0	0	0	0	0	0	0	0	0	0.811317150839358	0	0	0	0	0	0	0	0	0	0	0	0	0	0	0	0	0	0.907194983527969	0	0	0	0	0	0	0	0	0	0	0	0	0	0	0	0	0	0	0	0	0	0	0	0	0	0	0	0	0	0	0	0	0	0	0	0	0	0	0	0	0.628612466205331	0	0	0	0	0.761804279739524	0	0.802378911311414	0	0	0	0
0	0	0	0	0	0	0	0	0	0	0	0	0	0	0	0	0	0	0	0	0	0	0	0	0	0	0	0	0	0	0	0	0	0	0	0	0	0	0	0	0	0	0	0	0	0	0	0	0	0	0	0.984063876622938	0	0	0	0	0	0	0	0	0	0	0	0	0	0	0	0	0	0	0	0	0	0	0.584964754847857	0	0	0	0.601311831765322	0	0	0	0	0	0	0	0	0	0	0
0.722004498496713	0.827984541008499	0	0	0	0	0	0	0	0	0	0	0	0	0	0	0	0	0.824573027637605	0	0	0	0	0	0	0	0	0	0	0	0	0	0	0	0	0	0	0	0	0	0	0	0	0	0	0	0	0	0	0.669684127015567	0	0	0	0	0	0	0.918906412862561	0	0	0	0	0	0	0.913678792110623	0	0	0	0	0	0	0	0	0	0	0	0	0	0	0	0	0	0	0	0	0	0	0	0	0	0
0	0	0	0	0	0.846501104862764	0	0	0	0.933148084048361	0	0	0	0	0	0	0	0	0	0	0	0	0	0	0	0	0	0	0	0	0	0	0	0	0	0	0	0	0	0	0	0	0	0.953963794881046	0	0	0	0	0	0.958408593376492	0	0	0	0	0	0	0	0	0.930837606348071	0	0	0	0	0	0	0	0	0	0	0	0	0	0	0	0	0	0	0	0	0	0	0	0	0	0	0	0	0	0	0
0	0	0	0	0	0	0	0	0	0	0	0	0	0	0	0	0	0	0	0	0	0	0	0	0	0	0	0	0	0	0	0.827866530909291	0	0	0	0	0	0	0	0	0	0	0	0	0	0	0	0	0	0	0	0	0	0	0	0	0	0	0	0	0	0	0	0	0	0	0	0	0	0	0	0	0	0	0	0	0	0	0	0	0	0	0	0	0	0	0	0	0	0.797741985372864
0	0	0	0.59180997823653	0	0	0	0	0	0	0	0	0	0	0	0	0	0	0	0.781462419542628	0	0	0	0	0	0	0	0	0	0	0.827866530909291	0	0	0	0	0	0.657497269593664	0	0	0	0	0	0	0	0	0	0	0	0	0	0	0	0	0	0	0	0	0	0	0	0	0	0	0	0	0	0	0	0	0	0	0	0	0	0	0	0	0	0	0	0	0	0	0	0	0	0	0	0	0
0	0	0	0	0	0	0	0	0	0	0	0	0	0	0	0	0	0	0	0	0	0	0	0	0	0	0	0	0	0	0	0	0	0.932393744183881	0	0	0	0	0	0	0	0	0.738553545866894	0	0	0	0	0	0	0	0	0	0	0	0	0	0	0	0	0	0	0	0	0	0	0	0	0	0	0	0	0	0	0	0	0	0	0	0	0	0	0	0	0	0	0	0	0	0	0
0	0	0	0	0	0	0.922648783075844	0	0	0	0	0	0	0	0	0	0	0	0	0	0	0	0	0	0	0	0	0	0	0	0	0	0.932393744183881	0	0	0	0	0	0	0	0	0	0	0	0	0	0	0	0	0	0	0	0	0	0	0	0	0	0	0	0	0	0.60276456156451	0	0	0	0	0	0	0	0	0	0	0	0	0	0	0	0	0	0	0	0	0	0	0	0.965051345047941	0	0	0.855511361688648
0.99340001269025	0	0	0	0	0	0	0	0	0	0	0	0	0	0	0	0	0	0	0	0	0	0	0	0	0	0	0	0	0	0	0	0	0	0	0	0	0	0	0	0	0	0	0	0	0	0	0	0	0	0	0	0	0	0	0	0	0	0	0	0	0	0	0	0	0	0	0.91969799709639	0	0	0	0	0	0.927017354805768	0	0	0	0	0	0	0	0	0	0	0	0	0	0	0	0
0	0	0	0	0	0	0	0	0	0	0	0	0	0	0	0	0.702283078457027	0	0	0	0	0	0	0	0	0	0	0	0	0	0	0	0	0	0	0	0.872529160450128	0	0	0	0	0	0	0	0	0	0	0	0	0	0.987218011741796	0	0	0	0	0	0	0	0	0	0	0	0	0	0	0	0	0	0	0	0	0	0	0	0	0	0	0	0	0	0	0	0	0	0	0	0	0	0	0
0	0	0	0	0	0	0	0	0	0	0	0	0	0.854643038482838	0	0	0	0	0	0	0	0	0	0	0	0	0	0	0	0	0	0.657497269593664	0	0	0	0.872529160450128	0	0	0	0.951664513902727	0	0	0	0	0	0	0	0	0	0	0	0	0	0	0	0	0	0	0	0	0	0	0	0	0	0	0	0	0	0	0.74692106736036	0	0	0	0	0	0.733573620657876	0	0	0	0	0	0	0	0	0	0	0	0	0
0	0	0	0	0	0	0	0	0	0	0	0	0	0	0	0	0	0	0	0	0	0	0	0	0	0	0.907194983527969	0	0	0	0	0	0	0	0	0	0	0	0	0	0	0	0	0	0	0	0	0	0	0	0	0	0	0	0.657855860008372	0	0	0	0	0	0	0	0	0	0	0	0	0	0.716993988140599	0	0	0	0	0	0	0	0	0	0	0	0	0	0	0	0	0	0	0	0	0
0	0	0	0	0	0	0	0	0	0	0	0	0	0	0	0.715266619310374	0	0	0	0	0	0	0	0	0	0	0	0	0	0	0	0	0	0	0	0	0	0	0	0	0	0	0	0	0	0	0	0	0	0	0	0	0	0	0	0	0	0	0	0	0	0	0	0	0	0	0	0	0	0.930611633801077	0	0	0	0	0	0	0	0	0	0	0.762617288501453	0	0	0	0	0	0	0	0	0
0	0	0	0	0	0	0	0	0	0	0	0	0	0	0	0	0	0	0	0	0	0	0	0	0	0	0	0	0	0	0	0	0	0	0	0	0.951664513902727	0	0	0	0	0	0	0	0	0	0	0	0	0	0	0	0	0	0	0	0	0	0	0	0	0	0	0	0	0	0	0	0	0	0	0	0	0	0	0	0	0	0	0	0.798717775970361	0	0	0	0	0	0	0	0	0
0	0	0	0	0	0	0	0	0	0	0	0	0	0	0.801939932648231	0	0	0	0	0	0.957913535012646	0	0	0	0	0	0	0	0	0	0	0	0	0	0	0	0	0	0	0	0	0	0.964602292408048	0	0	0	0	0	0	0	0	0	0	0	0	0	0	0	0	0	0	0	0	0	0	0	0	0	0	0	0	0	0	0	0	0	0	0	0	0	0	0	0	0	0	0	0	0	0.863265928207341	0
0	0	0	0	0	0	0	0	0	0	0	0	0	0	0	0	0	0	0	0	0	0	0	0	0.874803029287062	0	0	0	0	0	0	0	0	0	0	0	0	0	0	0	0	0	0	0	0	0	0	0	0	0	0	0	0.941791808858475	0	0	0	0	0.939414021733138	0	0	0	0	0	0.972730925339189	0	0	0	0	0	0	0.857776758837235	0	0	0	0	0	0	0	0.620039822192013	0	0	0	0	0	0	0	0	0	0.878505604081932	0
0	0	0	0.663108328458626	0	0	0	0	0	0	0	0	0	0	0	0	0	0	0	0	0	0	0	0	0	0	0	0	0	0	0	0	0.738553545866894	0	0	0	0	0	0	0	0.964602292408048	0	0	0	0	0	0	0	0	0	0	0	0	0	0	0	0	0	0	0	0	0.901146595936398	0	0	0	0	0	0	0	0	0	0	0	0	0	0	0	0	0	0	0.922853397183074	0	0	0	0	0	0	0	0	0
0	0	0	0	0	0	0	0	0	0	0	0	0	0	0	0	0	0	0	0	0	0	0	0	0	0	0	0	0	0.953963794881046	0	0	0	0	0	0	0	0	0	0	0	0	0	0	0	0	0	0	0	0	0	0	0	0	0	0	0	0	0	0	0	0	0	0	0.966286030222259	0	0	0	0	0	0	0	0	0	0	0	0	0	0	0	0	0	0	0	0	0.885316280244678	0	0	0	0
0	0	0	0	0	0	0	0	0	0	0	0	0	0	0	0	0	0	0	0	0	0	0.982430860000811	0	0	0	0	0	0	0	0	0	0	0	0	0	0	0	0	0	0	0	0	0	0	0.871457211232025	0	0	0.695122002139841	0	0	0	0	0	0	0	0	0	0	0	0	0	0	0	0	0	0	0	0	0	0	0	0	0	0	0	0	0	0	0	0	0	0	0	0	0	0	0	0	0
0	0	0	0	0	0	0	0	0	0	0	0	0	0	0.677170746344502	0	0	0	0	0	0	0	0	0	0	0	0	0	0	0	0	0	0	0	0	0	0	0	0	0	0	0	0	0	0.871457211232025	0	0	0	0	0	0	0	0	0	0	0	0	0	0	0	0	0.990730127518327	0	0	0	0	0	0	0	0	0	0	0	0	0	0	0	0	0	0	0	0	0	0	0	0	0.801311169584599	0	0	0
0	0	0	0	0	0	0	0	0	0.784638896993724	0	0	0	0	0	0	0	0	0	0.994595739995465	0	0.968248338276764	0.988074060763012	0	0	0	0	0	0	0	0	0	0	0	0	0	0	0	0	0	0	0	0	0	0	0	0	0	0	0	0	0	0	0.822959053840642	0	0	0	0	0	0	0	0	0	0	0	0	0	0	0	0	0	0	0	0.727174155842344	0	0	0	0	0	0	0	0	0	0	0	0	0	0	0	0
0	0	0	0	0	0	0	0	0	0	0	0	0	0	0	0	0	0	0	0	0	0	0	0	0	0	0	0	0	0	0	0	0	0	0	0	0	0	0	0	0	0	0	0	0	0	0	0	0	0	0	0	0	0	0	0	0	0.760110636694331	0	0.893606420342616	0	0	0	0	0	0	0	0	0	0	0	0.978792917272282	0	0	0	0	0	0	0	0	0	0	0	0	0	0	0	0	0	0
0	0	0	0	0	0	0	0	0	0	0	0	0	0	0	0	0	0	0	0	0	0	0	0	0	0	0	0	0	0	0	0	0	0	0	0	0	0	0	0	0	0	0	0	0.695122002139841	0	0	0	0	0	0	0	0	0	0	0	0	0	0	0	0	0	0	0	0.799273022250512	0	0	0	0	0.933212922181603	0	0	0	0	0	0	0	0.704960039782343	0	0	0	0	0	0	0	0	0	0	0	0
0	0	0	0	0	0	0	0.85917644609068	0	0	0	0	0	0	0	0	0	0	0.838301284208224	0	0	0	0	0	0	0	0	0	0.669684127015567	0.958408593376492	0	0	0	0	0	0	0	0	0	0	0	0	0	0	0	0	0	0	0	0	0	0	0	0	0	0	0	0	0	0	0	0	0	0	0	0	0	0	0	0	0	0	0	0	0	0.878390114965062	0	0	0	0	0	0	0	0	0	0	0	0	0	0
0	0	0	0	0	0	0	0	0	0	0	0	0	0	0	0	0	0	0	0	0	0	0	0	0	0	0	0	0	0	0	0	0	0	0	0.987218011741796	0	0	0	0	0	0	0	0	0	0	0	0	0	0	0	0.928628929709252	0	0	0	0	0	0	0	0	0	0	0	0	0	0	0.97938456495412	0	0	0	0	0	0	0	0	0	0	0.938486309397208	0	0	0	0	0	0	0	0	0	0	0	0
0	0	0	0	0	0	0.825460947950599	0	0	0	0	0	0	0	0	0	0.95264937104451	0	0	0	0	0	0.607369136862685	0	0	0	0	0.984063876622938	0	0	0	0	0	0	0	0	0	0	0	0	0	0	0	0	0	0	0	0	0	0	0.928628929709252	0	0	0	0	0	0	0	0	0	0	0	0	0	0	0	0	0	0	0	0	0	0	0	0	0	0	0	0	0	0	0	0	0	0	0	0	0	0	0
0	0	0	0	0	0	0	0	0	0	0	0	0	0	0	0	0	0.984342134643687	0.68936239236221	0	0	0	0	0	0	0	0	0	0	0	0	0	0	0	0	0	0	0	0	0	0	0.941791808858475	0	0	0	0	0	0	0	0	0	0	0	0	0	0	0.657295921985429	0	0	0	0	0	0	0	0	0	0	0	0	0	0	0	0	0	0	0	0	0	0	0	0	0	0	0	0	0	0	0	0	0
0	0	0	0	0	0	0	0	0	0	0	0	0	0	0	0	0	0	0.980790574674145	0	0	0	0	0	0	0	0	0	0	0	0	0	0	0	0	0	0	0	0	0	0	0	0	0	0	0	0.822959053840642	0	0	0	0	0	0	0	0	0	0	0	0	0	0	0	0	0	0	0	0	0	0	0	0	0	0	0	0	0	0	0	0	0	0	0	0.954241537851951	0	0	0	0	0	0	0
0	0	0	0	0	0	0	0	0	0	0	0	0	0	0	0	0	0	0	0	0	0	0	0	0.968358445973794	0	0	0	0	0	0	0	0	0	0	0	0	0.657855860008372	0	0	0	0	0	0	0	0	0	0	0	0	0	0	0	0	0	0	0	0	0	0	0	0	0	0	0	0	0	0	0	0	0.869993795735374	0	0	0	0	0	0	0	0	0	0	0	0	0	0	0	0	0	0	0
0	0	0	0	0	0	0	0	0	0	0	0	0	0	0.948214024366407	0	0	0	0	0	0	0	0	0	0	0	0	0	0	0	0	0	0	0	0	0	0	0	0	0	0	0	0	0	0	0	0	0	0	0	0	0	0	0	0	0	0	0.74938755765639	0	0	0.845313574586976	0	0	0	0	0	0	0	0	0	0	0	0	0	0	0	0	0	0	0	0	0	0	0	0	0	0	0	0	0
0	0	0	0	0	0	0	0	0	0	0	0	0	0	0	0	0	0	0.991117210035975	0	0	0	0	0	0	0	0	0	0.918906412862561	0	0	0	0	0	0	0	0	0	0	0	0	0	0	0	0	0	0	0	0	0	0	0	0.657295921985429	0	0	0	0	0.977987652715772	0	0	0	0	0	0	0	0	0	0	0	0	0	0	0	0	0	0	0	0	0	0	0	0	0	0	0	0	0	0	0	0
0	0	0	0	0	0	0	0	0	0	0	0	0	0	0	0	0	0	0	0	0	0	0	0	0	0	0	0	0	0	0	0	0	0	0	0	0	0	0	0	0	0.939414021733138	0	0	0	0	0	0.760110636694331	0	0	0	0	0	0	0	0.74938755765639	0.977987652715772	0	0	0.893505965746159	0	0	0.886063536643262	0	0	0	0	0	0	0	0	0	0	0	0	0	0	0	0	0	0	0	0	0	0	0	0	0	0	0
0	0	0	0	0	0	0	0	0	0	0	0	0	0	0.967743753797816	0	0	0	0	0	0	0	0	0	0	0	0	0	0	0.930837606348071	0	0	0	0	0	0	0	0	0	0	0	0	0	0	0	0	0	0	0	0	0	0	0	0	0	0	0	0	0	0	0	0	0	0	0.850018465718205	0	0	0	0	0	0	0	0	0	0	0	0	0	0	0	0	0	0	0	0	0	0	0	0	0
0	0	0	0	0	0	0	0	0	0	0	0	0	0	0.977971824603778	0	0	0	0	0	0	0	0	0	0	0	0	0	0	0	0	0	0	0	0	0	0	0	0	0	0	0	0	0	0	0	0	0.893606420342616	0	0	0	0	0	0	0	0	0	0.893505965746159	0	0	0	0	0	0	0	0	0	0	0	0	0	0	0	0	0	0	0	0	0	0	0	0	0	0	0	0	0	0	0	0
0	0	0	0	0	0	0	0	0.780609644596485	0.661856306428147	0	0	0	0	0	0	0	0	0	0	0	0	0	0	0	0	0	0	0	0	0	0	0	0	0	0	0	0	0	0	0	0	0	0	0	0	0	0	0	0	0	0	0	0	0	0.845313574586976	0	0	0	0	0	0	0	0	0	0.71398786348724	0	0	0	0	0	0	0	0	0	0	0	0	0	0	0	0	0	0	0	0.93994871881816	0	0	0	0
0	0	0	0	0	0	0	0	0	0	0	0	0	0	0	0	0	0	0	0	0	0	0	0	0	0	0	0	0	0	0	0	0	0	0	0	0	0	0	0	0	0	0.901146595936398	0	0	0.990730127518327	0	0	0	0	0	0	0	0	0	0	0	0	0	0	0	0	0.865233391582118	0	0	0	0	0.717168173031649	0	0	0	0	0	0	0	0	0	0	0	0	0	0	0	0	0	0	0	0	0	0
0	0	0	0.818757062703204	0	0	0	0	0	0	0	0	0	0	0	0	0.890976087190642	0	0	0	0	0	0	0	0	0	0	0	0	0	0	0	0	0.60276456156451	0	0	0	0	0	0	0	0	0	0	0	0	0	0	0	0	0	0	0	0	0	0	0	0.886063536643262	0	0	0	0.865233391582118	0	0	0	0	0	0	0	0	0	0	0	0	0	0	0	0	0	0	0	0	0	0	0	0	0	0	0	0
0	0	0	0	0	0	0	0	0	0	0	0	0	0	0	0	0	0	0	0	0	0	0	0	0	0	0	0	0.913678792110623	0	0	0	0	0	0	0	0	0	0	0	0	0.972730925339189	0	0	0	0	0	0	0	0	0	0	0	0	0	0	0	0	0	0	0	0	0	0	0	0	0	0	0	0	0	0	0	0	0	0	0	0	0	0	0	0	0	0	0	0	0	0	0	0
0	0	0	0	0	0	0	0	0	0	0	0	0	0	0	0	0	0	0	0	0	0	0	0	0	0	0	0	0	0	0	0	0	0	0	0	0	0	0	0	0	0	0	0.966286030222259	0	0	0	0	0.799273022250512	0	0	0	0	0	0	0	0	0	0.850018465718205	0	0	0	0	0	0	0	0	0	0	0	0	0	0	0	0	0	0	0	0	0	0	0.92555588218611	0	0	0	0	0	0	0	0
0	0	0	0	0.776044350815774	0	0	0	0	0	0	0	0	0	0	0	0	0	0	0	0	0	0	0	0	0	0	0	0	0	0	0	0	0	0	0	0	0	0	0	0	0	0	0	0	0	0	0	0	0	0	0	0	0	0	0	0	0	0	0	0.71398786348724	0	0	0	0	0	0	0	0	0	0	0	0	0	0.858616647518725	0	0	0	0	0	0	0	0	0	0	0	0	0	0	0
0	0	0	0	0	0	0	0	0	0	0	0	0	0	0	0	0	0	0	0	0	0	0	0	0	0	0	0	0	0	0	0	0	0	0	0	0	0	0	0	0	0	0	0	0	0	0	0	0	0	0.97938456495412	0	0	0	0	0	0	0	0	0	0	0	0	0	0	0	0	0	0.877517173186715	0	0	0	0	0	0	0	0	0	0	0	0	0	0	0	0	0	0	0	0	0
0	0	0	0	0	0	0	0	0	0	0	0	0	0	0	0	0	0.738351974437544	0	0	0	0	0	0	0	0.775699124951142	0	0	0	0	0	0	0	0	0.91969799709639	0	0	0	0	0	0	0	0	0	0	0	0	0	0	0	0	0	0	0	0	0	0	0	0	0	0	0.717168173031649	0	0	0	0	0	0	0	0	0	0	0	0	0	0	0	0	0	0	0	0	0	0	0	0	0	0	0	0
0	0	0	0	0	0	0	0	0	0	0	0	0.747992611986218	0	0	0	0	0	0	0	0	0	0	0	0	0	0	0	0	0	0	0	0	0	0	0	0	0.716993988140599	0	0	0	0	0	0	0	0	0	0	0	0	0	0	0	0	0	0	0	0	0	0	0	0	0	0	0	0	0.877517173186715	0	0	0.827795076053402	0	0	0	0	0	0	0	0	0.814747529228269	0	0	0	0	0	0	0	0	0	0	0
0	0	0	0	0	0	0	0	0	0	0	0	0	0	0	0	0	0	0	0	0	0	0	0	0	0	0	0	0	0	0	0	0	0	0	0	0	0	0.930611633801077	0	0	0	0	0	0	0	0	0	0.933212922181603	0	0	0	0	0	0	0	0	0	0	0	0	0	0	0	0	0	0	0	0.827795076053402	0	0	0.664632641244145	0	0.696022223267749	0	0	0	0	0	0	0	0	0	0	0	0	0	0	0.729568406880228	0
0	0	0	0	0	0	0	0	0	0	0	0	0	0	0	0	0	0	0	0	0	0	0	0	0	0	0	0	0	0	0	0	0	0	0	0	0.74692106736036	0	0	0	0	0.857776758837235	0	0	0	0	0	0	0	0	0	0	0	0	0.869993795735374	0	0	0	0	0	0	0	0	0	0	0	0	0	0	0	0	0	0	0	0	0	0	0	0	0	0	0	0	0	0	0	0	0	0	0
0	0	0	0	0	0	0	0	0	0	0	0	0	0	0	0	0	0	0	0.621474888843856	0	0	0	0	0	0	0	0	0	0	0	0	0	0	0	0	0	0	0	0	0	0	0	0	0	0	0	0.978792917272282	0	0	0	0	0	0	0	0	0	0	0	0	0	0	0	0	0	0	0	0	0	0.664632641244145	0	0	0.598794364189151	0.812973126874222	0	0	0	0	0	0	0	0	0	0	0	0	0	0	0	0
0	0	0	0	0	0	0	0	0	0.785402010496557	0	0	0	0	0	0	0	0.824712470456978	0	0	0	0	0	0	0	0.932837971306719	0	0	0	0	0	0	0	0	0	0	0	0	0	0	0	0	0	0	0	0	0	0	0	0	0	0	0	0	0	0	0	0	0	0	0	0	0	0	0	0	0	0	0	0	0	0.598794364189151	0	0	0	0	0	0.744991740102229	0	0	0	0	0	0	0	0	0	0	0	0
0	0	0	0	0	0	0	0	0	0	0	0	0	0	0	0	0	0	0	0	0	0	0	0	0	0	0	0	0	0	0	0	0	0	0.927017354805768	0	0	0	0	0	0	0	0	0	0	0	0.727174155842344	0	0	0	0	0	0	0	0	0	0	0	0	0	0	0	0	0	0	0	0	0	0	0.696022223267749	0	0.812973126874222	0	0	0	0	0	0	0	0	0	0	0	0	0	0	0	0	0	0
0	0	0	0	0	0	0	0	0.704178994985757	0.907211564964377	0	0	0	0	0	0	0	0	0	0	0	0	0	0	0	0	0	0.584964754847857	0	0	0	0	0	0	0	0	0	0	0	0	0	0	0	0	0	0	0	0	0	0	0	0	0	0	0	0	0	0	0	0	0	0	0	0	0	0.858616647518725	0	0	0	0	0	0	0	0	0	0.959183636109781	0	0	0	0	0	0	0	0	0	0	0	0	0	0
0	0	0	0	0	0	0	0	0	0	0	0	0	0	0	0	0	0	0	0	0	0	0	0	0	0	0	0	0	0	0	0	0	0	0	0	0	0	0	0	0	0	0	0	0	0	0	0	0	0.878390114965062	0	0	0	0	0	0	0	0	0	0	0	0	0	0	0	0	0	0	0	0	0	0	0	0	0.959183636109781	0	0.796937055198426	0	0	0	0	0	0	0	0	0	0	0	0	0
0	0	0	0	0	0	0	0	0	0	0	0	0	0.89712731824382	0	0	0	0	0	0	0	0	0	0	0	0.611156108362209	0	0	0	0	0	0	0	0	0	0	0.733573620657876	0	0	0	0	0	0	0	0	0	0	0	0	0	0	0	0	0	0	0	0	0	0	0	0	0	0	0	0	0	0	0	0	0	0	0	0	0	0	0.796937055198426	0	0	0	0.817647127804601	0	0	0.854436662726354	0	0	0	0	0	0	0
0	0	0	0	0	0	0	0	0	0	0	0	0	0	0	0	0	0	0	0	0	0	0	0	0	0	0	0	0	0	0	0	0	0	0	0	0	0	0	0	0	0	0	0	0	0	0	0	0.704960039782343	0	0.938486309397208	0	0	0	0	0	0	0	0	0	0	0	0	0	0	0	0	0	0	0	0	0	0.744991740102229	0	0	0	0	0	0	0	0	0	0	0	0	0.855808102797504	0	0	0	0
0	0	0	0	0.667002825743011	0	0	0.792196753413952	0	0	0	0	0	0	0	0	0	0	0	0	0	0	0	0.64176573433188	0	0	0.628612466205331	0.601311831765322	0	0	0	0	0	0	0	0	0	0	0	0	0	0.620039822192013	0	0	0	0	0	0	0	0	0	0	0	0	0	0	0	0	0	0	0	0	0	0	0	0	0	0	0.814747529228269	0	0	0	0	0	0	0	0	0	0	0	0	0	0	0	0	0	0	0	0	0
0	0.639658115078516	0	0	0	0	0	0	0	0	0	0	0	0	0	0	0	0	0	0	0	0	0	0	0	0	0	0	0	0	0	0	0	0	0	0	0	0	0	0	0	0	0	0	0	0	0	0	0	0	0	0	0	0	0	0	0	0	0	0	0	0	0	0	0	0	0	0	0	0	0	0	0	0	0	0	0.817647127804601	0	0	0	0	0.981974270675797	0	0	0	0	0	0	0	0
0	0	0.988244159869176	0	0	0	0	0	0	0	0	0	0	0	0	0	0	0	0	0	0	0	0	0	0	0	0	0	0	0	0	0	0	0	0	0	0	0	0.762617288501453	0.798717775970361	0	0	0.922853397183074	0	0	0	0	0	0	0	0	0	0	0	0	0	0	0	0	0	0	0	0	0	0	0	0	0	0	0	0	0	0	0	0	0	0	0	0	0	0	0	0	0.812270790334657	0	0	0	0	0	0
0	0	0	0.996042357854812	0	0	0	0	0	0	0	0	0	0	0	0	0	0	0	0	0	0	0	0	0	0	0	0	0	0	0	0	0	0	0	0	0	0	0	0	0	0	0	0	0	0	0	0	0	0	0	0	0	0	0	0	0	0	0	0	0	0	0	0	0.92555588218611	0	0	0	0	0	0	0	0	0	0	0	0	0	0	0.981974270675797	0	0	0	0.910092719581648	0	0	0	0	0	0
0	0	0.924963512886233	0	0	0	0	0	0	0	0	0	0	0	0	0	0	0	0.84207794721587	0	0	0	0	0	0	0	0	0	0	0	0	0	0	0	0	0	0	0	0	0	0	0	0	0	0	0	0	0	0	0	0	0	0	0.954241537851951	0	0	0	0	0	0	0	0	0	0	0	0	0	0	0	0	0	0	0	0	0	0	0.854436662726354	0	0	0	0	0	0	0	0	0	0	0	0	0
0	0	0	0.813719005867962	0	0	0	0	0	0	0	0	0	0	0	0	0	0	0	0	0	0	0	0	0	0	0.761804279739524	0	0	0	0	0	0	0	0	0	0	0	0	0	0	0	0	0	0	0	0	0	0	0	0	0	0	0	0	0	0	0	0	0	0	0	0	0	0	0	0	0	0	0	0	0	0	0	0	0	0	0	0	0	0.812270790334657	0.910092719581648	0	0	0	0	0	0	0	0
0	0.837141252143396	0	0	0	0	0	0	0	0	0	0.879260540908507	0	0	0	0	0	0	0	0	0	0	0	0	0	0	0	0	0	0	0	0	0	0	0	0	0	0	0	0	0	0	0	0	0	0	0	0	0	0	0	0	0	0	0	0	0	0	0	0	0	0	0	0	0	0	0	0	0	0	0	0	0	0	0	0	0	0	0	0	0	0	0	0	0	0	0.909665312746136	0	0	0
0	0	0	0	0	0	0	0	0	0	0	0	0	0	0	0	0	0	0	0	0	0	0	0	0	0.792346695885228	0.802378911311414	0	0	0	0	0	0	0	0	0	0	0	0	0	0	0	0	0.885316280244678	0	0	0	0	0	0	0	0	0	0	0	0	0	0	0	0	0.93994871881816	0	0	0	0	0	0	0	0	0	0	0	0	0	0	0	0	0.855808102797504	0	0	0	0	0	0	0	0	0	0	0	0
0	0	0.938667759008393	0	0	0	0	0	0	0	0	0	0	0	0	0	0.664085240302293	0	0	0	0.589772441653254	0	0	0	0	0	0	0	0	0	0	0	0	0.965051345047941	0	0	0	0	0	0	0	0	0	0	0	0.801311169584599	0	0	0	0	0	0	0	0	0	0	0	0	0	0	0	0	0	0	0	0	0	0	0	0	0	0	0	0	0	0	0	0	0	0	0	0	0	0	0.909665312746136	0	0	0	0	0
0	0	0.96847940083259	0	0	0.900736099538438	0	0	0	0	0	0	0	0	0	0	0	0	0	0	0	0	0	0	0	0	0	0	0	0	0	0	0	0	0	0	0	0	0	0	0	0	0	0	0	0	0	0	0	0	0	0	0	0	0	0	0	0	0	0	0	0	0	0	0	0	0	0	0	0	0	0	0	0	0	0	0	0	0	0	0	0	0	0	0	0	0	0	0.945974317658858	0.936205061189988
0	0	0	0	0	0	0	0.762086783682055	0	0	0	0	0	0	0	0	0	0	0	0	0	0	0	0	0	0	0	0	0	0	0	0	0	0	0	0	0	0	0	0	0.863265928207341	0.878505604081932	0	0	0	0	0	0	0	0	0	0	0	0	0	0	0	0	0	0	0	0	0	0	0	0	0	0	0	0.729568406880228	0	0	0	0	0	0	0	0	0	0	0	0	0	0	0	0	0	0.945974317658858	0	0
0.652263965654349	0	0	0	0	0	0	0	0	0	0	0	0	0	0	0	0	0	0	0	0	0	0	0	0	0	0	0	0	0	0.797741985372864	0	0	0.855511361688648	0	0	0	0	0	0	0	0	0	0	0	0	0	0	0	0	0	0	0	0	0	0	0	0	0	0	0	0	0	0	0	0	0	0	0	0	0	0	0	0	0	0	0	0	0	0	0	0	0	0	0	0	0	0.936205061189988	0	0
