0	0	0	0	0	0	0	0	0	0	0	0.898644398653975	0	0	0	0	0	0	0	0	0	0	0	0.859849686234496	0	0	0	0	0	0	0	0	0	0	0	0	0	0	0	0	0	0.837897121338748	0	0	0	0	0	0	0	0	0	0	0	0	0	0	0	0	0	0	0	0	0	0	0	0	0	0	0	0	0	0.981491341376884	0	0	0	0	0	0	0	0	0	0	0	0.806112496922181	0	0	0	0	0	0.693859688722626
0	0	0	0.635713631454151	0	0	0	0	0	0	0	0	0	0	0	0	0	0	0	0	0.760968705034055	0	0	0	0	0	0	0	0	0	0	0.718332140497489	0	0	0	0	0	0	0	0	0	0	0	0	0	0	0	0	0	0	0	0	0	0	0	0	0	0	0	0	0	0	0	0	0	0	0	0	0	0	0	0	0	0	0	0	0	0	0	0	0	0	0	0	0	0	0	0	0	0
0	0	0	0	0	0	0	0	0	0	0	0	0	0	0	0	0	0	0	0	0	0	0	0	0	0	0	0	0	0	0	0	0	0	0	0	0	0	0	0	0	0	0	0	0	0	0	0	0	0	0.845282336381579	0	0	0	0	0	0	0	0	0	0	0	0	0	0	0	0	0	0	0	0	0.908303105290556	0	0	0	0	0.661634177425452	0	0	0	0	0	0	0	0	0	0	0	0	0
0	0.635713631454151	0	0	0	0.749630652586566	0	0	0	0	0	0	0	0	0	0	0	0	0	0	0	0	0	0	0	0	0	0	0	0	0	0	0	0	0	0	0	0	0	0	0	0	0	0	0	0	0	0	0	0	0	0	0	0	0	0	0	0	0	0	0	0	0	0	0	0	0	0	0	0	0	0	0	0	0	0	0	0	0	0	0	0	0	0	0	0.834669459101905	0	0	0	0
0	0	0	0	0	0	0	0	0	0	0	0	0	0	0	0	0	0	0	0	0	0	0	0	0	0	0	0	0.737110266253299	0	0	0	0	0.891243492999564	0	0	0	0	0	0	0	0	0	0	0	0	0	0	0	0	0	0	0	0	0	0	0	0	0	0	0	0	0	0	0	0	0	0	0	0	0	0	0	0	0	0	0	0	0	0	0	0	0	0.580010129992262	0	0	0.819708523195279	0	0.996356682356026	0
0	0	0	0.749630652586566	0	0	0	0	0	0	0.812101410292352	0	0	0	0	0	0	0	0	0	0	0	0	0	0	0	0	0.798208187383449	0	0	0	0	0	0	0	0	0	0	0.791338538948354	0	0	0	0	0	0	0	0	0	0	0	0	0	0	0	0	0	0	0	0	0	0	0.959460852921045	0	0	0	0	0	0	0	0	0	0	0	0	0	0	0	0	0	0	0	0	0	0	0	0	0	0	0	0.733206620833978
0	0	0	0	0	0	0	0	0	0	0	0	0	0	0	0.82630132946282	0	0	0	0	0	0	0	0	0	0	0.543464322322666	0	0	0	0	0	0	0	0	0	0	0	0	0	0	0	0	0	0	0.584877861596534	0	0	0	0	0	0	0	0	0	0	0	0	0	0	0	0	0	0	0	0	0	0	0	0	0	0	0	0	0	0	0	0	0	0	0	0	0	0	0	0.578978577499888	0	0	0	0
0	0	0	0	0	0	0	0	0.766114080944261	0	0	0	0	0	0	0	0	0	0	0	0	0	0	0	0	0	0	0.834655983423476	0	0	0	0	0	0	0	0	0	0	0	0	0	0	0	0	0	0	0	0	0	0	0	0	0	0	0	0	0	0	0	0	0	0	0	0	0	0	0	0	0	0	0	0	0	0	0	0	0	0	0.962249475692638	0	0	0	0	0	0	0	0	0	0	0
0	0	0	0	0	0	0	0.766114080944261	0	0	0.728176594464892	0	0.801932248981156	0	0	0	0	0	0	0	0	0	0	0.807022524577317	0	0	0	0	0	0	0	0	0	0	0	0	0	0	0	0	0	0	0	0	0	0	0	0	0	0	0.949532012869868	0.872273724133144	0	0	0	0	0	0	0	0	0	0	0	0	0.957594957311299	0	0	0	0	0	0	0	0	0	0	0	0	0	0	0	0	0	0	0	0	0	0	0	0	0
0	0	0	0	0	0	0	0	0	0	0	0	0	0	0	0	0	0	0	0	0	0	0	0	0	0	0	0	0	0	0	0	0	0	0	0	0	0	0.649923555293292	0	0	0	0	0	0	0	0	0	0	0	0	0	0	0	0	0	0	0	0	0	0	0	0	0	0	0	0	0	0	0	0	0	0	0	0	0	0	0	0.981936158283043	0	0	0	0	0	0	0	0	0	0	0
0	0	0	0	0	0.812101410292352	0	0	0.728176594464892	0	0	0	0	0	0	0	0	0	0	0	0	0	0	0	0	0	0	0	0	0	0	0	0	0	0	0	0	0	0	0.900425165468629	0	0	0	0	0	0	0	0	0	0	0	0	0	0	0	0	0	0	0	0	0	0	0	0	0	0	0	0	0	0.744839548974471	0	0	0	0	0	0	0	0	0	0	0	0	0	0	0	0	0	0	0	0
0.898644398653975	0	0	0	0	0	0	0	0	0	0	0	0	0	0	0	0	0	0	0	0	0	0	0	0.865658025777792	0	0	0	0	0	0	0	0	0	0	0	0	0	0	0	0	0	0	0	0	0	0	0	0	0	0	0	0	0	0	0	0	0	0	0	0	0	0	0	0	0	0	0	0	0	0	0	0	0	0.935735474662582	0	0	0	0	0	0	0	0	0	0	0	0	0	0	0.733624435250699
0	0	0	0	0	0	0	0	0.801932248981156	0	0	0	0	0	0	0	0	0	0	0	0	0	0	0	0	0	0	0	0	0	0	0	0	0	0	0	0	0	0	0	0	0	0	0	0	0	0	0	0	0	0	0	0	0	0	0	0.672683921090297	0	0	0	0	0	0	0	0	0	0	0	0	0	0	0	0	0	0	0	0	0.841515058160857	0	0	0	0	0	0	0	0	0.846265428138565	0	0	0
0	0	0	0	0	0	0	0	0	0	0	0	0	0	0.9752946643215	0	0	0	0	0	0	0	0	0	0	0	0	0	0	0	0	0	0	0	0	0	0	0	0.600116340481617	0	0	0	0	0	0	0	0	0	0	0	0	0	0	0	0	0	0	0	0	0	0	0	0	0	0.783518531001199	0	0	0	0	0	0	0	0	0	0	0	0	0	0	0	0	0.657653620453062	0	0	0	0	0	0	0	0
0	0	0	0	0	0	0	0	0	0	0	0	0	0.9752946643215	0	0	0	0	0	0	0	0.812947708049003	0	0	0	0	0	0	0	0	0	0	0	0	0	0.913721561364226	0	0	0	0	0	0	0	0	0	0	0	0	0	0	0	0	0	0	0	0	0	0	0	0	0	0	0	0	0	0	0	0	0	0	0	0	0	0	0	0	0	0	0	0	0	0	0	0	0	0.942322950933909	0	0	0	0.840736742295222
0	0	0	0	0	0	0.82630132946282	0	0	0	0	0	0	0	0	0	0	0	0	0	0	0	0	0	0	0	0	0	0	0	0	0	0	0	0	0	0	0	0	0	0	0	0	0	0	0.995970495282531	0	0	0.941753378369875	0	0	0	0	0	0	0	0	0	0	0	0	0	0	0	0	0	0	0	0	0	0	0	0	0	0	0	0	0	0	0	0	0.935421889376378	0	0	0	0	0	0	0	0
0	0	0	0	0	0	0	0	0	0	0	0	0	0	0	0	0	0	0	0	0	0	0	0	0	0	0	0.993620987035182	0	0	0	0	0	0	0	0	0	0	0	0.988475860589606	0	0	0	0	0	0	0	0	0	0	0	0	0	0	0	0	0	0	0	0	0	0	0	0	0	0	0	0	0	0	0	0	0	0	0	0	0	0	0	0	0	0	0	0	0	0	0	0	0	0
0	0	0	0	0	0	0	0	0	0	0	0	0	0	0	0	0	0	0	0	0	0	0	0.957147458370929	0	0	0	0	0	0	0	0	0	0	0	0	0	0.940176869797912	0	0	0	0	0	0	0	0	0	0	0	0	0	0	0	0	0	0	0	0	0	0	0	0	0	0	0	0	0	0	0	0	0	0	0	0.780993156380063	0	0	0	0	0	0.838447029587628	0	0	0	0	0	0	0	0	0	0
0	0	0	0	0	0	0	0	0	0	0	0	0	0	0	0	0	0	0	0	0	0	0	0	0	0	0	0	0	0	0	0	0	0	0	0	0	0	0	0	0	0	0	0	0	0	0	0	0	0	0	0	0	0	0	0	0.684243990610989	0	0	0	0	0.802718366987025	0.865341216320527	0	0	0	0.966483271673735	0	0.966219216919674	0	0	0	0.614900037740319	0	0	0	0	0	0	0	0	0	0	0	0	0	0	0	0	0
0	0	0	0	0	0	0	0	0	0	0	0	0	0	0	0	0	0	0	0	0	0	0	0	0	0.905680166953417	0	0	0	0	0.796168828190942	0	0	0.78549991297928	0	0	0	0	0	0	0	0	0	0	0	0	0	0	0	0	0	0	0	0	0	0	0	0	0	0	0	0	0	0	0	0	0	0.712508827803829	0	0	0	0	0	0	0	0	0	0	0	0	0	0	0	0	0	0	0	0	0	0
0	0.760968705034055	0	0	0	0	0	0	0	0	0	0	0	0	0	0	0	0	0	0	0	0.972307757230371	0.895644246136262	0	0	0	0	0	0	0	0	0	0	0	0	0	0	0	0	0	0	0	0	0	0	0	0	0	0	0	0	0	0	0	0	0	0	0	0	0	0	0.978604934346267	0	0	0	0	0	0	0	0	0	0	0	0	0	0	0	0	0	0	0	0	0	0	0	0	0	0	0	0
0	0	0	0	0	0	0	0	0	0	0	0	0	0	0.812947708049003	0	0	0	0	0	0.972307757230371	0	0	0	0	0.784600671790994	0	0	0	0	0	0	0	0	0	0	0.813046788971721	0	0	0	0	0	0	0	0	0	0	0	0	0	0	0	0	0	0	0	0	0	0	0	0	0	0	0	0	0	0	0	0	0	0	0.763950555937063	0	0	0	0	0	0	0	0	0	0	0	0	0	0	0	0	0	0
0	0	0	0	0	0	0	0	0	0	0	0	0	0	0	0	0	0	0	0	0.895644246136262	0	0	0.687886783262823	0	0	0	0	0	0	0	0	0	0	0.608607190869284	0	0.94448821070876	0	0	0	0	0	0	0	0	0	0	0	0	0	0	0	0	0	0	0	0	0	0	0	0	0	0	0	0	0	0	0	0	0	0	0	0	0	0	0	0	0	0	0	0	0	0	0	0	0	0	0	0	0
0.859849686234496	0	0	0	0	0	0	0	0.807022524577317	0	0	0	0	0	0	0	0	0.957147458370929	0	0	0	0	0.687886783262823	0	0	0	0	0	0	0	0	0	0	0	0	0	0	0	0	0	0	0	0	0	0	0	0	0	0	0	0	0	0	0	0	0	0	0	0	0	0	0	0	0	0	0	0.962184062403304	0	0	0	0	0	0	0	0	0	0	0	0	0	0	0	0	0	0	0	0	0	0	0
0	0	0	0	0	0	0	0	0	0	0	0.865658025777792	0	0	0	0	0	0	0	0	0	0	0	0	0	0	0.888036599368312	0	0	0	0	0	0	0	0	0.990488755104894	0	0	0	0	0	0	0	0	0	0	0	0	0	0	0	0	0	0	0	0	0	0	0	0	0	0	0	0	0	0	0	0	0	0	0	0	0	0	0	0	0	0	0	0	0	0	0	0	0	0	0	0	0	0
0	0	0	0	0	0	0	0	0	0	0	0	0	0	0	0	0	0	0	0.905680166953417	0	0.784600671790994	0	0	0	0	0	0	0	0	0	0	0	0	0	0	0	0	0	0	0	0	0	0	0	0	0	0	0	0	0	0	0.797629915855302	0	0	0	0	0	0	0	0	0	0	0.946362681322714	0	0.787397482729283	0	0	0	0	0	0	0	0	0	0	0	0	0	0	0.881020794500037	0	0	0	0	0	0	0	0	0
0	0	0	0	0	0	0.543464322322666	0	0	0	0	0	0	0	0	0	0	0	0	0	0	0	0	0	0.888036599368312	0	0	0	0	0	0	0	0	0	0	0	0	0	0	0	0	0	0	0	0	0	0	0	0	0	0	0	0	0	0	0.795095598349546	0	0	0	0	0	0	0	0	0	0	0	0	0	0	0	0	0	0	0	0.732233592264352	0	0	0	0	0	0	0	0	0	0	0	0	0	0
0	0	0	0	0	0.798208187383449	0	0.834655983423476	0	0	0	0	0	0	0	0	0.993620987035182	0	0	0	0	0	0	0	0	0	0	0	0	0	0	0	0	0	0	0	0	0	0	0	0	0	0	0	0	0	0	0.928033193844345	0	0	0	0	0	0	0	0	0	0	0	0	0	0	0	0	0	0	0	0	0	0	0	0	0	0	0	0	0	0	0	0	0	0	0	0	0	0	0	0	0	0
0	0	0	0	0.737110266253299	0	0	0	0	0	0	0	0	0	0	0	0	0	0	0	0	0	0	0	0	0	0	0	0	0	0.906842439904146	0	0	0	0	0	0	0	0	0	0.835035847307994	0	0	0	0	0	0	0	0	0	0	0	0	0	0	0	0	0	0	0	0	0	0	0	0	0	0	0	0	0	0	0	0	0	0	0	0	0	0.840709258235143	0	0	0	0	0	0	0	0	0	0	0
0	0	0	0	0	0	0	0	0	0	0	0	0	0	0	0	0	0	0	0	0	0	0	0	0	0	0	0	0	0	0	0	0	0	0	0	0.891728852286482	0	0	0	0	0	0	0	0	0	0.869488749530388	0	0	0	0	0	0	0	0	0	0	0	0	0	0	0	0	0	0	0	0	0	0	0	0	0	0	0	0	0	0	0	0.6888125494692	0	0	0	0	0.669097323614268	0	0	0.902598260032921	0	0	0
0	0	0	0	0	0	0	0	0	0	0	0	0	0	0	0	0	0	0	0.796168828190942	0	0	0	0	0	0	0	0	0.906842439904146	0	0	0.982973836234892	0	0	0	0	0	0	0	0	0	0	0	0	0	0	0	0	0.933555800618006	0	0	0	0	0	0	0	0	0	0	0	0	0	0	0	0	0	0	0	0	0	0	0	0	0	0	0	0	0	0	0	0	0	0	0	0	0	0	0	0	0
0	0.718332140497489	0	0	0	0	0	0	0	0	0	0	0	0	0	0	0	0	0	0	0	0	0	0	0	0	0	0	0	0	0.982973836234892	0	0.634000553421977	0	0	0	0	0	0	0	0	0	0	0	0	0	0	0.834270304030831	0	0	0	0	0	0	0	0	0	0	0	0	0	0	0	0	0	0	0	0	0	0	0	0	0	0	0	0	0	0	0	0	0	0	0	0	0	0	0	0	0	0
0	0	0	0	0	0	0	0	0	0	0	0	0	0	0	0	0	0	0	0	0	0	0	0	0	0	0	0	0	0	0	0.634000553421977	0	0	0	0	0	0	0	0	0	0	0	0	0	0	0	0	0	0	0	0	0	0.732569847620758	0	0	0	0	0	0	0	0	0	0	0	0	0	0	0	0	0.812162429465826	0	0	0	0	0	0	0	0	0	0	0	0	0	0	0	0	0	0	0
0	0	0	0	0.891243492999564	0	0	0	0	0	0	0	0	0	0	0	0	0	0	0.78549991297928	0	0	0	0	0	0	0	0	0	0	0	0	0	0	0.966746626906075	0	0.968616308938253	0	0	0	0.691074105985177	0	0	0	0	0	0	0	0	0	0	0	0	0.687252840537492	0	0	0	0	0	0.724791766098523	0	0	0	0	0	0	0	0	0	0	0	0	0	0	0	0	0	0	0	0	0	0	0	0	0	0	0	0	0	0
0	0	0	0	0	0	0	0	0	0	0	0	0	0	0	0	0	0	0	0	0	0	0.608607190869284	0	0	0	0	0	0	0	0	0	0	0.966746626906075	0	0	0	0	0	0	0	0	0	0	0	0	0	0	0	0	0	0.985531679752683	0	0	0	0	0	0	0	0	0	0	0	0	0	0	0	0	0	0.705115295584578	0	0	0	0	0	0	0	0	0	0	0	0	0	0	0	0	0	0	0	0
0	0	0	0	0	0	0	0	0	0	0	0	0	0	0.913721561364226	0	0	0	0	0	0	0	0	0	0.990488755104894	0	0	0	0	0	0	0	0	0	0	0	0	0	0	0	0	0	0	0	0.759531063550545	0	0	0	0	0	0	0	0.91691512431367	0	0	0	0	0	0	0	0	0	0	0	0	0	0	0	0	0	0	0	0	0	0	0	0	0	0	0	0	0	0	0	0	0	0	0	0	0
0	0	0	0	0	0	0	0	0	0	0	0	0	0	0	0	0	0	0	0	0	0.813046788971721	0.94448821070876	0	0	0	0	0	0	0.891728852286482	0	0	0	0.968616308938253	0	0	0	0	0	0	0	0	0	0	0	0	0	0	0	0	0	0	0	0	0	0	0	0	0	0	0	0	0	0	0	0	0	0	0	0	0	0	0	0	0	0	0	0	0	0	0	0	0	0	0	0	0	0	0	0
0	0	0	0	0	0	0	0	0	0	0	0	0	0	0	0	0	0.940176869797912	0	0	0	0	0	0	0	0	0	0	0	0	0	0	0	0	0	0	0	0	0	0	0	0	0	0	0	0.922625890219446	0	0	0	0	0	0	0	0	0	0	0	0	0	0	0	0	0	0	0	0	0	0	0	0	0	0.67564775182611	0	0	0	0	0	0	0.939066298995008	0	0	0	0	0	0	0	0	0	0	0
0	0	0	0	0	0.791338538948354	0	0	0	0.649923555293292	0	0	0	0.600116340481617	0	0	0	0	0	0	0	0	0	0	0	0	0	0	0	0	0	0	0	0	0	0	0	0	0	0.693100846221276	0	0	0	0	0	0	0	0	0	0	0	0	0	0	0	0	0	0	0	0	0	0	0	0	0	0	0	0	0	0	0	0	0	0.627557030159378	0	0	0	0	0	0	0	0	0.977135626835765	0	0	0	0	0	0	0
0	0	0	0	0	0	0	0	0	0	0.900425165468629	0	0	0	0	0	0.988475860589606	0	0	0	0	0	0	0	0	0	0	0	0	0	0	0	0	0	0	0	0	0	0.693100846221276	0	0	0	0	0	0	0	0	0	0	0	0	0	0	0	0.617927432144014	0	0	0	0.832212856409841	0	0	0	0	0	0	0	0	0	0	0	0	0	0	0	0	0	0	0	0	0	0	0	0	0	0	0	0	0	0	0
0	0	0	0	0	0	0	0	0	0	0	0	0	0	0	0	0	0	0	0	0	0	0	0	0	0	0	0	0.835035847307994	0	0	0	0	0.691074105985177	0	0	0	0	0	0	0	0	0	0	0	0	0	0	0	0	0	0	0	0	0	0	0	0	0	0	0	0	0	0	0	0	0	0	0	0	0	0	0	0	0	0	0	0	0	0	0	0	0	0	0	0	0	0	0	0
0.837897121338748	0	0	0	0	0	0	0	0	0	0	0	0	0	0	0	0	0	0	0	0	0	0	0	0	0	0	0	0	0	0	0	0	0	0	0	0	0	0	0	0	0	0.88680608897947	0	0	0	0	0	0	0	0	0	0	0	0	0	0	0	0	0	0	0	0	0	0	0	0	0	0	0	0	0	0	0	0	0	0	0	0	0	0	0	0	0	0	0	0	0	0	0
0	0	0	0	0	0	0	0	0	0	0	0	0	0	0	0	0	0	0	0	0	0	0	0	0	0	0	0	0	0	0	0	0	0	0	0	0	0	0	0	0	0.88680608897947	0	0	0.909868198288677	0	0	0	0	0.901335793409948	0	0	0	0	0	0	0.730669248624867	0	0	0	0	0	0	0	0	0	0	0	0	0	0	0	0	0	0	0	0	0	0	0	0	0	0	0	0	0	0	0	0	0
0	0	0	0	0	0	0	0	0	0	0	0	0	0	0	0	0	0	0	0	0	0	0	0	0	0	0	0	0	0	0	0	0	0	0	0	0	0	0	0	0	0	0	0	0	0	0	0.853462061687144	0	0	0	0	0	0	0	0	0	0	0	0	0	0	0	0	0	0	0	0	0	0	0	0	0	0	0	0	0.702767145541245	0	0	0	0	0.839380489973685	0	0	0	0	0	0	0	0
0	0	0	0	0	0	0	0	0	0	0	0	0	0	0	0	0	0	0	0	0	0	0	0	0	0	0	0	0	0	0	0	0	0	0	0.759531063550545	0	0	0	0	0	0	0.909868198288677	0	0	0	0	0	0	0	0	0	0	0	0	0	0	0	0	0	0	0	0	0	0	0	0	0	0	0	0	0	0	0	0	0	0	0	0	0	0	0	0	0	0.963917790733244	0.805751557758466	0	0	0	0.680136236725574
0	0	0	0	0	0	0.584877861596534	0	0	0	0	0	0	0	0	0.995970495282531	0	0	0	0	0	0	0	0	0	0	0	0	0	0	0	0	0	0	0	0	0	0.922625890219446	0	0	0	0	0	0	0	0	0	0	0	0	0	0	0	0	0	0	0	0	0	0	0	0	0	0	0	0.659398726135681	0	0	0	0	0	0	0	0	0	0	0	0	0	0	0	0	0	0	0	0	0	0	0	0
0	0	0	0	0	0	0	0	0	0	0	0	0	0	0	0	0	0	0	0	0	0	0	0	0	0	0	0	0	0.869488749530388	0	0	0	0	0	0	0	0	0	0	0	0	0	0	0	0	0	0	0	0	0	0	0	0	0	0	0	0	0	0	0.703179019189497	0	0	0	0	0	0	0	0	0	0	0	0	0	0	0	0	0	0	0	0	0	0	0	0.859932029957041	0	0	0	0	0
0	0	0	0	0	0	0	0	0	0	0	0	0	0	0	0	0	0	0	0	0	0	0	0	0	0	0	0.928033193844345	0	0	0	0.834270304030831	0	0	0	0	0	0	0	0	0	0	0	0.853462061687144	0	0	0	0	0	0	0	0	0	0	0	0	0	0	0	0	0	0	0	0	0	0	0	0.871171797363966	0.906138690732357	0	0	0	0	0	0	0	0.993925379660457	0	0	0	0	0	0	0	0	0	0	0	0	0
0	0	0	0	0	0	0	0	0	0	0	0	0	0	0	0.941753378369875	0	0	0	0	0	0	0	0	0	0	0	0	0	0	0.933555800618006	0	0	0	0	0	0	0	0	0	0	0	0	0	0	0	0	0	0	0	0	0	0	0	0.89321246666514	0	0	0	0	0	0	0	0	0	0	0	0	0.960068835976883	0	0	0.936399536619444	0	0	0	0	0	0	0	0	0	0	0	0	0	0	0	0	0	0	0
0	0	0	0	0	0	0	0	0	0	0	0	0	0	0	0	0	0	0	0	0	0	0	0	0	0	0	0	0	0	0	0	0	0	0	0	0	0	0	0	0	0	0.901335793409948	0	0	0	0	0	0	0	0	0	0	0	0	0	0	0	0	0	0	0	0	0	0	0	0	0	0	0	0	0	0	0	0	0	0	0.956159085584278	0.803707948585904	0	0	0	0	0	0	0	0	0	0	0
0	0	0.845282336381579	0	0	0	0	0	0.949532012869868	0	0	0	0	0	0	0	0	0	0	0	0	0	0	0	0	0	0	0	0	0	0	0	0	0	0	0	0	0	0	0	0	0	0	0	0	0	0	0	0	0	0	0	0	0	0	0	0	0	0	0	0	0	0	0	0	0	0	0	0	0	0	0	0	0	0	0	0.957088555922687	0	0	0	0	0	0	0	0	0	0	0	0	0
0	0	0	0	0	0	0	0	0.872273724133144	0	0	0	0	0	0	0	0	0	0	0	0	0	0	0	0	0	0	0	0	0	0	0	0	0	0.985531679752683	0	0	0	0	0	0	0	0	0	0	0	0	0	0	0	0	0	0	0.84735788816212	0	0	0	0	0	0	0	0	0	0	0	0	0	0	0	0	0	0	0	0	0	0	0	0	0	0	0	0	0.746933552162557	0	0	0	0	0	0	0
0	0	0	0	0	0	0	0	0	0	0	0	0	0	0	0	0	0	0	0	0	0	0	0	0	0.797629915855302	0	0	0	0	0	0	0	0	0	0.91691512431367	0	0	0	0	0	0	0	0	0	0	0	0	0	0	0	0	0	0	0	0.908840432589315	0	0	0	0	0	0	0	0	0	0	0	0	0	0	0	0	0	0	0	0	0	0	0	0	0	0	0	0	0	0	0	0	0	0
0	0	0	0	0	0	0	0	0	0	0	0	0	0	0	0	0	0	0	0	0	0	0	0	0	0	0	0	0	0	0	0	0.732569847620758	0.687252840537492	0	0	0	0	0	0	0	0	0	0	0	0	0	0	0	0	0	0.84735788816212	0	0	0	0.661661658686135	0	0	0	0	0	0	0	0	0	0	0	0	0	0	0	0	0	0	0	0	0	0	0	0	0	0	0	0	0	0	0	0	0	0
0	0	0	0	0	0	0	0	0	0	0	0	0	0	0	0	0	0	0	0	0	0	0	0	0	0	0	0	0	0	0	0	0	0	0	0	0	0	0	0.617927432144014	0	0	0	0	0	0	0	0	0.89321246666514	0	0	0	0	0	0	0.987967445004015	0	0.705599582297618	0	0	0	0	0	0	0	0	0	0	0	0	0	0	0	0	0	0	0	0	0	0	0	0	0	0	0	0	0	0	0.893685596275571	0
0	0	0	0	0	0	0	0	0	0	0	0	0	0	0	0	0	0	0	0	0	0	0	0	0	0	0.795095598349546	0	0	0	0	0	0	0	0	0	0	0	0	0	0	0	0	0	0	0	0	0	0	0	0	0	0.908840432589315	0.661661658686135	0.987967445004015	0	0	0	0.969172579408552	0	0	0	0	0	0	0	0	0	0	0	0	0	0	0	0	0	0	0	0	0	0	0	0	0	0	0	0	0	0	0
0	0	0	0	0	0	0	0	0	0	0	0	0.672683921090297	0	0	0	0	0	0.684243990610989	0	0	0	0	0	0	0	0	0	0	0	0	0	0	0	0	0	0	0	0	0	0	0	0.730669248624867	0	0	0	0	0	0	0	0	0	0	0	0	0	0	0	0	0	0	0	0	0	0	0	0	0	0	0	0	0	0	0	0	0	0	0	0	0	0	0	0	0	0	0	0	0	0	0
0	0	0	0	0	0	0	0	0	0	0	0	0	0	0	0	0	0	0	0	0	0	0	0	0	0	0	0	0	0	0	0	0	0	0	0	0	0	0	0	0	0	0	0	0	0	0	0	0	0	0	0	0	0	0.705599582297618	0	0	0	0	0	0	0	0	0.783975712810598	0	0	0	0	0	0	0	0	0	0	0	0	0	0	0	0	0	0	0	0	0	0	0	0	0	0
0	0	0	0	0	0	0	0	0	0	0	0	0	0	0	0	0	0	0	0	0	0	0	0	0	0	0	0	0	0	0	0	0	0	0	0	0	0	0	0.832212856409841	0	0	0	0	0	0	0	0	0	0	0	0	0	0	0	0.969172579408552	0	0	0	0.823214687311809	0	0	0	0	0	0	0	0	0	0	0	0	0	0	0	0	0	0	0	0	0	0.888447776875241	0	0	0	0	0	0	0	0
0	0	0	0	0	0	0	0	0	0	0	0	0	0	0	0	0	0	0	0	0	0	0	0	0	0	0	0	0	0	0	0	0	0.724791766098523	0	0	0	0	0	0	0	0	0	0	0	0	0	0	0	0	0	0	0	0	0	0	0	0	0.823214687311809	0	0.835629162077866	0	0	0	0	0	0	0	0	0	0	0	0	0	0.997649588458044	0	0	0	0	0	0	0	0	0	0	0	0	0	0	0
0	0	0	0	0	0	0	0	0	0	0	0	0	0	0	0	0	0	0	0	0	0	0	0	0	0	0	0	0	0	0	0	0	0	0	0	0	0	0	0	0	0	0	0	0	0	0.703179019189497	0	0	0	0	0	0	0	0	0	0	0	0	0.835629162077866	0	0.64698372875764	0	0	0	0	0	0	0	0	0	0	0	0	0.677587420568116	0	0	0.973062886617204	0	0	0	0	0	0	0	0	0	0	0	0
0	0	0	0	0	0.959460852921045	0	0	0	0	0	0	0	0	0	0	0	0	0.802718366987025	0	0.978604934346267	0	0	0	0	0	0	0	0	0	0	0	0	0	0	0	0	0	0	0	0	0	0	0	0	0	0	0	0	0	0	0	0	0	0	0	0	0	0	0	0.64698372875764	0	0	0	0	0	0	0	0	0	0	0	0	0	0	0	0	0	0	0	0	0	0	0	0	0	0	0.947407271719628	0	0
0	0	0	0	0	0	0	0	0	0	0	0	0	0	0	0	0	0	0.865341216320527	0	0	0	0	0	0	0	0	0	0	0	0	0	0	0	0	0	0	0	0	0	0	0	0	0	0	0	0	0	0	0	0	0	0	0	0	0	0	0	0	0	0	0	0	0.994009517359987	0	0	0	0	0	0	0	0	0	0	0	0	0	0.954940675685003	0	0	0	0	0	0	0	0	0	0	0	0.668925984034233
0	0	0	0	0	0	0	0	0	0	0	0	0	0	0	0	0	0	0	0	0	0	0	0	0	0.946362681322714	0	0	0	0	0	0	0	0	0	0	0	0	0	0	0	0	0	0	0	0	0	0	0	0	0	0	0	0	0	0	0	0.783975712810598	0	0	0	0	0.994009517359987	0	0	0	0	0	0	0.927431544427387	0	0	0	0	0	0	0	0	0	0	0	0	0.722430664876323	0	0	0	0	0	0	0
0	0	0	0	0	0	0	0	0.957594957311299	0	0	0	0	0.783518531001199	0	0	0	0	0	0	0	0	0	0	0	0	0	0	0	0	0	0	0	0	0	0	0	0	0	0	0	0	0	0	0	0	0	0	0	0	0	0	0	0	0	0	0	0	0	0	0	0	0	0	0	0	0	0	0	0	0	0	0	0	0	0	0	0	0	0	0	0	0	0	0	0	0	0	0	0
0	0	0	0	0	0	0	0	0	0	0	0	0	0	0	0	0	0	0	0	0	0	0	0	0	0.787397482729283	0	0	0	0	0	0	0	0	0	0	0	0	0	0	0	0	0	0	0	0.659398726135681	0	0	0	0	0	0	0	0	0	0	0	0	0	0	0	0	0	0	0	0	0	0	0	0	0	0	0	0	0	0	0	0	0	0	0	0	0	0	0	0	0	0	0	0
0	0	0	0	0	0	0	0	0	0	0	0	0	0	0	0	0	0	0.966483271673735	0	0	0	0	0.962184062403304	0	0	0	0	0	0	0	0	0	0	0	0	0	0	0	0	0	0	0	0	0	0	0	0	0	0	0	0	0	0	0	0	0	0	0	0	0	0	0	0	0	0	0	0	0	0	0	0	0	0	0	0	0	0	0	0	0	0	0	0	0	0	0	0	0	0
0	0	0	0	0	0	0	0	0	0	0	0	0	0	0	0	0	0	0	0.712508827803829	0	0	0	0	0	0	0	0	0	0	0	0	0	0	0	0	0	0	0	0	0	0	0	0	0	0	0	0.871171797363966	0.960068835976883	0	0	0	0	0	0	0	0	0	0	0	0	0	0	0	0	0	0	0	0	0	0	0.788540007127043	0	0	0	0	0	0	0	0	0	0	0	0	0	0	0	0	0.883877616728836	0
0	0	0	0	0	0	0	0	0	0	0	0	0	0	0	0	0	0	0.966219216919674	0	0	0	0	0	0	0	0	0	0	0	0	0	0	0	0	0	0	0	0	0	0	0	0	0	0	0	0	0.906138690732357	0	0	0	0	0	0	0	0	0	0	0	0	0	0	0	0	0	0	0	0	0	0	0.895004550436323	0	0	0	0	0	0	0	0	0	0	0	0	0	0	0	0	0	0	0
0	0	0	0	0	0	0	0	0	0	0.744839548974471	0	0	0	0	0	0	0	0	0	0	0	0	0	0	0	0	0	0	0	0	0	0	0	0.705115295584578	0	0	0	0	0	0	0	0	0	0	0	0	0	0	0	0	0	0	0	0	0	0	0	0	0	0	0	0	0.927431544427387	0	0	0	0	0	0	0	0	0	0	0	0	0	0	0	0	0	0	0	0	0	0	0	0	0	0
0	0	0	0	0	0	0	0	0	0	0	0	0	0	0	0	0	0	0	0	0	0	0	0	0	0	0	0	0	0	0	0	0.812162429465826	0	0	0	0	0	0	0	0	0	0	0	0	0	0	0	0.936399536619444	0	0	0	0	0	0	0	0	0	0	0	0	0	0	0	0	0	0	0	0.895004550436323	0	0	0	0.739909019854796	0	0	0	0	0	0	0.708151725245241	0	0	0	0	0	0	0	0	0	0
0.981491341376884	0	0.908303105290556	0	0	0	0	0	0	0	0	0	0	0	0	0	0	0	0	0	0	0.763950555937063	0	0	0	0	0	0	0	0	0	0	0	0	0	0	0	0.67564775182611	0	0	0	0	0	0	0	0	0	0	0	0	0	0	0	0	0	0	0	0	0	0	0	0	0	0	0	0	0	0.788540007127043	0	0	0	0	0	0	0	0	0	0	0	0	0	0	0	0	0	0	0	0	0	0
0	0	0	0	0	0	0	0	0	0	0	0	0	0	0	0	0	0	0.614900037740319	0	0	0	0	0	0	0	0	0	0	0	0	0	0	0	0	0	0	0	0	0	0	0	0	0	0	0	0	0	0	0	0	0	0	0	0	0	0	0	0	0	0	0	0	0	0	0	0	0	0	0	0.739909019854796	0	0	0	0	0	0	0	0	0	0	0	0	0	0	0	0	0	0.888574910549821	0
0	0	0	0	0	0	0	0	0	0	0	0	0	0	0	0	0	0.780993156380063	0	0	0	0	0	0	0	0	0	0	0	0	0	0	0	0	0	0	0	0	0.627557030159378	0	0	0	0	0	0	0	0	0	0	0	0	0	0	0	0	0	0	0	0	0	0	0	0	0	0	0	0	0	0	0	0	0	0	0	0	0	0	0	0	0	0	0	0	0	0	0	0	0.915333174259577	0	0
0	0	0	0	0	0	0	0	0	0	0	0.935735474662582	0	0	0	0	0	0	0	0	0	0	0	0	0	0	0	0	0	0	0	0	0	0	0	0	0	0	0	0	0	0	0	0	0	0	0	0	0	0	0	0	0	0	0	0	0	0	0	0.997649588458044	0.677587420568116	0	0	0	0	0	0	0	0	0	0	0	0	0	0	0.957362513474102	0	0	0	0	0	0	0	0	0	0	0	0	0	0
0	0	0	0	0	0	0	0	0	0	0	0	0	0	0	0	0	0	0	0	0	0	0	0	0	0	0.732233592264352	0	0	0	0	0	0	0	0	0	0	0	0	0	0	0	0	0	0	0	0	0	0	0	0	0	0	0	0	0	0	0	0	0	0	0	0	0	0	0	0	0	0	0	0	0	0	0	0.957362513474102	0	0	0	0	0	0	0	0	0	0	0	0	0	0	0
0	0	0.661634177425452	0	0	0	0	0	0	0	0	0	0	0	0	0	0	0	0	0	0	0	0	0	0	0	0	0	0	0	0	0	0	0	0	0	0	0	0	0	0	0	0	0.702767145541245	0	0	0	0.993925379660457	0	0	0.957088555922687	0	0	0	0	0	0	0	0	0	0	0	0	0	0	0	0	0	0	0	0	0	0	0	0	0	0	0.801629078971259	0	0	0	0	0	0	0	0	0	0	0	0
0	0	0	0	0	0	0	0	0	0	0	0	0.841515058160857	0	0	0	0	0	0	0	0	0	0	0	0	0	0	0	0	0	0	0	0	0	0	0	0	0	0	0	0	0	0	0	0	0	0	0	0	0.956159085584278	0	0	0	0	0	0	0	0	0	0	0.973062886617204	0	0.954940675685003	0	0	0	0	0	0	0	0	0	0	0	0	0	0.801629078971259	0	0	0	0	0	0	0	0	0	0	0	0	0
0	0	0	0	0	0	0	0.962249475692638	0	0.981936158283043	0	0	0	0	0	0	0	0	0	0	0	0	0	0	0	0	0	0	0.840709258235143	0.6888125494692	0	0	0	0	0	0	0	0.939066298995008	0	0	0	0	0	0	0	0	0	0	0	0.803707948585904	0	0	0	0	0	0	0	0	0	0	0	0	0	0	0	0	0	0	0	0	0	0	0	0	0	0	0	0	0	0	0	0	0	0	0	0	0	0	0	0
0	0	0	0	0	0	0	0	0	0	0	0	0	0	0	0	0	0.838447029587628	0	0	0	0	0	0	0	0	0	0	0	0	0	0	0	0	0	0	0	0	0	0	0	0	0	0	0	0	0	0	0	0	0	0	0	0	0	0	0	0	0	0	0	0	0	0	0	0	0	0	0	0	0.708151725245241	0	0	0	0	0	0	0	0	0	0	0	0	0	0	0	0	0	0	0
0	0	0	0	0	0	0	0	0	0	0	0	0	0	0	0	0	0	0	0	0	0	0	0	0	0.881020794500037	0	0	0	0	0	0	0	0	0	0	0	0	0	0	0	0	0	0	0	0	0	0	0	0	0	0	0	0	0	0	0	0	0	0	0	0	0	0	0	0	0	0	0	0	0	0	0	0	0	0	0	0	0	0	0	0	0	0	0	0	0	0	0.764402860256378	0
0	0	0	0	0	0	0	0	0	0	0	0	0	0.657653620453062	0	0.935421889376378	0	0	0	0	0	0	0	0	0	0	0	0	0	0	0	0	0	0	0	0	0	0	0	0	0	0	0	0.839380489973685	0	0	0	0	0	0	0	0	0	0	0	0	0	0	0.888447776875241	0	0	0	0	0	0	0	0	0	0	0	0	0	0	0	0	0	0	0	0	0	0	0	0	0.768835001202757	0	0	0	0	0	0
0	0	0	0	0	0	0	0	0	0	0	0	0	0	0	0	0	0	0	0	0	0	0	0	0	0	0	0	0	0	0	0	0	0	0	0	0	0	0.977135626835765	0	0	0	0	0	0	0	0	0	0	0	0	0.746933552162557	0	0	0	0	0	0	0	0	0	0	0	0.722430664876323	0	0	0	0	0	0	0	0	0	0	0	0	0	0	0	0	0	0	0	0	0	0	0	0	0	0
0.806112496922181	0	0	0	0.580010129992262	0	0	0	0	0	0	0	0	0	0	0	0	0	0	0	0	0	0	0	0	0	0	0	0	0.669097323614268	0	0	0	0	0	0	0	0	0	0	0	0	0	0	0	0	0	0	0	0	0	0	0	0	0	0	0	0	0	0	0	0	0	0	0	0	0	0	0	0	0	0	0	0	0	0	0	0	0	0	0	0.768835001202757	0	0	0	0	0	0	0	0
0	0	0	0	0	0	0	0	0	0	0	0	0	0	0	0	0	0	0	0	0	0	0	0	0	0	0	0	0	0	0	0	0	0	0	0	0	0	0	0	0	0	0	0	0.963917790733244	0	0.859932029957041	0	0	0	0	0	0	0	0	0	0	0	0	0	0	0	0	0	0	0	0	0	0	0	0	0	0	0	0	0	0	0	0	0	0	0	0	0	0	0	0	0	0	0
0	0	0	0.834669459101905	0	0	0.578978577499888	0	0	0	0	0	0	0	0.942322950933909	0	0	0	0	0	0	0	0	0	0	0	0	0	0	0	0	0	0	0	0	0	0	0	0	0	0	0	0	0	0.805751557758466	0	0	0	0	0	0	0	0	0	0	0	0	0	0	0	0	0	0	0	0	0	0	0	0	0	0	0	0	0	0	0	0	0	0	0	0	0	0	0	0	0	0	0.74730530903412	0	0
0	0	0	0	0.819708523195279	0	0	0	0	0	0	0	0.846265428138565	0	0	0	0	0	0	0	0	0	0	0	0	0	0	0	0	0.902598260032921	0	0	0	0	0	0	0	0	0	0	0	0	0	0	0	0	0	0	0	0	0	0	0	0	0	0	0	0	0	0	0	0	0	0	0	0	0	0	0	0	0	0	0	0	0	0	0	0	0	0	0	0	0	0	0	0	0	0	0	0
0	0	0	0	0	0	0	0	0	0	0	0	0	0	0	0	0	0	0	0	0	0	0	0	0	0	0	0	0	0	0	0	0	0	0	0	0	0	0	0	0	0	0	0	0	0	0	0	0	0	0	0	0	0	0	0	0	0	0	0	0	0.947407271719628	0	0	0	0	0	0	0	0	0	0	0	0.915333174259577	0	0	0	0	0	0	0	0	0	0	0	0.74730530903412	0	0	0	0
0	0	0	0	0.996356682356026	0	0	0	0	0	0	0	0	0	0	0	0	0	0	0	0	0	0	0	0	0	0	0	0	0	0	0	0	0	0	0	0	0	0	0	0	0	0	0	0	0	0	0	0	0	0	0	0	0	0.893685596275571	0	0	0	0	0	0	0	0	0	0	0	0	0.883877616728836	0	0	0	0	0.888574910549821	0	0	0	0	0	0	0	0.764402860256378	0	0	0	0	0	0	0	0	0
0.693859688722626	0	0	0	0	0.733206620833978	0	0	0	0	0	0.733624435250699	0	0	0.840736742295222	0	0	0	0	0	0	0	0	0	0	0	0	0	0	0	0	0	0	0	0	0	0	0	0	0	0	0	0	0	0.680136236725574	0	0	0	0	0	0	0	0	0	0	0	0	0	0	0	0	0	0.668925984034233	0	0	0	0	0	0	0	0	0	0	0	0	0	0	0	0	0	0	0	0	0	0	0	0	0	0	0
