0	0	0	0	0	0	0	0	0	0	0	0	0	0	0	0	0	0	0	0	0	0	0	0	0	0	0	0	0	0	0.846028011797439	0	0	0	0	0	0	0.915976186157756	0	0	0	0	0	0	0	0.509624376239049	0	0	0	0	0	0	0	0	0	0	0	0	0	0	0	0	0	0	0	0	0	0	0	0	0	0	0	0.831648886174055	0	0	0	0	0	0	0	0	0	0	0	0	0	0	0	0
0	0	0.806516605352387	0	0	0	0	0	0	0	0	0	0	0	0	0.957641544752243	0	0	0	0	0	0	0	0	0	0	0	0	0	0	0	0	0	0	0	0	0	0	0	0	0	0	0	0	0	0	0	0	0	0	0	0	0	0	0	0	0	0	0	0	0	0	0	0	0	0	0	0	0	0	0	0	0	0	0	0	0	0	0	0	0	0	0	0	0	0	0	0	0	0.662028156638354
0	0.806516605352387	0	0	0	0	0	0	0	0	0	0	0	0	0	0	0	0	0	0.827640787610154	0	0	0	0	0	0	0	0.814920888980358	0	0	0	0	0	0	0	0	0	0	0	0	0	0	0	0	0	0	0	0	0	0	0	0	0	0	0	0	0.793298905203927	0	0	0	0	0	0	0	0	0	0	0	0	0	0	0	0	0	0	0	0	0	0	0	0	0	0	0	0	0	0	0	0	0
0	0	0	0	0	0	0	0	0	0	0	0	0	0	0	0	0	0	0	0	0	0	0	0	0	0	0	0	0	0	0	0	0	0	0	0	0	0	0	0	0	0	0	0	0	0	0	0	0	0	0	0	0.738110715029788	0	0	0	0	0	0	0	0	0	0	0	0	0	0	0	0	0	0	0	0	0	0	0	0	0.941143897238304	0	0	0	0	0	0	0	0	0	0	0	0
0	0	0	0	0	0	0	0	0	0	0	0	0	0	0	0	0	0	0	0	0	0	0	0	0	0	0	0	0	0	0	0	0	0	0	0	0	0	0	0	0	0	0	0	0	0	0	0	0	0	0	0	0	0	0	0	0	0	0	0	0	0	0	0.613413161842633	0	0	0	0	0	0	0.789647847648388	0	0	0	0	0	0	0	0	0	0	0.771184885239672	0	0	0	0.779913650328391	0	0	0	0
0	0	0	0	0	0	0	0	0	0	0.625161920481136	0	0	0	0	0	0	0	0	0	0	0	0	0	0	0	0	0	0	0.625650389440548	0	0	0	0	0	0	0	0	0	0	0	0	0	0	0	0	0	0	0	0	0	0	0	0	0	0	0	0	0	0	0	0	0	0	0	0	0	0	0	0	0	0	0	0	0	0	0	0	0.998687867905162	0	0	0.985135581307028	0	0	0	0	0	0	0	0
0	0	0	0	0	0	0	0.798069372958768	0	0	0	0	0	0	0	0	0	0	0	0	0	0	0	0	0	0	0	0	0	0	0.904531523610402	0	0	0	0	0	0	0	0	0	0	0	0	0.820665512184363	0.977771321447565	0	0	0	0	0	0	0	0	0	0	0	0	0	0	0	0	0	0	0	0	0	0	0	0	0	0	0	0	0	0	0	0	0	0	0	0	0	0	0	0	0	0	0	0	0
0	0	0	0	0	0	0.798069372958768	0	0	0	0	0	0	0	0	0	0	0	0	0	0	0	0	0	0	0	0	0	0	0	0	0	0	0	0	0.763887776610383	0	0	0	0	0	0	0	0	0	0	0	0	0	0	0	0	0	0	0	0	0	0	0	0	0	0	0	0	0	0	0	0.862213566913613	0	0	0	0	0	0.762837580423349	0	0	0	0	0	0	0.611925719729818	0	0	0	0	0	0	0	0	0
0	0	0	0	0	0	0	0	0	0	0	0	0	0.658858249285194	0	0	0	0	0	0	0	0	0	0	0	0	0	0	0	0	0	0	0	0	0	0	0	0	0	0	0	0	0	0	0	0	0	0	0	0	0	0	0	0	0	0	0	0	0	0	0	0	0	0	0	0	0	0	0	0	0	0.975275302593852	0	0	0	0	0	0	0	0	0	0	0.747317059323055	0	0	0	0	0	0	0
0	0	0	0	0	0	0	0	0	0	0	0.634068273921097	0	0	0	0	0	0	0	0	0	0	0	0	0	0	0	0	0	0	0	0	0	0	0	0	0	0	0	0	0	0.796613620418531	0	0	0	0	0	0	0	0	0	0	0	0.717657732461011	0.941773711740687	0	0	0	0	0	0	0	0	0	0	0	0	0	0	0	0	0	0	0	0	0	0	0	0	0	0	0	0	0	0	0	0	0	0	0
0	0	0	0	0	0.625161920481136	0	0	0	0	0	0	0	0	0.982945308486855	0	0	0	0	0	0	0	0	0	0	0	0	0	0	0	0	0	0	0	0	0	0	0	0	0	0	0	0	0	0	0	0	0	0	0	0	0	0	0	0	0	0	0	0	0	0	0	0	0	0	0	0.78175478481697	0	0	0	0	0	0	0	0	0	0	0	0	0	0	0	0	0	0.645205804391188	0	0	0	0	0
0	0	0	0	0	0	0	0	0	0.634068273921097	0	0	0	0.961707905756513	0	0	0	0	0	0	0	0	0	0	0.790184869076754	0	0	0	0	0	0	0	0	0	0	0	0	0	0	0	0	0	0.574722081601302	0.819551378727518	0	0	0	0	0	0	0	0	0	0	0	0.899978036166789	0	0	0	0	0	0	0	0	0	0	0	0	0	0	0	0	0	0	0	0	0	0	0	0	0	0	0	0	0	0	0	0	0	0
0	0	0	0	0	0	0	0	0	0	0	0	0	0	0	0	0	0	0.783264252438515	0	0	0	0	0	0	0	0	0	0	0	0	0	0	0	0	0	0	0	0	0	0	0	0	0	0	0	0	0	0.927912511016937	0	0	0	0	0	0	0	0	0	0	0	0	0	0	0	0	0	0.707350558787168	0	0	0	0	0	0	0	0	0	0	0.691022190952763	0	0	0	0	0	0	0	0	0	0	0	0
0	0	0	0	0	0	0	0	0.658858249285194	0	0	0.961707905756513	0	0	0.817088292117965	0	0	0	0	0	0	0	0	0	0	0	0	0	0	0	0	0	0	0	0.725169756589644	0	0.902765013822206	0	0	0	0	0	0	0	0	0	0	0	0	0	0	0	0	0	0	0	0	0	0	0	0	0	0	0	0	0	0	0	0	0	0	0	0	0	0	0	0	0	0	0	0	0	0	0	0	0.644231706248908	0	0	0	0
0	0	0	0	0	0	0	0	0	0	0.982945308486855	0	0	0.817088292117965	0	0	0	0	0	0	0	0	0	0	0	0	0	0.980527280178353	0	0	0	0	0	0	0	0	0	0	0	0	0	0	0	0	0	0	0	0	0	0	0	0	0	0	0	0	0	0	0	0	0	0	0	0	0	0	0	0	0	0	0	0	0	0.90456196705451	0	0	0	0	0	0	0	0	0	0	0	0	0	0	0	0
0	0.957641544752243	0	0	0	0	0	0	0	0	0	0	0	0	0	0	0	0	0	0	0	0	0	0	0	0	0	0	0.837909129159121	0	0	0	0	0	0	0	0	0	0	0	0	0	0	0	0.910764182392373	0	0	0	0	0	0	0	0	0	0	0	0	0	0	0	0	0	0.644996882370578	0	0	0	0	0	0	0	0	0.959770158260654	0	0	0	0	0	0	0	0	0	0	0	0.736386387794989	0	0	0	0	0	0
0	0	0	0	0	0	0	0	0	0	0	0	0	0	0	0	0	0	0	0	0	0	0.854639908746591	0	0	0	0	0	0	0	0	0	0	0	0	0	0	0	0.627786614534777	0	0	0	0	0	0	0	0	0	0.925793808228655	0	0	0	0	0	0	0	0	0	0	0	0.956512761160195	0	0	0	0	0	0	0.889961349439431	0	0	0	0	0	0	0	0	0	0	0	0	0	0	0	0	0	0	0	0.673884217969817	0	0
0	0	0	0	0	0	0	0	0	0	0	0	0	0	0	0	0	0	0	0.83453878849332	0	0	0	0	0	0	0	0	0	0	0	0	0	0	0	0	0	0	0	0	0	0	0	0	0	0	0	0	0	0	0	0	0	0	0	0	0	0	0	0	0	0	0	0	0	0.964333833211311	0	0	0	0	0	0	0	0	0	0	0	0.960583382755992	0	0	0	0	0	0	0	0	0	0	0.954031536385616	0
0	0	0	0	0	0	0	0	0	0	0	0	0.783264252438515	0	0	0	0	0	0	0	0	0	0	0	0	0	0	0	0	0	0	0	0	0	0	0	0	0	0	0	0	0	0	0	0	0	0	0	0	0	0	0	0.998167049598411	0	0	0	0	0	0	0	0	0	0	0	0	0	0.665494028929716	0	0	0	0	0	0	0	0	0	0	0	0	0	0	0	0	0	0	0	0	0	0	0
0	0	0.827640787610154	0	0	0	0	0	0	0	0	0	0	0	0	0	0	0.83453878849332	0	0	0	0	0	0	0	0	0.987020731638014	0.648753681408284	0	0	0	0	0	0	0	0	0	0	0	0	0	0	0	0	0	0	0	0	0	0	0	0	0	0	0	0	0	0	0	0	0	0	0	0	0	0	0	0	0	0	0	0	0	0	0	0	0	0	0	0	0	0	0.742865627562748	0	0	0	0	0	0	0
0	0	0	0	0	0	0	0	0	0	0	0	0	0	0	0	0	0	0	0	0	0.992721887990729	0	0	0	0	0.959844337265487	0	0	0	0	0	0	0	0	0	0	0	0	0	0	0	0	0	0	0	0	0	0	0	0	0	0	0.638290214777443	0	0	0	0	0	0	0	0	0	0	0	0	0	0	0	0	0	0.938322345964249	0	0	0	0	0	0	0	0	0	0	0	0	0	0	0	0	0	0
0	0	0	0	0	0	0	0	0	0	0	0	0	0	0	0	0	0	0	0	0.992721887990729	0	0.807883158765079	0	0	0	0.847730442392764	0	0	0	0	0	0.716083794058	0	0	0	0	0	0	0	0	0	0	0	0	0	0	0	0	0	0	0	0	0	0	0	0	0	0	0	0	0	0	0	0	0	0.934358457380789	0	0	0	0	0	0	0	0	0	0	0	0	0	0	0	0	0	0	0	0	0	0	0
0	0	0	0	0	0	0	0	0	0	0	0	0	0	0	0	0.854639908746591	0	0	0	0	0.807883158765079	0	0	0	0	0	0	0	0	0.803977792433009	0	0	0	0	0	0	0	0	0	0	0.640371169208404	0	0	0	0	0	0	0	0	0	0.632945436923396	0	0	0	0	0	0	0	0	0	0.998589305881151	0	0	0	0	0	0	0	0	0	0	0	0	0	0	0	0	0	0	0	0	0	0	0	0	0	0	0	0
0	0	0	0	0	0	0	0	0	0	0	0	0	0	0	0	0	0	0	0	0	0	0	0	0	0.939255215500881	0	0	0.833143554055213	0	0	0	0	0	0.875435929635625	0	0	0	0	0	0	0	0	0	0	0	0	0	0	0	0	0	0	0	0	0	0	0	0	0	0	0	0	0	0	0	0	0	0	0	0	0	0	0	0	0	0	0	0	0	0	0	0	0	0	0	0	0	0	0
0	0	0	0	0	0	0	0	0	0	0	0.790184869076754	0	0	0	0	0	0	0	0	0	0	0	0	0	0	0	0	0	0	0	0	0.956681331358646	0	0	0	0	0	0	0	0	0	0	0	0	0	0	0	0	0	0	0	0	0	0	0	0	0	0	0	0	0	0	0	0	0	0	0	0	0	0	0	0	0	0.76513033241681	0	0	0	0	0	0	0	0	0	0	0	0.677487341803442	0	0	0
0	0	0	0	0	0	0	0	0	0	0	0	0	0	0	0	0	0	0	0	0	0	0	0.939255215500881	0	0	0	0	0	0	0	0	0	0	0	0	0	0	0	0	0	0.837871194537619	0	0	0	0	0	0	0	0	0	0	0	0	0	0	0	0	0.699755997742355	0	0	0	0	0.738505844920247	0	0	0	0	0	0	0	0	0	0	0	0	0	0	0	0	0	0	0	0	0	0	0.860402295307436	0	0	0
0	0	0	0	0	0	0	0	0	0	0	0	0	0	0	0	0	0	0	0.987020731638014	0.959844337265487	0.847730442392764	0	0	0	0	0	0	0	0	0	0	0	0	0	0	0	0	0	0	0	0	0	0	0	0.526877772853134	0	0	0	0	0	0	0	0	0	0	0	0	0	0	0	0	0	0	0	0	0	0	0	0	0	0	0	0	0	0	0	0	0	0	0	0	0	0	0	0	0	0	0	0
0	0	0.814920888980358	0	0	0	0	0	0	0	0	0	0	0	0.980527280178353	0	0	0	0	0.648753681408284	0	0	0	0	0	0	0	0	0	0	0	0	0	0	0	0	0	0	0	0	0	0	0	0	0	0	0	0	0	0	0	0	0	0	0	0	0	0	0	0.908900154317656	0	0	0	0	0	0	0	0	0	0	0	0	0	0	0	0	0	0	0	0	0	0	0	0	0	0	0	0	0	0
0	0	0	0	0	0	0	0	0	0	0	0	0	0	0	0.837909129159121	0	0	0	0	0	0	0	0.833143554055213	0	0	0	0	0	0	0	0	0	0	0	0	0	0	0	0	0	0	0.85380560069091	0	0	0	0	0	0	0	0	0	0	0	0	0	0	0	0	0	0	0	0	0	0	0	0	0	0	0.976372399933629	0	0	0	0	0	0	0	0	0	0	0	0	0	0	0	0	0	0	0	0
0	0	0	0	0	0.625650389440548	0	0	0	0	0	0	0	0	0	0	0	0	0	0	0	0	0	0	0	0	0	0	0	0	0	0	0	0	0	0	0	0	0	0	0	0	0	0	0	0	0	0	0	0	0	0	0	0.789699775285169	0	0	0	0	0	0	0	0	0	0	0	0	0	0	0	0	0	0	0	0	0.778100643419072	0	0	0	0	0	0	0	0	0	0	0	0	0.902293806861035	0	0
0.846028011797439	0	0	0	0	0	0.904531523610402	0	0	0	0	0	0	0	0	0	0	0	0	0	0	0	0.803977792433009	0	0	0	0	0	0	0	0	0	0	0	0	0	0	0	0	0	0	0	0	0	0	0	0	0	0	0	0.519350586844894	0	0	0	0	0	0	0	0	0	0	0	0	0	0	0	0	0	0	0	0	0	0	0	0	0	0	0	0	0	0	0	0	0	0	0	0	0	0	0
0	0	0	0	0	0	0	0	0	0	0	0	0	0	0	0	0	0	0	0	0	0	0	0	0	0	0	0	0	0	0	0	0	0	0	0	0	0	0.571809973044859	0	0	0	0	0	0	0	0	0	0	0	0	0	0	0	0	0	0	0	0	0	0	0	0	0	0	0	0	0	0	0	0	0	0	0	0	0	0.68298586881967	0.894263435822238	0	0	0	0	0	0	0	0	0	0	0	0
0	0	0	0	0	0	0	0	0	0	0	0	0	0	0	0	0	0	0	0	0	0.716083794058	0	0	0.956681331358646	0	0	0	0	0	0	0	0	0	0.961586769139782	0	0	0	0	0	0	0	0	0	0	0	0	0	0	0	0	0.988640462179859	0	0	0	0	0	0	0	0	0	0	0	0	0	0	0	0	0.876522555952331	0	0	0	0.779691654955147	0	0	0	0	0	0	0	0	0	0	0	0	0	0	0	0	0
0	0	0	0	0	0	0	0	0	0	0	0	0	0	0	0	0	0	0	0	0	0	0	0	0	0	0	0	0	0	0	0	0	0	0	0	0	0	0	0	0.999799345801206	0	0	0	0	0	0	0	0	0	0	0	0	0	0	0	0	0	0	0	0	0	0	0	0	0	0	0	0	0	0	0	0	0	0.991376337737372	0	0	0.964214856828645	0	0	0	0	0	0	0	0	0	0	0	0
0	0	0	0	0	0	0	0	0	0	0	0	0	0.725169756589644	0	0	0	0	0	0	0	0	0	0.875435929635625	0	0	0	0	0	0	0	0	0.961586769139782	0	0	0	0	0	0	0	0	0	0	0	0	0	0	0	0	0	0	0	0	0	0	0	0	0	0	0	0	0	0	0	0	0.915755331009966	0	0	0	0	0	0	0	0	0	0	0	0	0	0	0	0	0	0	0	0	0	0	0	0
0	0	0	0	0	0	0	0.763887776610383	0	0	0	0	0	0	0	0	0	0	0	0	0	0	0	0	0	0	0	0	0	0	0	0	0	0	0	0	0	0	0	0	0	0	0.871235096710639	0	0	0	0	0	0	0	0	0	0	0	0	0	0	0	0	0	0	0.989427637191815	0	0	0	0	0	0	0	0	0	0	0	0	0	0	0	0	0	0	0	0	0	0	0	0.94294229986915	0	0	0	0
0	0	0	0	0	0	0	0	0	0	0	0	0	0.902765013822206	0	0	0	0	0	0	0	0	0	0	0	0	0	0	0	0	0	0	0	0	0	0	0	0	0	0	0	0	0	0	0	0	0	0	0	0	0	0	0	0	0	0	0	0	0	0.916855248136289	0	0	0	0	0	0	0	0	0	0	0	0	0	0	0	0	0	0	0	0	0	0	0	0	0	0	0	0	0	0
0.915976186157756	0	0	0	0	0	0	0	0	0	0	0	0	0	0	0	0	0	0	0	0	0	0	0	0	0	0	0	0	0	0	0	0	0	0	0	0	0	0	0	0	0	0	0.892877002196021	0	0	0	0	0	0	0	0	0	0	0	0	0	0	0	0	0	0	0	0	0	0	0	0	0	0	0	0	0	0	0	0	0	0	0	0	0	0	0	0	0	0	0	0	0.867155849828866	0
0	0	0	0	0	0	0	0	0	0	0	0	0	0	0	0	0.627786614534777	0	0	0	0	0	0	0	0	0	0	0	0	0	0	0.571809973044859	0	0	0	0	0	0	0	0	0	0	0	0	0	0	0	0	0	0	0	0	0	0	0	0	0	0	0	0	0	0	0	0	0	0	0	0	0.804068667733757	0	0.913120024194514	0	0	0	0.883167881110683	0	0	0	0	0	0	0	0	0	0	0	0	0	0	0
0	0	0	0	0	0	0	0	0	0	0	0	0	0	0	0	0	0	0	0	0	0	0	0	0	0	0	0	0	0	0	0	0	0	0	0	0	0	0	0	0	0	0	0	0.966416637572654	0	0	0	0	0	0.957280752607468	0	0	0	0	0	0	0	0	0	0	0	0	0	0	0	0	0	0	0	0	0	0	0	0	0	0	0	0	0	0	0	0	0	0.887290102936321	0	0	0	0	0
0	0	0	0	0	0	0	0	0	0	0	0	0	0	0	0	0	0	0	0	0	0	0	0	0	0	0	0	0	0	0	0	0	0.999799345801206	0	0	0	0	0	0	0	0	0.987542918583072	0	0	0	0	0	0	0	0	0	0	0	0	0	0	0	0	0	0	0	0	0	0	0	0	0	0	0	0	0	0	0	0.890974145398559	0	0	0	0	0	0	0	0.894131859709691	0	0	0	0	0	0	0
0	0	0	0	0	0	0	0	0	0.796613620418531	0	0	0	0	0	0	0	0	0	0	0	0	0.640371169208404	0	0	0.837871194537619	0	0	0	0	0	0	0	0	0	0	0	0	0	0	0	0	0	0	0	0	0	0	0	0	0	0	0	0	0	0	0	0	0	0	0	0	0	0	0	0	0	0	0	0.746353613234877	0	0	0	0	0	0	0	0	0	0	0	0	0	0	0	0	0	0	0	0
0	0	0	0	0	0	0	0	0	0	0	0.574722081601302	0	0	0	0	0	0	0	0	0	0	0	0	0	0	0	0	0.85380560069091	0	0	0	0	0	0	0.871235096710639	0	0	0	0	0.987542918583072	0	0	0.701520801054503	0	0	0	0	0	0	0	0	0	0	0	0	0	0	0	0	0	0	0	0	0	0	0	0	0	0	0	0	0	0	0	0	0	0	0	0	0	0	0	0	0	0	0	0	0	0
0	0	0	0	0	0	0.820665512184363	0	0	0	0	0.819551378727518	0	0	0	0	0	0	0	0	0	0	0	0	0	0	0	0	0	0	0	0	0	0	0	0	0	0.892877002196021	0	0	0	0	0.701520801054503	0	0	0	0	0	0	0	0	0	0	0	0	0	0	0	0	0	0	0	0	0	0	0	0	0	0	0	0	0	0	0	0	0	0	0	0	0	0	0	0	0	0	0	0	0	0	0
0	0	0	0	0	0	0.977771321447565	0	0	0	0	0	0	0	0	0.910764182392373	0	0	0	0	0	0	0	0	0	0	0	0	0	0	0	0	0	0	0	0	0	0	0	0.966416637572654	0	0	0	0	0	0	0	0	0	0.949459455956998	0	0	0	0	0	0	0	0	0	0	0	0	0	0	0	0	0	0	0	0	0.583885611471946	0	0	0	0	0	0	0	0	0	0	0	0	0	0	0	0.683823168675116	0	0	0
0.509624376239049	0	0	0	0	0	0	0	0	0	0	0	0	0	0	0	0	0	0	0	0	0	0	0	0	0	0.526877772853134	0	0	0	0	0	0	0	0	0	0	0	0	0	0	0	0	0	0	0	0	0	0	0	0	0	0	0.657801101966575	0	0	0	0	0	0	0	0	0	0	0	0	0	0	0	0	0	0	0	0	0	0	0	0	0	0	0	0	0	0	0	0	0	0	0	0
0	0	0	0	0	0	0	0	0	0	0	0	0	0	0	0	0	0	0	0	0	0	0	0	0	0	0	0	0	0	0	0	0	0	0	0	0	0	0	0	0	0	0	0	0	0	0	0	0	0	0.854630751157946	0	0	0	0	0	0	0	0	0	0	0	0	0	0	0	0	0	0	0	0	0	0	0	0	0	0	0	0	0	0	0	0	0	0	0	0	0	0	0.829776042512128
0	0	0	0	0	0	0	0	0	0	0	0	0	0	0	0	0	0	0	0	0	0	0	0	0	0	0	0	0	0	0	0	0	0	0	0	0	0	0	0	0	0	0	0	0	0	0	0	0.882940208890648	0	0	0.948181777295305	0	0	0	0	0	0	0	0	0	0	0.96660900496273	0	0	0	0	0	0	0	0	0	0	0	0	0.719528652635987	0	0	0	0	0	0	0	0	0	0	0	0.929479159795858	0	0
0	0	0	0	0	0	0	0	0	0	0	0	0.927912511016937	0	0	0	0.925793808228655	0	0	0	0	0	0	0	0	0	0	0	0	0	0	0	0	0	0	0	0	0	0	0	0	0	0	0	0	0	0	0.882940208890648	0	0	0	0	0	0	0	0	0	0	0	0	0	0	0	0	0	0	0	0	0.87369036637601	0	0	0	0	0	0	0	0	0.73802865884697	0	0	0	0	0	0	0	0	0	0	0	0
0	0	0	0	0	0	0	0	0	0	0	0	0	0	0	0	0	0	0	0	0	0	0	0	0	0	0	0	0	0	0	0	0	0	0	0	0	0	0	0	0	0	0	0	0.949459455956998	0	0	0	0	0	0	0	0	0	0	0	0	0	0.857194205423971	0	0	0	0	0	0.827336182548281	0	0	0	0	0	0	0	0	0	0	0.706493814840122	0	0	0	0	0	0	0	0	0	0.904760444599271	0	0	0	0
0	0	0	0	0	0	0	0	0	0	0	0	0	0	0	0	0	0	0	0	0	0	0	0	0	0	0	0	0	0	0.519350586844894	0	0	0	0	0	0	0	0	0.957280752607468	0	0	0	0	0	0	0.854630751157946	0	0	0	0	0	0.672677148035368	0	0	0	0	0	0	0	0	0	0	0	0	0	0	0	0	0	0	0	0	0	0	0	0	0	0	0	0.632010655391639	0	0	0.883311102738517	0	0	0	0	0	0
0	0	0	0	0	0	0	0	0	0	0	0	0	0	0	0	0	0	0	0	0	0	0.632945436923396	0	0	0	0	0	0	0	0	0	0.988640462179859	0	0	0	0	0	0	0	0	0	0	0	0	0	0	0.948181777295305	0	0	0	0	0	0.885863094930971	0	0	0	0.737441881329212	0	0	0	0	0	0	0	0	0	0	0	0	0	0	0	0	0	0	0	0	0	0	0	0	0	0	0	0	0	0	0	0
0	0	0	0.738110715029788	0	0	0	0	0	0	0	0	0	0	0	0	0	0	0.998167049598411	0	0	0	0	0	0	0	0	0	0	0	0	0	0	0	0	0	0	0	0	0	0	0	0	0	0	0	0	0	0	0	0.672677148035368	0	0	0.759137895487909	0	0	0	0	0	0	0	0	0	0	0	0	0	0	0	0	0	0	0	0	0	0	0	0	0	0	0	0	0	0	0	0	0	0	0	0
0	0	0	0	0	0	0	0	0	0.717657732461011	0	0	0	0	0	0	0	0	0	0	0.638290214777443	0	0	0	0	0	0	0	0	0.789699775285169	0	0	0	0	0	0	0	0	0	0	0	0	0	0	0	0.657801101966575	0	0	0	0	0	0.885863094930971	0.759137895487909	0	0	0	0	0	0	0	0	0	0	0	0	0	0	0	0	0	0	0	0	0	0	0	0	0	0	0	0	0	0	0	0	0	0	0	0	0
0	0	0	0	0	0	0	0	0	0.941773711740687	0	0	0	0	0	0	0	0	0	0	0	0	0	0	0	0	0	0	0	0	0	0	0	0	0	0	0	0	0	0	0	0	0	0	0	0	0	0	0	0	0	0	0	0	0	0	0.904677710027531	0	0	0	0	0	0	0	0	0	0	0	0	0	0	0	0	0	0	0	0	0	0	0	0	0	0	0	0	0	0	0	0	0
0	0	0	0	0	0	0	0	0	0	0	0.899978036166789	0	0	0	0	0	0	0	0	0	0	0	0	0	0	0	0	0	0	0	0	0	0	0	0	0	0	0	0	0	0	0	0	0	0	0	0	0	0	0	0	0	0	0	0	0	0	0	0	0	0	0	0	0	0	0	0	0	0	0	0	0.701025027251684	0	0	0	0	0	0	0	0	0	0	0	0	0	0	0	0	0
0	0	0.793298905203927	0	0	0	0	0	0	0	0	0	0	0	0	0	0	0	0	0	0	0	0	0	0	0	0	0	0	0	0	0	0	0	0	0	0	0	0	0	0	0	0	0	0	0	0	0	0	0	0	0	0	0	0.904677710027531	0	0	0	0.819342067719555	0	0	0	0	0	0	0	0	0	0	0	0	0	0	0	0	0	0	0	0.79567541047811	0	0	0	0	0	0	0	0	0	0	0
0	0	0	0	0	0	0	0	0	0	0	0	0	0	0	0	0	0	0	0	0	0	0	0	0	0	0	0	0	0	0	0	0	0	0	0	0	0	0	0	0	0	0	0	0	0	0	0	0	0	0	0.737441881329212	0	0	0	0	0	0	0	0	0	0	0	0	0	0	0.889694479070446	0	0	0	0	0	0	0	0	0	0	0	0	0	0	0	0	0	0	0	0	0	0	0
0	0	0	0	0	0	0	0	0	0	0	0	0	0	0	0	0	0	0	0	0	0	0	0	0	0.699755997742355	0	0	0	0	0	0	0	0	0	0	0	0	0	0	0	0	0	0	0	0	0	0	0	0.857194205423971	0	0	0	0	0	0	0.819342067719555	0	0	0	0	0	0	0	0	0.991973927724506	0	0	0	0	0	0	0	0	0	0	0	0	0	0	0	0	0	0	0	0	0	0	0	0
0	0	0	0	0	0	0	0	0	0	0	0	0	0	0	0	0	0	0	0	0	0	0	0	0	0	0	0.908900154317656	0	0	0	0	0	0	0	0	0.916855248136289	0	0	0	0	0	0	0	0	0	0	0	0	0	0	0	0	0	0	0	0	0	0	0	0.679564821606436	0	0	0	0	0	0	0.700528406988496	0	0	0	0	0	0	0	0	0	0	0	0	0	0	0	0	0	0	0	0	0	0
0	0	0	0	0	0	0	0	0	0	0	0	0	0	0	0	0.956512761160195	0	0	0	0	0	0	0	0	0	0	0	0	0	0	0	0	0	0	0	0	0	0	0	0	0	0	0	0	0	0	0	0	0	0	0	0	0	0	0	0	0	0	0.679564821606436	0	0.939056928345786	0	0	0	0	0	0	0	0	0	0	0	0	0	0	0	0	0	0	0	0	0	0	0	0.934901146025369	0	0	0	0
0	0	0	0	0	0	0	0	0	0	0	0	0	0	0	0	0	0	0	0	0	0	0.998589305881151	0	0	0	0	0	0	0	0	0	0	0	0	0.989427637191815	0	0	0	0	0	0	0	0	0	0	0	0	0	0	0	0	0	0	0	0	0	0	0	0	0.939056928345786	0	0	0	0	0	0	0	0	0	0	0.883258541538807	0	0	0	0	0	0	0	0	0	0	0	0	0	0	0	0	0	0
0	0	0	0	0	0	0	0	0	0	0	0	0	0	0	0.644996882370578	0	0	0	0	0	0	0	0	0	0	0	0	0	0	0	0	0	0	0	0	0	0	0	0	0	0	0	0	0	0	0	0.96660900496273	0	0	0	0	0	0	0	0	0	0	0	0	0	0	0	0	0	0	0	0	0	0	0	0	0	0	0	0	0	0	0	0	0	0	0	0	0	0	0	0	0	0
0	0	0	0	0.613413161842633	0	0	0	0	0	0	0	0	0	0	0	0	0	0	0	0	0	0	0	0	0.738505844920247	0	0	0	0	0	0	0	0	0	0	0	0	0	0	0	0	0	0	0	0	0	0	0	0	0	0	0	0	0	0	0	0	0	0	0	0	0	0	0	0	0	0	0	0	0.977611551462788	0	0	0	0	0	0	0	0	0	0	0	0	0	0	0	0	0	0	0
0	0	0	0	0	0	0	0	0	0	0	0	0	0	0	0	0	0	0	0	0	0	0	0	0	0	0	0	0	0	0	0	0	0	0	0	0	0	0	0	0	0	0	0	0	0	0	0	0	0.827336182548281	0	0	0	0	0	0	0	0	0	0	0	0	0	0	0	0	0	0	0	0	0	0	0	0	0	0.817255916680736	0.914978378623686	0	0	0	0	0	0	0	0	0	0	0	0	0
0	0	0	0	0	0	0	0	0	0	0	0	0	0	0	0	0	0.964333833211311	0	0	0	0	0	0	0	0	0	0	0	0	0	0	0	0	0.915755331009966	0	0	0	0	0	0	0	0	0	0	0	0	0	0	0	0	0	0	0	0	0	0	0	0.991973927724506	0	0	0	0	0	0	0	0	0	0	0	0	0	0	0	0	0	0	0	0	0	0	0	0	0	0	0	0	0	0	0
0	0	0	0	0	0	0	0	0	0	0.78175478481697	0	0.707350558787168	0	0	0	0	0	0.665494028929716	0	0	0.934358457380789	0	0	0	0	0	0	0	0	0	0	0	0	0	0	0	0	0	0	0	0	0	0	0	0	0	0	0	0	0	0	0	0	0	0	0	0.889694479070446	0	0	0	0	0	0	0	0	0	0	0	0	0	0	0	0	0	0	0	0	0	0	0	0	0	0	0	0	0	0	0	0
0	0	0	0	0	0	0	0.862213566913613	0	0	0	0	0	0	0	0	0.889961349439431	0	0	0	0	0	0	0	0	0	0	0	0	0	0	0	0	0	0	0	0	0	0	0	0	0	0	0	0	0	0	0	0	0	0	0	0	0	0	0	0	0	0	0.700528406988496	0	0	0	0	0	0	0	0	0	0	0	0	0	0	0	0	0	0	0	0	0	0	0	0	0	0	0	0	0	0
0	0	0	0	0	0	0	0	0	0	0	0	0	0	0	0	0	0	0	0	0	0	0	0	0	0	0	0	0	0	0	0	0.876522555952331	0	0	0	0	0	0.804068667733757	0	0	0	0	0	0	0	0	0	0.87369036637601	0	0	0	0	0	0	0	0	0	0	0	0	0	0	0	0	0	0	0	0	0.971210402511702	0	0	0	0	0	0	0	0	0	0	0	0	0	0	0	0	0	0	0	0.662018805694634
0	0	0	0	0	0	0	0	0	0	0	0	0	0	0	0	0	0	0	0	0	0	0	0	0	0	0	0	0.976372399933629	0	0	0	0	0	0	0	0	0	0	0	0	0.746353613234877	0	0	0	0	0	0	0	0	0	0	0	0	0	0	0	0	0	0	0	0	0	0	0	0	0	0	0.971210402511702	0	0	0	0	0	0	0	0	0	0	0	0	0	0	0	0	0	0	0	0	0
0	0	0	0	0.789647847648388	0	0	0	0	0	0	0	0	0	0	0	0	0	0	0	0	0	0	0	0	0	0	0	0	0	0	0	0	0	0	0	0	0	0.913120024194514	0	0	0	0	0	0.583885611471946	0	0	0	0	0	0	0	0	0	0	0	0	0	0	0	0	0	0	0.977611551462788	0	0	0	0	0	0	0	0	0.829178492772065	0	0	0	0	0	0	0	0	0	0	0	0	0	0	0	0	0
0	0	0	0	0	0	0	0	0.975275302593852	0	0	0	0	0	0	0.959770158260654	0	0	0	0	0.938322345964249	0	0	0	0	0	0	0	0	0	0	0	0	0	0	0	0	0	0	0	0	0	0	0	0	0	0	0	0	0	0	0	0	0	0	0	0	0	0	0	0	0.883258541538807	0	0	0	0	0	0	0	0	0	0	0	0	0	0	0	0.691457941660012	0	0	0	0	0	0	0	0	0	0	0	0
0	0	0	0	0	0	0	0	0	0	0	0	0	0	0	0	0	0	0	0	0	0	0	0	0	0	0	0	0	0	0	0	0.779691654955147	0	0	0	0	0	0	0	0	0	0	0	0	0	0	0	0	0	0	0	0	0	0	0.701025027251684	0	0	0	0	0	0	0	0	0	0	0	0	0	0	0.829178492772065	0	0	0.991953649744041	0	0	0	0	0	0	0	0	0.910565006838749	0	0	0	0	0	0	0
0.831648886174055	0	0	0	0	0	0	0.762837580423349	0	0	0	0	0	0	0.90456196705451	0	0	0	0	0	0	0	0	0	0	0	0	0	0	0	0	0	0	0	0	0	0	0	0	0	0	0	0	0	0	0	0	0	0	0	0	0	0	0	0	0	0	0	0	0	0	0	0	0	0	0	0	0	0	0	0	0	0.991953649744041	0	0	0	0	0	0	0	0	0	0	0	0	0	0	0	0	0
0	0	0	0	0	0	0	0	0	0	0	0	0	0	0	0	0	0	0	0	0	0	0	0	0.76513033241681	0	0	0	0	0.778100643419072	0	0	0	0.991376337737372	0	0	0	0	0.883167881110683	0	0.890974145398559	0	0	0	0	0	0	0	0	0	0	0	0	0	0	0	0	0	0	0	0	0	0	0	0	0	0	0	0	0	0	0	0	0	0	0	0	0	0	0	0	0	0	0	0	0	0	0	0	0
0	0	0	0	0	0	0	0	0	0	0	0	0	0	0	0	0	0	0	0	0	0	0	0	0	0	0	0	0	0	0	0	0	0	0	0	0	0	0	0	0	0	0	0	0	0	0	0.719528652635987	0	0.706493814840122	0	0	0	0	0	0	0	0	0	0	0	0	0	0	0.817255916680736	0	0	0	0	0	0	0	0	0	0	0	0	0	0	0	0	0	0	0	0	0	0	0	0	0
0	0	0	0	0	0	0	0	0	0	0	0	0	0	0	0	0	0	0	0	0	0	0	0	0	0	0	0	0	0	0	0.68298586881967	0	0	0	0	0	0	0	0	0	0	0	0	0	0	0	0	0	0	0	0	0	0	0	0	0	0	0	0	0	0	0	0	0.914978378623686	0	0	0	0	0	0	0	0	0	0	0	0	0.681967565607545	0	0	0	0	0	0	0	0	0	0	0	0
0	0	0	0.941143897238304	0	0	0	0	0	0	0	0	0.691022190952763	0	0	0	0	0.960583382755992	0	0	0	0	0	0	0	0	0	0	0	0	0	0.894263435822238	0	0.964214856828645	0	0	0	0	0	0	0	0	0	0	0	0	0	0	0.73802865884697	0	0	0	0	0	0	0	0	0	0	0	0	0	0	0	0	0	0	0	0	0	0	0.691457941660012	0	0	0	0	0.681967565607545	0	0	0	0	0.867888057578961	0	0	0	0	0	0	0	0
0	0	0	0	0	0.998687867905162	0	0	0	0	0	0	0	0	0	0	0	0	0	0	0	0	0	0	0	0	0	0	0	0	0	0	0	0	0	0	0	0	0	0	0	0	0	0	0	0	0	0	0	0	0	0	0	0	0	0	0.79567541047811	0	0	0	0	0	0	0	0	0	0	0	0	0	0	0	0	0	0	0	0	0	0	0	0.986474099037356	0	0	0	0	0	0	0	0	0
0	0	0	0	0	0	0	0	0	0	0	0	0	0	0	0	0	0	0	0	0	0	0	0	0	0	0	0	0	0	0	0	0	0	0	0	0	0	0	0	0	0	0	0	0	0	0	0	0	0	0	0	0	0	0	0	0	0	0	0	0	0	0	0	0	0	0	0	0	0	0	0	0	0	0	0	0	0	0	0	0.899572084237298	0.845817577561111	0	0	0	0	0	0	0	0
0	0	0	0	0	0	0	0.611925719729818	0	0	0	0	0	0	0	0	0	0	0	0	0	0	0	0	0	0	0	0	0	0	0	0	0	0	0	0	0	0	0	0	0	0	0	0	0	0	0	0	0	0	0.632010655391639	0	0	0	0	0	0	0	0	0	0	0	0	0	0	0	0	0	0	0	0	0	0	0	0	0	0	0	0.986474099037356	0.899572084237298	0	0	0	0	0	0	0	0	0	0
0	0	0	0	0.771184885239672	0.985135581307028	0	0	0	0	0	0	0	0	0	0	0	0	0	0	0	0	0	0	0	0	0	0	0	0	0	0	0	0	0	0	0	0	0	0	0	0	0	0	0	0	0	0	0	0	0	0	0	0	0	0	0	0	0	0	0	0	0	0	0	0	0	0	0	0	0	0	0	0	0	0	0	0.867888057578961	0	0.845817577561111	0	0	0	0	0	0	0	0	0	0
0	0	0	0	0	0	0	0	0.747317059323055	0	0	0	0	0	0	0	0	0	0	0.742865627562748	0	0	0	0	0	0	0	0	0	0	0	0	0	0	0	0	0	0	0	0	0.894131859709691	0	0	0	0	0	0	0	0	0	0	0	0	0	0	0	0	0	0	0	0	0	0	0	0	0	0	0	0	0	0	0	0.910565006838749	0	0	0	0	0	0	0	0	0	0	0	0	0	0	0	0	0
0	0	0	0	0	0	0	0	0	0	0	0	0	0	0	0.736386387794989	0	0	0	0	0	0	0	0	0	0	0	0	0	0	0	0	0	0	0	0	0	0	0	0	0	0	0	0	0	0	0	0	0	0	0.883311102738517	0	0	0	0	0	0	0	0	0	0	0	0	0	0	0	0	0	0	0	0	0	0	0	0	0	0	0	0	0	0	0	0	0	0	0	0	0	0	0
0	0	0	0	0	0	0	0	0	0	0.645205804391188	0	0	0	0	0	0	0	0	0	0	0	0	0	0	0	0	0	0	0	0	0	0	0	0	0	0	0	0	0.887290102936321	0	0	0	0	0	0	0	0	0	0	0	0	0	0	0	0	0	0	0	0	0	0	0	0	0	0	0	0	0	0	0	0	0	0	0	0	0	0	0	0	0	0	0	0	0	0	0.596089967190872	0	0	0
0	0	0	0	0.779913650328391	0	0	0	0	0	0	0	0	0.644231706248908	0	0	0	0	0	0	0	0	0	0	0	0	0	0	0	0	0	0	0	0	0	0.94294229986915	0	0	0	0	0	0	0	0	0	0	0	0	0	0.904760444599271	0	0	0	0	0	0	0	0	0	0	0.934901146025369	0	0	0	0	0	0	0	0	0	0	0	0	0	0	0	0	0	0	0	0	0	0	0	0	0	0	0	0	0
0	0	0	0	0	0	0	0	0	0	0	0	0	0	0	0	0	0	0	0	0	0	0	0	0.677487341803442	0.860402295307436	0	0	0	0	0	0	0	0	0	0	0	0	0	0	0	0	0	0	0.683823168675116	0	0	0	0	0	0	0	0	0	0	0	0	0	0	0	0	0	0	0	0	0	0	0	0	0	0	0	0	0	0	0	0	0	0	0	0	0	0	0	0.596089967190872	0	0	0	0	0
0	0	0	0	0	0	0	0	0	0	0	0	0	0	0	0	0.673884217969817	0	0	0	0	0	0	0	0	0	0	0	0	0.902293806861035	0	0	0	0	0	0	0	0	0	0	0	0	0	0	0	0	0	0.929479159795858	0	0	0	0	0	0	0	0	0	0	0	0	0	0	0	0	0	0	0	0	0	0	0	0	0	0	0	0	0	0	0	0	0	0	0	0	0	0	0	0	0	0
0	0	0	0	0	0	0	0	0	0	0	0	0	0	0	0	0	0.954031536385616	0	0	0	0	0	0	0	0	0	0	0	0	0	0	0	0	0	0	0	0.867155849828866	0	0	0	0	0	0	0	0	0	0	0	0	0	0	0	0	0	0	0	0	0	0	0	0	0	0	0	0	0	0	0	0	0	0	0	0	0	0	0	0	0	0	0	0	0	0	0	0	0	0	0	0
0	0.662028156638354	0	0	0	0	0	0	0	0	0	0	0	0	0	0	0	0	0	0	0	0	0	0	0	0	0	0	0	0	0	0	0	0	0	0	0	0	0	0	0	0	0	0	0	0	0.829776042512128	0	0	0	0	0	0	0	0	0	0	0	0	0	0	0	0	0	0	0	0	0	0.662018805694634	0	0	0	0	0	0	0	0	0	0	0	0	0	0	0	0	0	0	0	0	0
