0	0	0	0	0	0	0	0	0.714909800414281	0	0.948294687946063	0	0	0	0	0	0	0	0	0	0	0	0	0	0	0.687041920503561	0	0	0	0.818554766229231	0	0	0	0	0	0	0	0	0	0	0	0	0	0	0	0	0	0	0	0	0	0	0	0	0.871073783665446	0	0	0	0	0	0	0	0	0	0	0	0	0	0	0	0	0	0	0	0	0	0	0	0	0	0	0	0	0	0	0	0	0	0	0
0	0	0	0.670624854716378	0	0	0	0	0	0	0	0	0	0	0	0	0	0	0	0	0	0	0	0	0	0	0	0	0	0	0	0.829100298873954	0	0	0	0	0	0	0	0	0	0	0	0	0	0	0	0	0	0	0.683820541778837	0	0	0	0	0	0	0	0	0	0	0	0	0	0	0	0	0	0	0	0	0	0	0	0	0	0	0	0	0	0	0	0	0	0	0	0	0	0	0
0	0	0	0.844814949909667	0	0	0	0	0	0	0	0	0	0.773096097118624	0	0	0	0	0	0	0	0	0	0	0.946576336556523	0	0	0	0	0	0	0	0	0	0	0	0	0	0	0	0	0	0	0	0	0	0	0	0	0	0	0	0	0	0	0	0	0	0	0	0	0	0	0	0	0	0	0	0	0	0	0	0	0	0	0	0	0	0	0	0	0	0	0	0	0	0	0	0	0
0	0.670624854716378	0.844814949909667	0	0	0	0	0	0	0	0	0.602574932324296	0	0	0	0	0	0	0	0	0	0	0	0	0	0	0	0	0	0	0	0	0	0	0	0	0	0	0	0	0	0	0	0.989185532595466	0.973034929447039	0	0	0	0	0	0	0	0	0	0	0	0	0	0	0	0	0	0	0	0	0	0	0	0	0	0	0	0	0	0	0	0	0	0	0	0	0	0	0	0	0	0	0	0	0
0	0	0	0	0	0	0	0	0	0	0	0	0	0	0	0	0	0	0	0	0	0	0	0	0	0	0	0	0	0	0	0	0	0	0	0	0	0	0	0	0	0	0	0	0	0	0	0	0	0	0.80185848812397	0	0	0	0	0	0	0	0	0	0	0	0	0	0	0	0	0	0	0	0	0	0	0	0	0	0	0	0	0	0	0	0	0	0	0	0.859615068477906	0	0	0
0	0	0	0	0	0	0	0	0	0	0	0	0	0	0	0	0	0	0	0	0	0	0	0	0	0	0	0	0	0	0	0.979197037759511	0	0.74058716100441	0	0	0	0	0	0	0	0	0	0	0	0	0	0	0	0	0	0	0	0	0	0	0	0.78904860574752	0	0	0	0	0	0	0	0	0	0.944185338651178	0	0	0	0	0	0	0	0	0	0	0	0	0	0	0	0	0	0	0	0	0	0
0	0	0	0	0	0	0	0	0	0	0	0	0	0	0	0	0	0	0	0	0	0	0	0	0	0	0	0	0	0	0	0	0	0	0	0	0.629551067715863	0	0	0	0	0	0	0	0	0	0	0.96669150975127	0	0	0	0	0	0	0	0	0	0	0	0	0	0	0	0	0	0	0	0	0	0	0	0	0	0	0	0	0	0	0	0.941145266946319	0	0.964629140392846	0.714880607912042	0	0	0	0	0	0	0
0	0	0	0	0	0	0	0	0.909330727038411	0	0	0	0	0	0	0	0	0	0	0	0	0	0	0	0	0	0	0	0	0	0	0	0.995528866436265	0	0	0	0	0	0	0	0	0	0	0	0.668524538418772	0	0	0	0	0	0.605357290109213	0	0	0	0	0	0	0	0	0	0	0	0	0	0	0	0	0	0	0	0	0	0	0	0	0	0	0	0	0	0	0	0	0	0	0	0	0	0	0
0.714909800414281	0	0	0	0	0	0	0.909330727038411	0	0	0	0	0	0	0	0	0	0	0	0	0	0	0	0	0	0	0.936777826407077	0	0	0	0	0	0	0	0	0	0	0	0	0.774214736800045	0	0	0	0	0	0	0	0	0	0	0	0	0.809326032478486	0	0	0	0	0	0	0	0	0	0	0	0	0	0	0	0	0	0	0	0	0	0	0	0	0	0	0	0	0	0	0	0	0	0	0	0	0
0	0	0	0	0	0	0	0	0	0	0	0	0	0.942591126390243	0	0	0	0	0	0	0	0	0	0	0	0	0	0	0	0	0.92447745923969	0	0	0	0	0	0	0	0	0	0	0	0	0	0	0	0	0	0	0	0	0	0	0	0	0	0	0	0	0	0	0	0	0	0	0	0	0	0	0.686183065320863	0	0	0	0	0	0	0.823912253687526	0	0	0	0	0	0	0	0	0	0	0	0	0
0.948294687946063	0	0	0	0	0	0	0	0	0	0	0	0	0	0	0	0	0	0	0	0	0	0	0	0	0	0	0	0	0	0	0	0	0	0	0	0	0	0	0	0	0	0	0	0	0	0.858030477792564	0	0	0	0	0	0	0	0	0	0	0	0.790099402543841	0	0	0	0	0	0	0	0	0	0	0	0	0	0	0	0	0	0	0	0	0	0	0	0	0	0	0	0	0	0	0
0	0	0	0.602574932324296	0	0	0	0	0	0	0	0	0	0	0	0	0	0	0	0	0	0	0	0	0	0	0	0	0.837686644168161	0	0	0	0	0	0	0.952836438242367	0	0	0	0	0	0	0	0	0	0	0.993946290095486	0	0	0	0	0	0	0	0	0	0	0	0	0	0	0	0	0	0	0	0	0	0	0.802112529277171	0	0	0	0	0	0	0	0	0	0	0	0	0	0	0	0	0	0	0	0
0	0	0	0	0	0	0	0	0	0	0	0	0	0	0	0	0	0	0	0	0	0	0	0	0	0	0	0	0	0	0	0	0	0.750115817706388	0	0	0	0	0	0	0	0	0	0	0	0	0	0	0	0	0	0	0.675247358614233	0	0	0	0	0	0	0	0	0	0	0	0	0	0	0	0	0	0	0	0	0	0	0	0	0	0	0	0	0	0	0	0	0	0	0	0	0
0	0	0.773096097118624	0	0	0	0	0	0	0.942591126390243	0	0	0	0	0.670570839043537	0	0	0	0	0	0	0	0	0	0	0	0	0	0	0	0	0	0	0	0	0	0.999460629565616	0	0	0	0.884884319165415	0	0	0	0	0	0	0	0	0	0	0	0	0	0	0.926407572613669	0	0	0	0	0	0	0	0	0	0	0	0	0	0	0	0	0	0.761851992130384	0	0	0	0	0.979043503336026	0	0	0	0	0	0	0	0	0	0.771742342782752	0
0	0	0	0	0	0	0	0	0	0	0	0	0	0.670570839043537	0	0	0	0	0	0	0	0.9624056942644	0	0	0	0	0	0	0	0	0	0	0	0	0	0	0	0	0	0	0	0	0	0	0	0	0	0	0	0	0	0	0	0	0	0	0	0	0	0	0	0	0	0	0	0	0	0	0	0	0	0	0	0.790423461806293	0	0	0	0	0	0	0	0	0	0.67076393990319	0	0	0	0	0.741640969075871	0
0	0	0	0	0	0	0	0	0	0	0	0	0	0	0	0	0.886882988116944	0	0	0	0	0	0	0	0	0	0	0	0	0	0	0	0	0	0	0	0	0	0	0	0	0	0	0	0	0	0	0	0	0	0	0	0	0	0	0	0	0	0	0	0	0	0	0	0.709568026557376	0	0	0	0	0	0	0	0	0	0	0	0	0	0	0	0	0	0	0	0	0	0	0	0	0
0	0	0	0	0	0	0	0	0	0	0	0	0	0	0	0.886882988116944	0	0	0	0	0	0	0	0	0	0	0	0	0	0	0	0	0	0	0	0	0	0	0	0.689132877305089	0	0	0	0	0	0	0	0	0	0	0	0	0	0	0	0	0	0	0	0	0	0	0	0	0	0	0	0	0	0	0	0	0	0	0	0	0	0	0	0	0	0	0	0	0.954112119926657	0	0	0	0	0
0	0	0	0	0	0	0	0	0	0	0	0	0	0	0	0	0	0	0.96456254773684	0	0	0	0	0	0	0.904586744619678	0	0	0	0	0	0	0	0	0	0	0	0	0	0	0	0	0	0	0	0	0	0	0	0	0	0	0	0	0	0	0	0	0	0	0	0	0	0	0	0	0	0	0	0	0	0	0	0	0	0	0	0	0	0	0	0	0.95175636808745	0	0	0	0	0	0	0
0	0	0	0	0	0	0	0	0	0	0	0	0	0	0	0	0	0.96456254773684	0	0	0.954706532312943	0	0	0	0	0	0	0	0	0	0	0	0	0	0	0	0	0	0	0	0	0	0	0	0.998260145715573	0	0	0	0	0	0	0	0	0	0	0	0	0	0	0	0	0	0	0	0	0	0	0	0	0	0	0	0	0	0	0	0	0	0	0	0	0	0	0	0	0	0	0	0	0
0	0	0	0	0	0	0	0	0	0	0	0	0	0	0	0	0	0	0	0	0	0.67847787910576	0	0	0	0	0	0	0	0	0	0	0	0	0	0	0	0	0	0	0	0	0	0	0	0	0	0	0	0	0	0	0	0.757066599550476	0	0	0	0	0	0	0	0	0	0	0	0	0	0	0.885579052083165	0	0	0	0	0	0	0	0	0	0	0	0	0	0	0	0	0	0	0	0	0
0	0	0	0	0	0	0	0	0	0	0	0	0	0	0	0	0	0	0.954706532312943	0	0	0	0	0	0	0	0	0	0	0	0	0	0	0	0.678834395750509	0	0	0	0	0	0.803186152895476	0	0	0	0	0	0	0	0	0	0	0.869006254236625	0.930119602559935	0	0	0	0	0	0	0	0	0	0	0	0	0	0	0	0	0	0	0	0	0	0	0	0	0	0	0	0	0	0	0	0	0	0	0	0	0
0	0	0	0	0	0	0	0	0	0	0	0	0	0	0.9624056942644	0	0	0	0	0.67847787910576	0	0	0	0	0	0	0	0	0	0	0	0	0	0	0	0	0	0	0	0	0	0	0	0	0	0	0	0	0.688465700790966	0	0	0	0	0	0	0	0	0	0	0	0	0	0	0	0	0	0	0	0	0	0	0	0	0	0	0	0	0	0	0	0	0	0	0	0	0	0	0	0	0
0	0	0	0	0	0	0	0	0	0	0	0	0	0	0	0	0	0	0	0	0	0	0	0	0	0	0	0	0	0	0	0	0	0	0	0.8045024726694	0	0	0	0	0	0	0	0	0	0	0	0	0	0	0	0	0	0	0	0	0	0	0	0.969687604702087	0	0	0	0	0	0	0	0	0	0	0	0	0	0	0	0	0	0	0	0	0	0	0.898196476797853	0	0	0	0	0	0	0
0	0	0	0	0	0	0	0	0	0	0	0	0	0	0	0	0	0	0	0	0	0	0	0	0	0	0	0	0	0	0	0	0	0	0	0	0	0	0	0	0.883585379137201	0.663760439910643	0	0	0	0	0	0	0	0	0	0	0	0	0	0	0	0	0	0	0	0	0	0	0	0	0	0	0	0	0	0	0	0	0	0	0	0	0	0	0	0	0	0	0	0	0	0	0	0
0	0	0.946576336556523	0	0	0	0	0	0	0	0	0	0	0	0	0	0	0	0	0	0	0	0	0	0	0	0	0	0	0	0	0	0	0	0	0	0	0	0	0.821993940607392	0	0	0	0	0	0	0	0	0	0	0	0	0	0	0	0	0	0	0	0	0	0	0	0	0	0	0	0	0	0	0	0	0	0	0	0	0	0	0	0	0	0	0	0	0	0	0	0	0	0.925517619445739
0.687041920503561	0	0	0	0	0	0	0	0	0	0	0	0	0	0	0	0	0.904586744619678	0	0	0	0	0	0	0	0	0	0	0	0	0	0	0	0	0	0	0	0	0	0	0	0	0	0	0	0	0	0	0	0	0	0	0	0	0	0	0	0	0	0	0	0	0	0	0	0	0	0	0	0	0	0	0	0	0	0	0	0	0	0	0	0	0	0	0.975252794848583	0	0	0	0	0
0	0	0	0	0	0	0	0	0.936777826407077	0	0	0	0	0	0	0	0	0	0	0	0	0	0	0	0	0	0	0	0	0	0	0	0	0	0	0	0	0	0	0	0	0	0	0	0	0	0	0.525327091361809	0	0	0	0	0	0	0	0	0	0	0	0	0	0	0	0	0	0	0	0	0	0	0	0	0	0	0	0	0	0	0	0	0	0	0	0	0.639416839288489	0	0	0	0	0
0	0	0	0	0	0	0	0	0	0	0	0	0	0	0	0	0	0	0	0	0	0	0	0	0	0	0	0	0.675620237246134	0	0	0	0	0	0	0	0	0	0	0	0	0	0	0	0	0	0	0	0	0	0	0	0	0	0	0	0	0	0.676745394806084	0	0	0	0	0	0	0	0	0	0	0	0	0	0	0	0	0	0	0	0	0	0	0	0	0	0	0	0	0	0	0
0	0	0	0	0	0	0	0	0	0	0	0.837686644168161	0	0	0	0	0	0	0	0	0	0	0	0	0	0	0	0.675620237246134	0	0	0	0	0	0	0	0	0	0	0	0	0	0	0	0	0	0	0.876241277655763	0	0.890554567525258	0	0	0	0	0	0	0	0	0	0	0	0	0	0	0	0	0	0	0	0	0	0	0	0	0	0	0	0	0	0	0	0	0	0	0	0	0	0	0	0	0
0.818554766229231	0	0	0	0	0	0	0	0	0	0	0	0	0	0	0	0	0	0	0	0	0	0	0	0	0	0	0	0	0	0	0.970311937183596	0	0	0	0	0	0	0	0	0	0	0	0	0	0	0	0	0	0	0	0	0	0	0	0	0	0.995757683247112	0	0	0.833953694129179	0	0	0	0	0	0	0	0	0	0.601389095599045	0	0	0	0	0	0	0	0.754696668443787	0	0	0	0	0	0.875917305823595	0	0	0	0	0
0	0	0	0	0	0	0	0	0	0.92447745923969	0	0	0	0	0	0	0	0	0	0	0	0	0	0	0	0	0	0	0	0	0	0	0	0	0	0	0	0	0	0	0	0	0.727613791118985	0	0	0	0	0	0	0	0	0	0	0	0	0	0	0	0	0	0	0	0	0	0	0	0	0	0	0	0	0	0	0	0	0	0	0	0	0	0	0	0	0	0	0	0	0	0	0
0	0.829100298873954	0	0	0	0.979197037759511	0	0	0	0	0	0	0	0	0	0	0	0	0	0	0	0	0	0	0	0	0	0	0	0.970311937183596	0	0	0.639119768256875	0	0	0	0	0	0	0	0	0	0	0	0	0.957708899127254	0	0	0	0	0	0	0	0	0	0	0	0	0	0	0	0	0	0	0	0	0	0	0	0	0	0	0	0.791558991422024	0	0	0	0	0	0	0	0	0	0	0	0	0	0	0	0.605458939031363
0	0	0	0	0	0	0	0.995528866436265	0	0	0	0	0	0	0	0	0	0	0	0	0	0	0	0	0	0	0	0	0	0	0	0.639119768256875	0	0	0	0	0.927917370860143	0	0	0	0	0	0	0	0	0	0	0	0	0	0	0	0	0	0	0	0	0	0.742169007067193	0	0	0.988419050971326	0	0	0	0	0	0	0	0	0	0	0	0	0	0	0	0	0	0	0	0	0	0	0	0.795624704505957	0	0	0	0
0	0	0	0	0	0.74058716100441	0	0	0	0	0	0	0.750115817706388	0	0	0	0	0	0	0	0	0	0	0	0	0	0	0	0	0	0	0	0	0	0	0	0	0	0	0	0	0	0	0	0	0	0	0	0	0	0	0	0	0	0	0.847934662141443	0	0	0	0	0	0	0	0	0	0	0	0	0	0	0	0	0	0	0	0	0	0	0	0	0	0	0.950850884901037	0	0	0	0	0	0	0
0	0	0	0	0	0	0	0	0	0	0	0	0	0	0	0	0	0	0	0	0.678834395750509	0	0	0	0	0	0	0	0	0	0	0	0	0	0	0	0	0	0	0	0	0	0.637917842446989	0	0	0	0	0	0	0	0	0	0	0	0	0	0	0	0	0	0	0	0	0	0	0	0	0	0	0	0	0	0	0	0	0	0	0	0.746090593059536	0	0	0	0	0	0	0.57202629218635	0	0	0	0
0	0	0	0	0	0	0	0	0	0	0	0.952836438242367	0	0	0	0	0	0	0	0	0	0	0.8045024726694	0	0	0	0	0	0	0	0	0	0	0	0	0	0	0	0	0	0	0	0	0.694928935063375	0	0	0	0	0	0	0.890880253378497	0	0	0	0	0	0	0	0	0	0	0	0	0	0	0	0	0	0	0	0	0	0	0	0	0	0	0	0	0	0	0	0	0	0	0	0	0	0	0
0	0	0	0	0	0	0.629551067715863	0	0	0	0	0	0	0.999460629565616	0	0	0	0	0	0	0	0	0	0	0	0	0	0	0	0	0	0	0.927917370860143	0	0	0	0	0	0	0	0	0	0	0	0	0	0	0	0	0	0	0	0	0	0	0	0	0	0	0	0	0	0	0	0	0	0	0	0	0	0	0	0	0	0	0	0	0.738359778489045	0	0	0	0	0	0	0	0	0	0	0	0
0	0	0	0	0	0	0	0	0	0	0	0	0	0	0	0	0	0	0	0	0	0	0	0	0	0	0	0	0	0	0	0	0	0	0	0	0	0	0.835305225410855	0.850113934323953	0	0	0	0	0	0	0	0	0	0	0	0	0	0	0	0	0	0	0	0	0	0	0.771178634854286	0	0	0	0	0	0	0	0	0	0	0	0	0	0	0	0	0	0	0	0	0.831610330368637	0	0	0	0	0	0
0	0	0	0	0	0	0	0	0	0	0	0	0	0	0	0	0	0	0	0	0	0	0	0	0	0	0	0	0	0	0	0	0	0	0	0	0	0.835305225410855	0	0	0	0.879290250909303	0	0	0	0	0	0	0	0	0	0	0	0	0	0	0.782210683576388	0	0	0	0	0	0	0	0	0	0	0	0	0	0	0	0	0	0	0	0	0	0	0	0.999502130417611	0	0	0	0	0	0	0	0	0
0	0	0	0	0	0	0	0	0.774214736800045	0	0	0	0	0	0	0	0.689132877305089	0	0	0	0	0	0	0	0.821993940607392	0	0	0	0	0	0	0	0	0	0	0	0	0.850113934323953	0	0	0	0	0	0	0	0	0	0	0	0	0	0	0	0	0	0	0	0	0	0	0.891252917741571	0	0	0	0	0	0.992703759143814	0.565523724004259	0	0	0	0	0	0	0	0	0	0	0	0	0	0	0	0	0	0	0	0	0	0
0	0	0	0	0	0	0	0	0	0	0	0	0	0.884884319165415	0	0	0	0	0	0	0.803186152895476	0	0	0.883585379137201	0	0	0	0	0	0	0	0	0	0	0	0	0	0	0	0	0	0	0	0	0	0	0	0	0	0	0	0	0	0	0	0	0	0	0	0	0	0	0	0	0	0	0	0	0	0	0	0.953998267170327	0	0	0	0	0	0	0	0	0.82825154727172	0	0	0	0	0	0	0	0	0
0	0	0	0	0	0	0	0	0	0	0	0	0	0	0	0	0	0	0	0	0	0	0	0.663760439910643	0	0	0	0	0	0	0	0	0	0	0	0	0	0	0.879290250909303	0	0	0	0	0	0	0	0	0	0	0	0	0	0	0.901116153836552	0	0	0.935405938892669	0	0	0	0	0	0	0	0	0	0	0	0.67419634346438	0	0	0	0	0	0	0	0	0	0	0	0	0	0	0	0	0	0.802531456961744	0	0	0
0	0	0	0	0	0	0	0	0	0	0	0	0	0	0	0	0	0	0	0	0	0	0	0	0	0	0	0	0	0	0.727613791118985	0	0	0	0.637917842446989	0	0	0	0	0	0	0	0	0	0	0	0	0	0	0	0	0	0	0	0	0	0	0	0	0	0.889509225408169	0	0	0.97446552234752	0	0	0	0	0	0	0	0	0	0	0	0	0	0	0	0	0	0	0	0	0	0	0	0	0	0
0	0	0	0.989185532595466	0	0	0	0	0	0	0	0	0	0	0	0	0	0	0	0	0	0	0	0	0	0	0	0	0	0	0	0	0	0	0	0.694928935063375	0	0	0	0	0	0	0	0	0	0.609053744608181	0	0	0	0	0	0	0	0	0	0	0	0	0	0	0	0	0	0	0	0	0	0	0	0	0	0	0	0	0	0	0	0	0	0	0	0	0	0	0	0	0	0	0	0
0	0	0	0.973034929447039	0	0	0	0.668524538418772	0	0	0	0	0	0	0	0	0	0	0.998260145715573	0	0	0	0	0	0	0	0	0	0	0	0	0	0	0	0	0	0	0	0	0	0	0	0	0	0	0	0	0	0	0	0	0	0	0	0	0	0	0	0.975728238398954	0	0	0	0	0	0	0	0.781585362319797	0	0	0	0	0	0	0	0	0	0	0	0	0	0	0	0	0	0	0	0	0.900273150937038	0	0
0	0	0	0	0	0	0	0	0	0	0	0	0	0	0	0	0	0	0	0	0	0	0	0	0	0	0	0	0	0	0	0.957708899127254	0	0	0	0	0	0	0	0	0	0	0	0.609053744608181	0	0	0	0.797624701765055	0	0	0	0	0	0	0	0	0	0	0	0	0	0	0	0	0	0	0	0	0	0	0	0	0	0	0	0	0	0	0	0	0	0	0	0	0	0	0.753562615577098	0	0	0
0	0	0	0	0	0	0	0	0	0	0.858030477792564	0.993946290095486	0	0	0	0	0	0	0	0	0	0	0	0	0	0	0	0	0.876241277655763	0	0	0	0	0	0	0	0	0	0	0	0	0	0	0	0	0	0	0.781554469243112	0.783927852904043	0.894412046371242	0	0	0	0	0	0	0	0	0	0	0	0	0	0	0	0	0	0	0	0	0	0	0	0	0	0	0	0	0	0	0	0	0	0	0	0	0	0	0	0
0	0	0	0	0	0	0.96669150975127	0	0	0	0	0	0	0	0	0	0	0	0	0	0	0	0	0	0	0	0.525327091361809	0	0	0	0	0	0	0	0	0	0	0	0	0	0	0	0	0	0	0.797624701765055	0.781554469243112	0	0	0	0	0	0	0	0	0	0	0.602923637698458	0	0	0	0	0	0.69540004861212	0	0	0	0.847075726790035	0	0	0	0	0	0	0	0	0	0	0	0	0.967749648140499	0	0	0	0	0	0	0	0	0
0	0	0	0	0	0	0	0	0	0	0	0	0	0	0	0	0	0	0	0	0	0.688465700790966	0	0	0	0	0	0	0.890554567525258	0	0	0	0	0	0	0	0	0	0	0	0	0	0	0	0	0	0.783927852904043	0	0	0	0	0	0	0	0	0	0	0	0	0	0	0	0	0	0	0	0.609236905592691	0	0	0	0	0	0	0	0	0	0	0	0	0	0	0	0	0	0	0	0	0	0	0
0	0	0	0	0	0	0	0	0	0	0	0	0	0	0	0	0	0	0	0	0	0	0	0	0	0	0	0	0	0	0	0	0	0	0	0	0	0	0	0	0	0	0	0	0	0	0.894412046371242	0	0	0	0.986198188753377	0	0	0	0	0	0	0	0	0	0	0	0	0	0	0	0	0	0	0	0.974978173897373	0	0	0	0	0	0	0	0	0	0	0	0	0	0	0	0	0	0	0
0	0.683820541778837	0	0	0.80185848812397	0	0	0.605357290109213	0	0	0	0	0	0	0	0	0	0	0	0	0	0	0	0	0	0	0	0	0	0	0	0	0	0	0	0.890880253378497	0	0	0	0	0	0	0	0	0	0	0	0	0	0.986198188753377	0	0	0	0	0	0	0	0	0	0	0	0	0	0	0	0	0	0	0.98719576816051	0	0	0	0	0	0	0	0	0	0	0	0	0	0	0	0	0	0	0	0	0
0	0	0	0	0	0	0	0	0	0	0	0	0	0	0	0	0	0	0	0	0.869006254236625	0	0	0	0	0	0	0	0	0	0	0	0	0	0	0	0	0	0	0	0	0	0	0	0	0	0	0	0	0	0	0	0	0	0.952702743632452	0	0	0	0	0	0	0	0	0	0	0	0	0	0	0	0	0	0	0	0	0	0	0	0	0	0	0	0	0	0	0	0	0	0	0
0	0	0	0	0	0	0	0	0.809326032478486	0	0	0	0.675247358614233	0	0	0	0	0	0	0	0.930119602559935	0	0	0	0	0	0	0	0	0	0	0	0	0	0	0	0	0	0	0	0	0	0	0	0	0	0	0	0	0	0	0	0	0	0	0	0	0	0	0	0	0	0	0	0	0	0	0	0	0	0	0	0	0	0	0	0	0	0	0	0	0	0	0	0	0	0	0	0	0
0	0	0	0	0	0	0	0	0	0	0	0	0	0	0	0	0	0	0	0.757066599550476	0	0	0	0	0	0	0	0	0	0	0	0	0	0	0	0	0	0	0	0	0	0.901116153836552	0	0	0	0	0	0	0	0	0	0	0	0	0	0	0	0	0	0	0	0	0	0	0	0	0	0	0	0	0	0	0.870940695109735	0	0	0	0	0	0	0	0	0	0	0	0	0	0	0	0	0
0.871073783665446	0	0	0	0	0	0	0	0	0	0	0	0	0	0	0	0	0	0	0	0	0	0	0	0	0	0	0	0	0	0	0	0	0	0	0	0	0	0	0	0	0	0	0	0	0	0	0	0	0	0	0.952702743632452	0	0	0	0.853722396312782	0.996465379262797	0	0	0	0	0	0	0	0	0	0	0	0	0	0	0	0	0	0	0	0	0	0	0	0	0	0	0	0	0	0	0	0	0
0	0	0	0	0	0	0	0	0	0	0	0	0	0.926407572613669	0	0	0	0	0	0	0	0	0	0	0	0	0	0	0	0	0	0	0	0.847934662141443	0	0	0	0	0	0	0	0	0	0	0	0	0	0	0	0	0	0	0	0	0.853722396312782	0	0	0	0	0	0	0	0.747991141604528	0	0	0	0	0	0	0	0	0	0	0	0	0	0	0	0	0	0	0	0	0	0	0	0	0	0	0
0	0	0	0	0	0	0	0	0	0	0	0	0	0	0	0	0	0	0	0	0	0	0	0	0	0	0	0	0	0	0	0	0	0	0	0	0	0	0.782210683576388	0	0	0.935405938892669	0	0	0	0	0	0	0	0	0	0	0	0	0.996465379262797	0	0	0	0.909701744074289	0	0	0	0	0	0.913544757810397	0	0	0	0	0	0	0	0	0	0	0	0	0	0	0	0	0	0	0	0	0	0	0	0	0
0	0	0	0	0	0.78904860574752	0	0	0	0	0	0	0	0	0	0	0	0	0	0	0	0	0	0	0	0	0	0	0	0.995757683247112	0	0	0	0	0	0	0	0	0	0	0	0	0	0	0	0	0	0.602923637698458	0	0	0	0	0	0	0	0	0	0	0	0	0	0	0	0	0	0	0	0	0	0	0	0	0	0	0	0	0	0	0	0	0	0	0	0	0	0	0	0	0	0
0	0	0	0	0	0	0	0	0	0	0.790099402543841	0	0	0	0	0	0	0	0	0	0	0	0	0	0	0	0	0.676745394806084	0	0	0	0	0.742169007067193	0	0	0	0	0	0	0	0	0	0	0	0.975728238398954	0	0	0	0	0	0	0	0	0	0	0	0.909701744074289	0	0	0	0	0	0	0	0	0	0	0	0	0	0	0	0	0	0	0	0	0.867916738575682	0	0	0	0	0	0	0	0	0	0	0	0
0	0	0	0	0	0	0	0	0	0	0	0	0	0	0	0	0	0	0	0	0	0	0.969687604702087	0	0	0	0	0	0	0	0	0	0	0	0	0	0	0	0	0	0	0	0	0	0	0	0	0	0	0	0	0	0	0	0	0	0	0	0	0	0	0	0	0	0	0	0	0	0	0	0	0	0	0	0	0.783137750531796	0	0	0	0	0	0	0	0	0	0	0	0	0	0
0	0	0	0	0	0	0	0	0	0	0	0	0	0	0	0	0	0	0	0	0	0	0	0	0	0	0	0	0	0.833953694129179	0	0	0	0	0	0	0	0	0	0.891252917741571	0	0	0.889509225408169	0	0	0	0	0	0	0	0	0	0	0	0	0	0	0	0	0	0	0	0	0	0	0	0	0	0	0	0	0	0	0	0	0	0	0	0	0	0	0	0	0	0	0	0	0	0	0
0	0	0	0	0	0	0	0	0	0	0	0	0	0	0	0	0	0	0	0	0	0	0	0	0	0	0	0	0	0	0	0	0.988419050971326	0	0	0	0	0	0	0	0	0	0	0	0	0	0	0	0	0	0	0	0	0	0	0	0	0	0	0	0	0	0	0	0	0.993844962224268	0	0	0	0	0	0	0	0	0	0	0	0.759399661792154	0	0	0	0	0	0	0	0	0	0	0	0
0	0	0	0	0	0	0	0	0	0	0	0	0	0	0	0	0	0	0	0	0	0	0	0	0	0	0	0	0	0	0	0	0	0	0	0	0	0.771178634854286	0	0	0	0	0	0	0	0	0	0	0	0	0	0	0	0	0	0.747991141604528	0	0	0	0	0	0	0	0	0	0	0	0	0	0	0	0	0	0	0	0	0	0	0	0	0	0	0	0	0	0	0	0	0	0
0	0	0	0	0	0	0	0	0	0	0	0	0	0	0	0	0	0	0	0	0	0	0	0	0	0	0	0	0	0	0	0	0	0	0	0	0	0	0	0	0	0	0.97446552234752	0	0	0	0	0.69540004861212	0	0	0	0	0	0	0	0	0	0	0	0	0	0	0	0	0	0	0	0	0	0	0	0	0	0	0	0	0	0	0	0	0	0	0	0	0	0	0	0	0	0
0	0	0	0	0	0	0	0	0	0	0	0	0	0	0	0.709568026557376	0	0	0	0	0	0	0	0	0	0	0	0	0	0	0	0	0	0	0	0	0	0	0	0	0	0	0	0	0	0	0	0	0	0	0	0	0	0	0	0	0.913544757810397	0	0	0	0	0	0	0	0	0.968528542674842	0	0	0	0	0	0	0	0	0	0	0	0	0	0	0	0	0	0	0	0	0	0	0	0
0	0	0	0	0	0	0	0	0	0	0	0	0	0	0	0	0	0	0	0	0	0	0	0	0	0	0	0	0	0	0	0	0	0	0	0	0	0	0	0	0	0	0	0	0	0	0	0	0	0	0	0	0	0	0	0	0	0	0	0	0	0.993844962224268	0	0	0.968528542674842	0	0	0	0	0	0	0	0	0	0	0	0	0	0	0	0.808149465272051	0	0	0	0	0	0	0.967648386618843	0	0
0	0	0	0	0	0	0	0	0	0	0	0	0	0	0	0	0	0	0	0	0	0	0	0	0	0	0	0	0	0	0	0	0	0	0	0	0	0	0	0.992703759143814	0	0	0	0	0.781585362319797	0	0	0	0.609236905592691	0	0	0	0	0	0	0	0	0	0	0	0	0	0	0	0	0	0	0	0	0	0	0	0	0	0	0	0	0	0.974232491354448	0	0	0	0	0	0	0	0	0	0	0
0	0	0	0	0	0.944185338651178	0	0	0	0	0	0	0	0	0	0	0	0	0	0	0	0	0	0	0	0	0	0	0	0	0	0	0	0	0	0	0	0	0	0.565523724004259	0	0	0	0	0	0	0	0.847075726790035	0	0	0	0	0	0	0	0	0	0	0	0	0	0	0	0	0	0	0	0	0	0.909619616582295	0	0	0	0	0	0	0	0	0	0	0	0	0	0	0	0	0	0	0	0
0	0	0	0	0	0	0	0	0	0	0	0	0	0	0	0	0	0	0	0.885579052083165	0	0	0	0	0	0	0	0	0	0	0	0	0	0	0	0	0	0	0	0	0	0.67419634346438	0	0	0	0	0	0	0	0	0.98719576816051	0	0	0	0	0	0	0	0	0	0	0	0	0	0	0	0	0	0	0	0	0	0	0	0	0	0	0	0	0	0	0	0	0	0	0	0.776587143911671	0	0	0
0	0	0	0	0	0	0	0	0	0.686183065320863	0	0.802112529277171	0	0	0	0	0	0	0	0	0	0	0	0	0	0	0	0	0	0	0	0	0	0	0	0	0	0	0	0	0	0	0	0	0	0	0	0	0	0	0	0	0	0	0	0	0	0	0	0	0	0	0	0	0	0	0	0.909619616582295	0	0	0	0.750177786818143	0	0	0	0	0.977712817055851	0	0	0	0	0	0	0	0	0	0	0	0	0
0	0	0	0	0	0	0	0	0	0	0	0	0	0	0	0	0	0	0	0	0	0	0	0	0	0	0	0	0	0.601389095599045	0	0	0	0	0	0	0	0	0	0	0	0	0	0	0	0	0	0	0	0.974978173897373	0	0	0	0	0	0	0	0	0	0	0	0	0	0	0	0	0	0	0	0	0	0.892924559433551	0	0	0	0	0	0	0	0	0	0	0	0.560698758801859	0	0	0	0	0	0
0	0	0	0	0	0	0	0	0	0	0	0	0	0	0	0	0	0	0	0	0	0	0	0	0	0	0	0	0	0	0	0	0	0	0	0	0	0	0	0	0.953998267170327	0	0	0	0	0	0	0	0	0	0	0	0	0	0	0	0	0	0	0	0	0	0	0	0	0	0	0	0	0.750177786818143	0.892924559433551	0	0	0	0	0.800470266016044	0	0.929915382625429	0	0	0	0	0	0	0	0	0	0	0	0
0	0	0	0	0	0	0	0	0	0	0	0	0	0	0	0	0	0	0	0	0	0	0	0	0	0	0	0	0	0	0	0	0	0	0	0	0	0	0	0	0	0	0	0	0	0	0	0	0	0	0	0	0	0.870940695109735	0	0	0	0	0	0	0	0	0	0	0	0	0	0	0	0	0	0	0	0	0	0	0.716791782915633	0	0	0	0	0	0	0	0	0	0	0	0	0.87377121099816
0	0	0	0	0	0	0	0	0	0	0	0	0	0.761851992130384	0.790423461806293	0	0	0	0	0	0	0	0	0	0	0	0	0	0	0	0	0.791558991422024	0	0	0	0	0	0	0	0	0	0	0	0	0	0	0	0	0	0	0	0	0	0	0	0	0	0	0	0	0	0	0	0	0	0	0	0	0	0	0	0	0	0	0.817607008364291	0.530724790877098	0	0	0	0	0	0	0	0	0	0	0	0	0	0
0	0	0	0	0	0	0	0	0	0	0	0	0	0	0	0	0	0	0	0	0	0	0	0	0	0	0	0	0	0	0	0	0	0	0	0	0	0	0	0	0	0	0	0	0	0	0	0	0	0	0	0	0	0	0	0	0	0	0	0	0	0	0	0	0	0	0	0	0	0	0	0	0	0.817607008364291	0	0	0	0	0	0	0	0	0	0	0.884323372721446	0	0	0	0	0
0	0	0	0	0	0	0	0	0	0	0	0	0	0	0	0	0	0	0	0	0	0	0	0	0	0	0	0	0	0	0	0	0	0	0	0	0	0	0	0	0	0	0	0	0	0	0	0	0	0	0	0	0	0	0	0	0	0	0	0.783137750531796	0	0	0	0	0	0	0	0	0	0	0	0.800470266016044	0	0.530724790877098	0	0	0	0	0	0	0	0	0	0	0	0	0	0	0	0
0	0	0	0	0	0	0	0	0	0.823912253687526	0	0	0	0	0	0	0	0	0	0	0	0	0	0	0	0	0	0	0	0	0	0	0	0	0	0	0	0	0	0	0	0	0	0	0	0	0	0	0	0	0	0	0	0	0	0	0	0	0	0	0	0	0	0	0	0	0	0	0	0.977712817055851	0	0	0.716791782915633	0	0	0	0	0	0	0	0	0	0	0	0	0	0	0	0	0
0	0	0	0	0	0	0	0	0	0	0	0	0	0	0	0	0	0	0	0	0	0	0	0	0	0	0	0	0	0	0	0	0	0	0	0	0.738359778489045	0	0	0	0	0	0	0	0	0	0	0	0	0	0	0	0	0	0	0	0	0	0.867916738575682	0	0	0.759399661792154	0	0	0	0	0	0	0	0	0	0.929915382625429	0	0	0	0	0	0	0	0	0	0	0	0	0	0	0	0	0	0
0	0	0	0	0	0	0	0	0	0	0	0	0	0.979043503336026	0	0	0	0	0	0	0	0	0	0	0	0	0	0	0	0.754696668443787	0	0	0	0	0.746090593059536	0	0	0	0	0	0	0	0	0	0	0	0	0	0	0	0	0	0	0	0	0	0	0	0	0	0	0	0	0	0	0	0.974232491354448	0	0	0	0	0	0	0	0	0	0	0	0	0.857551654561779	0	0	0	0	0	0	0.647088598342911	0	0	0
0	0	0	0	0	0	0.941145266946319	0	0	0	0	0	0	0	0	0	0	0	0	0	0	0	0	0	0	0	0	0	0	0	0	0	0	0	0	0	0	0	0	0	0	0	0	0	0	0	0	0	0	0	0	0	0	0	0	0	0	0	0	0	0	0	0	0	0	0	0	0	0	0	0	0	0	0	0	0	0	0	0.857551654561779	0	0	0	0	0	0	0	0	0	0	0
0	0	0	0	0	0	0	0	0	0	0	0	0	0	0	0	0	0	0	0	0	0	0	0	0	0	0	0	0	0	0	0	0	0	0	0	0	0	0.999502130417611	0	0.82825154727172	0	0	0	0	0	0	0.967749648140499	0	0	0	0	0	0	0	0	0	0	0	0	0	0	0	0	0	0.808149465272051	0	0	0	0	0	0	0	0	0	0	0	0	0	0	0	0	0	0	0	0	0	0	0	0
0	0	0	0	0	0	0.964629140392846	0	0	0	0	0	0	0	0	0	0	0	0	0	0	0	0	0	0	0	0	0	0	0	0	0	0	0	0	0	0	0	0	0	0	0	0	0	0	0	0	0	0	0	0	0	0	0	0	0	0	0	0	0	0	0	0	0	0	0	0	0	0	0	0	0	0	0	0	0	0	0	0	0	0	0	0.959313701246241	0	0	0	0	0	0.787998778904885	0
0	0	0	0	0	0	0.714880607912042	0	0	0	0	0	0	0	0	0	0	0.95175636808745	0	0	0	0	0.898196476797853	0	0	0	0	0	0	0	0	0	0	0.950850884901037	0	0	0	0	0	0	0	0	0	0	0	0	0	0	0	0	0	0	0	0	0	0	0	0	0	0	0	0	0	0	0	0	0	0	0	0	0	0	0	0	0	0	0	0	0	0	0	0.959313701246241	0	0	0	0	0	0	0	0
0	0	0	0	0	0	0	0	0	0	0	0	0	0	0.67076393990319	0	0	0	0	0	0	0	0	0	0	0	0	0	0	0	0	0	0	0	0	0	0	0.831610330368637	0	0	0	0	0	0	0	0	0	0	0	0	0	0	0	0	0	0	0	0	0	0	0	0	0	0	0	0	0	0	0	0	0.560698758801859	0	0	0	0	0	0	0	0	0	0	0	0	0	0	0	0	0	0	0
0	0	0	0	0	0	0	0	0	0	0	0	0	0	0	0	0.954112119926657	0	0	0	0	0	0	0	0	0.975252794848583	0.639416839288489	0	0	0.875917305823595	0	0	0	0	0	0	0	0	0	0	0	0	0	0	0	0	0	0	0	0	0	0	0	0	0	0	0	0	0	0	0	0	0	0	0	0	0	0	0	0	0	0	0	0	0.884323372721446	0	0	0	0	0	0	0	0	0	0	0	0	0	0	0
0	0	0	0	0	0	0	0	0	0	0	0	0	0	0	0	0	0	0	0	0	0	0	0	0	0	0	0	0	0	0	0	0.795624704505957	0	0.57202629218635	0	0	0	0	0	0	0	0	0	0	0	0	0	0	0	0	0	0	0	0	0	0	0	0	0	0	0	0	0	0	0	0	0	0	0	0	0	0	0	0	0	0	0	0	0	0	0	0	0	0	0	0.787773288982111	0	0	0
0	0	0	0	0.859615068477906	0	0	0	0	0	0	0	0	0	0	0	0	0	0	0	0	0	0	0	0	0	0	0	0	0	0	0	0	0	0	0	0	0	0	0	0	0.802531456961744	0	0	0	0.753562615577098	0	0	0	0	0	0	0	0	0	0	0	0	0	0	0	0	0	0	0	0	0	0	0.776587143911671	0	0	0	0	0	0	0	0	0	0.647088598342911	0	0	0	0	0	0	0.787773288982111	0	0	0	0
0	0	0	0	0	0	0	0	0	0	0	0	0	0	0	0	0	0	0	0	0	0	0	0	0	0	0	0	0	0	0	0	0	0	0	0	0	0	0	0	0	0	0	0	0.900273150937038	0	0	0	0	0	0	0	0	0	0	0	0	0	0	0	0	0	0	0	0	0.967648386618843	0	0	0	0	0	0	0	0	0	0	0	0	0	0	0	0	0	0	0	0	0	0	0.757808664157238	0.793014743171897
0	0	0	0	0	0	0	0	0	0	0	0	0	0.771742342782752	0.741640969075871	0	0	0	0	0	0	0	0	0	0	0	0	0	0	0	0	0	0	0	0	0	0	0	0	0	0	0	0	0	0	0	0	0	0	0	0	0	0	0	0	0	0	0	0	0	0	0	0	0	0	0	0	0	0	0	0	0	0	0	0	0	0	0	0	0	0	0.787998778904885	0	0	0	0	0	0.757808664157238	0	0.968594915603419
0	0	0	0	0	0	0	0	0	0	0	0	0	0	0	0	0	0	0	0	0	0	0	0	0.925517619445739	0	0	0	0	0	0	0.605458939031363	0	0	0	0	0	0	0	0	0	0	0	0	0	0	0	0	0	0	0	0	0	0	0	0	0	0	0	0	0	0	0	0	0	0	0	0	0	0	0	0	0.87377121099816	0	0	0	0	0	0	0	0	0	0	0	0	0	0	0.793014743171897	0.968594915603419	0
