0	0	0	0	0	0	0	0	0	0	0	0	0	0	0	0	0	0	0	0.555328541440141	0	0	0	0	0	0	0	0	0	0	0.757885413474992	0	0	0	0	0	0	0	0	0	0	0	0	0	0	0	0	0	0	0	0	0	0	0	0	0	0	0	0	0	0	0	0	0	0	0	0	0	0.861510493332576	0	0	0	0	0	0	0	0	0	0	0	0	0	0	0	0.819958244098525	0	0	0	0	0
0	0	0	0	0	0	0	0	0	0	0	0	0	0	0	0	0	0	0	0	0	0	0	0	0	0	0	0	0	0	0	0	0	0	0	0	0	0	0	0	0	0	0	0	0	0	0.930539776035255	0.935699043901285	0	0	0	0	0	0	0	0	0	0	0	0.687441045015476	0	0	0	0	0	0	0	0	0	0	0.582816640036599	0.618788866829736	0	0	0	0	0	0.961285149372868	0	0	0	0	0	0	0	0	0	0	0	0
0	0	0	0	0	0.926692865321339	0	0	0	0	0	0	0	0	0	0	0	0	0	0	0	0	0	0	0	0	0	0	0	0	0	0	0	0	0	0	0	0	0	0	0	0	0	0	0	0.796425897411376	0	0	0	0	0	0	0	0	0	0	0	0	0	0.890186962764611	0	0	0	0	0	0	0	0	0	0	0	0	0	0	0	0	0	0	0	0	0	0	0	0	0	0	0	0	0	0
0	0	0	0	0.743157619305332	0	0	0	0	0	0	0	0	0	0	0	0	0	0	0	0	0	0	0	0	0.830677424707336	0	0	0	0.843547666712948	0	0	0	0	0	0	0	0	0	0	0	0	0	0	0	0	0	0	0	0	0	0	0	0	0	0	0	0	0	0	0	0	0	0	0	0	0	0	0	0	0	0	0	0	0	0	0	0	0	0	0	0	0	0	0	0	0	0	0	0
0	0	0	0.743157619305332	0	0	0	0	0	0	0.833821938251807	0	0	0	0	0	0	0	0	0	0	0	0	0	0	0	0	0	0	0	0	0	0.872892387111801	0	0	0	0	0	0	0	0	0	0	0	0	0	0	0	0	0	0	0	0	0	0	0	0	0	0	0	0.902423087189916	0	0	0	0	0	0	0	0.729234184111035	0	0	0	0	0	0.801955248686639	0	0	0	0	0	0	0	0	0.933878004447219	0	0	0	0	0	0.860685572871458
0	0	0.926692865321339	0	0	0	0	0	0	0	0	0	0	0	0	0	0	0	0	0	0	0	0	0	0	0.718351221930905	0	0	0	0	0	0.967866542274011	0	0	0	0	0	0	0	0	0	0	0	0	0	0	0	0	0	0	0	0	0	0	0	0	0	0	0	0	0	0	0	0	0	0	0	0	0	0	0	0	0	0	0	0	0	0	0	0	0	0	0	0	0	0	0	0	0	0
0	0	0	0	0	0	0	0	0	0	0	0	0	0	0	0	0	0	0	0	0	0	0	0	0	0	0	0	0	0.878182388270964	0	0	0	0.889786757266363	0	0	0	0.86839846981274	0	0	0	0	0	0	0	0	0	0	0	0	0	0	0	0	0	0	0	0	0	0	0	0	0	0	0	0	0	0	0	0	0	0	0	0	0	0	0.634415562729016	0	0	0	0	0	0	0	0	0	0	0.872859230107852	0	0
0	0	0	0	0	0	0	0	0	0	0	0	0	0	0	0	0	0	0	0	0	0	0	0	0	0	0	0	0	0	0	0	0	0	0	0	0	0	0	0	0	0	0	0	0	0	0	0	0	0	0.808281760400688	0	0	0	0	0.758289943212568	0	0	0	0	0.805519450797392	0	0	0	0	0	0	0.817546507103577	0	0	0	0	0	0	0	0	0	0	0	0	0.951472937404056	0	0	0	0.862679254344581	0	0	0	0	0
0	0	0	0	0	0	0	0	0	0	0	0	0	0	0	0	0	0	0	0	0	0	0	0	0	0	0	0	0	0	0	0.900826836795858	0	0	0	0	0	0	0	0	0	0	0	0	0	0	0	0	0	0.842395326240245	0	0	0	0.780874497783702	0	0	0	0	0	0	0	0	0.933729866934639	0	0	0	0	0	0	0	0	0	0	0	0	0	0	0	0	0	0	0	0	0	0	0	0	0	0	0
0	0	0	0	0	0	0	0	0	0	0	0	0	0	0	0	0	0	0	0	0	0	0.988347648827985	0	0	0	0	0	0	0.973327815502424	0	0	0	0	0	0	0.535916619842874	0	0	0	0	0	0	0	0	0	0	0	0	0	0	0	0	0	0	0	0	0	0	0.891158758466341	0	0	0	0	0	0	0	0	0	0.958640490153475	0	0	0	0	0	0	0	0	0	0	0	0	0	0	0	0	0	0	0	0
0	0	0	0	0.833821938251807	0	0	0	0	0	0	0	0	0	0	0	0	0	0	0	0	0	0.793915480019265	0	0	0	0	0	0	0	0	0	0	0	0	0	0	0	0	0	0	0	0	0	0	0	0	0	0	0	0	0	0	0	0	0	0	0	0	0	0	0	0	0	0	0	0	0	0	0	0	0	0	0	0	0	0	0	0	0	0	0	0	0	0	0	0	0	0	0
0	0	0	0	0	0	0	0	0	0	0	0	0	0	0	0	0	0	0	0.91037404128572	0	0	0	0	0	0.896471228993661	0	0	0	0	0	0	0	0	0	0	0	0	0	0	0	0	0	0	0	0	0	0	0.817327105495504	0	0	0	0	0	0	0	0	0	0	0	0	0	0	0	0	0	0	0	0	0	0	0	0	0	0	0	0	0	0	0	0	0	0	0	0	0	0	0	0	0
0	0	0	0	0	0	0	0	0	0	0	0	0	0	0	0	0	0	0	0	0	0	0	0	0	0	0	0	0	0	0	0	0	0	0	0	0	0	0	0	0	0	0	0	0	0	0	0	0	0	0	0.956717242180759	0	0	0	0	0	0.554615602016609	0.595401541655736	0	0	0	0	0	0	0	0	0	0	0	0	0	0.959021422945562	0	0	0	0	0	0	0	0	0	0	0	0	0	0.728691490599864	0	0	0
0	0	0	0	0	0	0	0	0	0	0	0	0	0	0	0	0	0	0.643113447806405	0	0	0	0	0	0	0	0	0	0	0	0	0	0	0	0	0	0	0	0.950045374787548	0	0	0	0	0.956143312215993	0	0	0	0	0	0	0	0	0	0	0	0	0	0	0	0	0	0	0	0	0	0	0	0	0	0	0	0	0	0	0	0	0	0	0	0	0	0	0	0	0	0.96727037315662	0	0	0	0.648378541781322
0	0	0	0	0	0	0	0	0	0	0	0	0	0	0	0.658310658297634	0	0	0	0	0	0	0	0	0	0	0.68240347651046	0	0	0	0	0	0	0	0	0.810058807577865	0	0	0	0	0	0	0	0	0	0	0	0	0	0	0	0	0	0	0	0	0	0	0	0	0	0	0	0	0	0	0	0	0	0.98862500679672	0	0	0	0	0	0	0	0	0	0	0	0	0	0	0	0	0	0	0	0
0	0	0	0	0	0	0	0	0	0	0	0	0	0	0.658310658297634	0	0	0	0	0	0	0	0	0	0	0	0	0	0	0	0	0	0	0	0	0	0	0	0	0	0	0	0	0	0	0	0	0	0	0	0	0	0	0	0.655194683593322	0	0	0	0	0	0	0	0.948838141648954	0	0	0	0	0	0	0	0	0	0.941300095175476	0	0	0.947498268766368	0	0	0	0	0	0	0	0	0	0	0	0	0	0
0	0	0	0	0	0	0	0	0	0	0	0	0	0	0	0	0	0	0	0	0	0	0	0	0	0	0	0	0	0	0	0	0	0	0	0	0	0.994501224027447	0	0	0	0	0	0	0	0	0	0	0	0	0	0	0	0	0	0	0	0	0	0	0	0.67148762367003	0	0	0	0	0	0	0	0	0	0	0	0	0.637301430364314	0	0	0	0	0	0	0	0	0	0	0	0	0	0	0
0	0	0	0	0	0	0	0	0	0	0	0	0	0	0	0	0	0	0	0.776195620215265	0	0	0	0	0	0	0	0	0	0	0	0	0	0	0	0	0	0	0	0	0	0	0	0	0	0	0	0	0	0	0	0	0	0	0	0	0	0	0	0	0	0	0	0	0	0	0	0	0	0	0	0	0	0	0	0	0.910971116761303	0	0	0	0	0	0	0	0	0	0	0	0	0
0	0	0	0	0	0	0	0	0	0	0	0	0	0.643113447806405	0	0	0	0	0	0.830762532664498	0	0	0	0	0	0	0	0	0	0	0	0	0	0	0	0	0	0	0	0	0	0	0	0	0	0	0	0	0	0	0	0	0	0	0	0	0	0	0	0	0	0	0	0	0	0	0	0	0	0	0	0	0	0	0	0	0	0	0	0	0	0.814974118877465	0	0	0	0	0.98350352076247	0	0	0
0.555328541440141	0	0	0	0	0	0	0	0	0	0	0.91037404128572	0	0	0	0	0	0.776195620215265	0.830762532664498	0	0	0	0	0	0	0	0	0	0	0	0	0	0.634347191303661	0	0	0	0	0	0	0	0	0	0.774120636513329	0	0	0	0.964631031043493	0	0	0	0	0	0	0	0	0	0	0	0	0	0	0	0	0	0	0	0.784508705734949	0	0	0	0	0	0	0	0	0	0	0	0	0	0	0	0	0	0	0	0	0	0	0
0	0	0	0	0	0	0	0	0	0	0	0	0	0	0	0	0	0	0	0	0	0	0	0	0	0	0	0	0	0	0	0	0	0	0.837323871825174	0	0	0	0	0	0	0	0.844804634788916	0	0	0	0	0	0	0	0	0	0	0	0	0.751207321229445	0	0	0	0	0	0	0	0	0	0	0	0	0	0	0	0	0	0	0	0	0	0	0	0	0	0	0	0	0	0	0	0	0	0
0	0	0	0	0	0	0	0	0	0	0	0	0	0	0	0	0	0	0	0	0	0	0	0	0	0	0	0	0	0	0	0	0	0	0	0	0	0	0	0	0.740945548030266	0	0	0	0	0	0	0.778014753877756	0	0	0	0	0	0	0	0	0	0	0	0	0	0	0.760952706430768	0	0	0	0	0	0	0	0	0.727313160139219	0	0	0	0	0	0	0	0	0	0	0	0	0	0	0	0	0	0
0	0	0	0	0	0	0	0	0	0.988347648827985	0.793915480019265	0	0	0	0	0	0	0	0	0	0	0	0	0.99425731887635	0.722543733924494	0	0	0	0	0	0	0	0	0.963429844279494	0	0	0	0	0	0	0	0	0	0	0	0	0	0	0	0	0	0	0	0	0	0	0	0	0	0	0	0	0	0	0	0	0	0	0	0	0	0	0	0	0	0	0	0	0	0	0	0	0	0	0	0	0	0	0	0
0	0	0	0	0	0	0	0	0	0	0	0	0	0	0	0	0	0	0	0	0	0	0.99425731887635	0	0	0	0	0	0	0	0	0	0	0	0	0	0	0	0	0	0	0	0	0	0	0	0	0	0	0	0	0	0	0	0	0	0	0	0	0	0	0	0	0	0	0	0	0	0.896242623124193	0	0	0	0	0	0	0	0	0	0	0	0	0	0	0	0	0	0	0	0	0
0	0	0	0	0	0	0	0	0	0	0	0	0	0	0	0	0	0	0	0	0	0	0.722543733924494	0	0	0	0	0	0	0	0	0	0	0	0	0	0	0	0	0	0	0	0	0	0	0	0	0	0	0	0	0	0.851316156256992	0	0	0	0	0	0	0	0	0	0	0	0	0	0	0	0	0	0	0.856854073689228	0	0	0	0	0	0	0.579745548267535	0	0	0	0	0	0	0	0	0	0	0
0	0	0	0.830677424707336	0	0.718351221930905	0	0	0	0	0	0.896471228993661	0	0	0	0	0	0	0	0	0	0	0	0	0	0	0	0	0	0	0	0	0	0	0	0	0	0	0	0	0	0	0	0	0	0	0	0	0	0	0	0	0	0.910038074266209	0	0	0	0	0	0	0	0	0	0	0	0	0	0	0	0	0	0	0	0	0	0	0	0	0	0	0	0	0	0	0	0	0	0	0.685949791734894	0
0	0	0	0	0	0	0	0	0	0	0	0	0	0	0.68240347651046	0	0	0	0	0	0	0	0	0	0	0	0	0	0	0	0	0	0	0	0	0	0	0	0	0	0	0	0	0	0	0	0	0	0	0	0	0	0	0	0	0	0	0	0	0	0	0	0	0	0	0	0	0	0	0	0	0	0	0	0	0	0	0	0	0	0	0	0	0	0	0	0	0	0.818662473732202	0
0	0	0	0	0	0	0	0	0	0	0	0	0	0	0	0	0	0	0	0	0	0	0	0	0	0	0	0	0	0	0	0	0	0	0	0	0	0	0	0	0.817364235269255	0	0	0	0	0	0	0	0	0	0	0	0	0	0	0	0	0	0.962753926128753	0	0	0.768497032028329	0	0	0	0	0	0	0	0	0	0	0	0	0	0	0	0	0	0	0	0	0	0	0	0	0	0	0	0
0	0	0	0	0	0	0	0	0	0	0	0	0	0	0	0	0	0	0	0	0	0	0	0	0	0	0	0	0	0	0.929943894737201	0	0	0	0	0	0	0	0	0	0	0	0	0	0	0	0	0	0	0	0	0	0	0	0	0	0	0	0	0	0	0.699830943196815	0	0	0	0.985452351882491	0	0	0	0	0	0	0	0	0	0	0	0	0	0	0	0	0	0	0	0	0	0	0	0.828022653740014
0	0	0	0.843547666712948	0	0	0.878182388270964	0	0	0.973327815502424	0	0	0	0	0	0	0	0	0	0	0	0	0	0	0	0	0	0	0	0	0	0	0	0	0	0	0	0	0	0	0	0	0	0	0	0	0	0	0	0	0	0	0	0	0	0	0	0	0	0	0	0	0	0	0	0	0	0	0	0	0	0	0	0	0	0	0	0	0	0	0	0	0	0	0	0	0	0	0	0
0.757885413474992	0	0	0	0	0	0	0	0	0	0	0	0	0	0	0	0	0	0	0	0	0	0	0	0	0	0	0	0.929943894737201	0	0	0	0	0	0	0	0	0	0	0	0	0	0	0.781015286892835	0	0	0	0	0	0	0	0	0	0	0	0	0	0	0	0	0	0	0	0	0	0	0	0	0	0	0.950428474893418	0	0	0.907410120442675	0	0.935075261219847	0	0	0	0	0	0	0	0	0	0	0	0	0	0
0	0	0	0	0	0.967866542274011	0	0	0.900826836795858	0	0	0	0	0	0	0	0	0	0	0	0	0	0	0	0	0	0	0	0	0	0	0	0	0	0	0	0	0	0	0	0	0	0	0	0	0	0	0	0	0	0	0	0	0	0	0	0	0	0	0	0	0	0	0	0	0	0	0	0	0	0	0	0	0	0	0	0	0	0	0	0	0	0	0	0	0	0	0	0	0
0	0	0	0	0.872892387111801	0	0	0	0	0	0	0	0	0	0	0	0	0	0	0.634347191303661	0	0	0	0	0	0	0	0	0	0	0	0	0	0	0	0	0	0	0	0	0	0	0	0	0	0	0	0	0	0	0	0.675880707776537	0	0	0	0	0	0	0	0	0	0	0	0	0	0	0	0	0	0	0	0	0	0	0	0	0	0	0	0	0	0	0	0	0	0	0	0	0	0
0	0	0	0	0	0	0.889786757266363	0	0	0	0	0	0	0	0	0	0	0	0	0	0	0	0.963429844279494	0	0	0	0	0	0	0	0	0	0	0	0.9810600366368	0.753804804648566	0	0	0	0	0	0	0	0	0	0	0	0	0	0	0	0	0	0	0	0	0	0	0	0	0	0	0	0	0	0	0	0	0	0	0	0	0	0	0	0	0	0	0	0	0	0	0	0	0	0	0.954668465517311	0	0	0
0	0	0	0	0	0	0	0	0	0	0	0	0	0	0	0	0	0	0	0	0.837323871825174	0	0	0	0	0	0	0	0	0	0	0	0	0.9810600366368	0	0	0	0	0	0.935313924654719	0	0	0	0	0	0	0	0	0	0	0	0	0	0	0	0	0	0.806076104336399	0	0	0	0	0	0	0	0	0	0	0	0	0	0	0	0	0	0	0	0	0	0	0	0	0	0	0	0	0	0	0	0
0	0	0	0	0	0	0	0	0	0	0	0	0	0	0.810058807577865	0	0	0	0	0	0	0	0	0	0	0	0	0	0	0	0	0	0	0.753804804648566	0	0	0	0	0	0	0.71021073771381	0	0	0	0	0	0	0	0	0	0	0	0	0	0	0	0	0	0	0	0	0	0	0	0	0	0	0	0	0	0	0	0	0	0	0	0	0	0	0.721995025627243	0	0	0	0	0	0	0	0	0	0
0	0	0	0	0	0	0	0	0	0.535916619842874	0	0	0	0	0	0	0	0	0	0	0	0	0	0	0	0	0	0	0	0	0	0	0	0	0	0	0	0	0	0	0	0	0	0	0	0	0	0	0	0	0	0	0	0	0.757366023035849	0	0	0	0	0	0	0	0	0	0	0	0	0	0	0	0	0	0	0	0	0	0.971625523307743	0	0	0	0.979845612770319	0	0	0	0	0	0	0	0	0
0	0	0	0	0	0	0.86839846981274	0	0	0	0	0	0	0	0	0	0.994501224027447	0	0	0	0	0	0	0	0	0	0	0	0	0	0	0	0	0	0	0	0	0	0	0	0	0	0	0	0	0.930434830735673	0	0	0	0	0	0	0	0	0	0	0	0	0	0	0	0	0	0	0	0	0	0	0	0	0	0	0	0	0	0	0	0	0	0	0	0	0	0	0	0	0	0	0	0.772037554245301
0	0	0	0	0	0	0	0	0	0	0	0	0	0.950045374787548	0	0	0	0	0	0	0	0	0	0	0	0	0	0	0	0	0	0	0	0	0	0	0	0	0	0	0	0	0	0	0	0	0	0	0	0	0	0	0	0	0	0	0	0	0	0	0	0	0	0	0	0	0	0	0	0	0	0	0	0	0	0	0	0	0	0	0	0	0	0	0.913478686373922	0	0	0	0	0
0	0	0	0	0	0	0	0	0	0	0	0	0	0	0	0	0	0	0	0	0	0	0	0	0	0	0	0	0	0	0	0	0	0	0.935313924654719	0	0	0	0	0	0	0	0.639435102204248	0	0	0	0	0	0	0	0	0	0	0.947526166418594	0	0	0	0	0	0	0	0	0	0	0	0	0	0	0	0	0	0	0	0	0	0	0	0	0	0	0	0	0	0	0	0	0	0	0	0
0	0	0	0	0	0	0	0	0	0	0	0	0	0	0	0	0	0	0	0	0	0.740945548030266	0	0	0	0	0	0.817364235269255	0	0	0	0	0	0	0	0.71021073771381	0	0	0	0	0	0	0	0	0	0	0	0	0	0	0	0	0	0	0	0	0	0	0	0	0	0	0	0	0	0	0	0	0	0	0	0	0	0	0	0	0	0	0	0	0	0	0	0	0	0	0	0	0	0
0	0	0	0	0	0	0	0	0	0	0	0	0	0	0	0	0	0	0	0	0	0	0	0	0	0	0	0	0	0	0	0	0	0	0	0	0	0	0	0	0	0	0	0	0	0	0	0	0	0.823340475208106	0	0	0	0	0	0	0	0	0	0	0	0	0	0	0	0	0	0	0	0	0	0	0	0	0	0	0	0	0	0	0	0	0	0	0	0	0	0	0.989426332905406	0.907045479495887
0	0	0	0	0	0	0	0	0	0	0	0	0	0	0	0	0	0	0	0.774120636513329	0.844804634788916	0	0	0	0	0	0	0	0	0	0	0	0	0	0	0	0	0	0	0.639435102204248	0	0	0	0	0	0	0	0	0.969414024141496	0	0	0	0	0	0.952220239831169	0	0	0	0	0	0	0	0	0	0	0	0	0.854490833197603	0	0	0	0	0	0	0	0.985204148397837	0	0	0	0	0.964009133055518	0	0	0	0	0	0	0	0	0
0	0	0	0	0	0	0	0	0	0	0	0	0	0.956143312215993	0	0	0	0	0	0	0	0	0	0	0	0	0	0	0	0	0.781015286892835	0	0	0	0	0	0	0	0	0	0	0	0	0	0	0	0	0	0	0	0	0.937164723547609	0.996569732441256	0	0	0	0	0	0	0	0.855154938245667	0	0	0	0.879295602154996	0	0	0	0	0	0	0	0	0	0	0	0	0	0	0	0	0	0	0	0	0	0	0	0	0
0	0	0	0	0	0	0	0	0	0	0	0	0	0	0	0	0	0	0	0	0	0	0	0	0	0	0	0	0	0	0	0	0	0	0	0	0	0	0	0	0	0	0	0	0	0.890328307035098	0.947629016373376	0	0	0	0	0	0	0	0	0	0	0	0	0	0	0	0	0.986612969754943	0	0	0	0	0	0	0	0	0	0	0	0	0	0	0	0	0	0	0	0	0	0	0	0	0	0
0	0	0.796425897411376	0	0	0	0	0	0	0	0	0	0	0	0	0	0	0	0	0	0	0	0	0	0	0	0	0	0	0	0	0	0	0	0	0	0	0.930434830735673	0	0	0	0	0	0	0.890328307035098	0	0	0	0	0	0	0	0	0	0	0	0	0.752531034753768	0	0	0	0	0	0	0	0	0	0	0	0	0	0	0	0	0	0	0	0	0.811557997691168	0	0	0	0	0	0	0	0	0	0	0
0	0.930539776035255	0	0	0	0	0	0	0	0	0	0	0	0	0	0	0	0	0	0.964631031043493	0	0	0	0	0	0	0	0	0	0	0	0	0	0	0	0	0	0	0	0	0	0	0	0	0.947629016373376	0	0	0	0.966550690378131	0	0	0	0	0	0	0	0	0	0	0	0	0	0	0	0	0	0	0	0	0	0	0	0	0	0	0	0	0	0	0	0	0	0	0	0	0	0	0	0.84823912663576	0
0	0.935699043901285	0	0	0	0	0	0	0	0	0	0	0	0	0	0	0	0	0	0	0	0.778014753877756	0	0	0	0	0	0	0	0	0	0	0	0	0	0	0	0	0	0	0	0	0	0	0	0	0	0	0	0	0	0	0	0	0	0	0	0	0	0	0	0	0	0	0	0	0	0	0	0	0	0	0	0	0	0	0	0	0	0	0	0	0	0	0	0	0	0	0	0
0	0	0	0	0	0	0	0	0	0	0	0.817327105495504	0	0	0	0	0	0	0	0	0	0	0	0	0	0	0	0	0	0	0	0	0	0	0	0	0	0	0	0	0	0	0.969414024141496	0	0	0	0.966550690378131	0	0	0.835665275470806	0	0	0	0	0	0	0	0	0	0	0	0	0	0	0	0	0	0	0	0	0	0	0	0.984371219545835	0	0	0	0	0	0	0	0	0	0.742118401768435	0	0	0	0	0	0
0	0	0	0	0	0	0	0	0.842395326240245	0	0	0	0	0	0	0	0	0	0	0	0	0	0	0	0	0	0	0	0	0	0	0	0	0	0	0	0	0	0	0	0	0.823340475208106	0	0	0	0	0	0	0.835665275470806	0	0.991309579823419	0	0	0	0	0	0	0	0	0	0	0	0	0	0	0	0	0	0	0	0	0	0	0	0	0	0	0	0	0	0	0	0	0	0	0	0.680816191420913	0	0	0
0	0	0	0	0	0	0	0.808281760400688	0	0	0	0	0	0	0	0	0	0	0	0	0	0	0	0	0	0	0	0	0	0	0	0	0	0	0	0	0	0	0	0	0	0	0	0	0	0	0	0	0	0.991309579823419	0	0	0	0	0	0	0	0	0	0	0	0	0	0	0	0	0	0	0	0	0	0	0	0	0	0.922672099187739	0	0	0	0	0	0	0	0	0	0	0	0	0	0
0	0	0	0	0	0	0	0	0	0	0	0	0.956717242180759	0	0	0	0	0	0	0	0	0	0	0	0	0	0	0	0	0	0	0	0.675880707776537	0	0	0	0	0	0	0	0	0	0	0.937164723547609	0	0	0	0	0	0	0	0	0	0	0	0	0	0	0	0	0	0	0	0	0	0	0	0	0	0	0	0	0	0	0	0	0	0	0	0	0	0	0	0	0	0	0	0	0	0
0	0	0	0	0	0	0	0	0	0	0	0	0	0	0	0	0	0	0	0	0	0	0	0	0.851316156256992	0	0	0	0	0	0	0	0	0	0	0	0	0	0	0	0	0	0	0.996569732441256	0	0	0	0	0	0	0	0	0	0	0	0	0	0	0	0	0	0	0	0	0	0	0	0	0	0	0	0	0	0	0	0	0	0	0	0	0	0	0	0	0	0	0	0	0.896652630386829	0
0	0	0	0	0	0	0	0	0.780874497783702	0	0	0	0	0	0	0	0	0	0	0	0	0	0	0	0	0.910038074266209	0	0	0	0	0	0	0	0	0	0	0	0	0	0.947526166418594	0	0	0	0	0	0	0	0	0	0	0	0	0	0	0	0.972379791475994	0	0	0	0	0	0	0	0	0	0	0	0	0	0	0	0	0	0	0	0	0	0	0	0	0	0	0	0	0	0	0	0	0	0
0	0	0	0	0	0	0	0	0	0	0	0	0	0	0	0.655194683593322	0	0	0	0	0	0	0	0	0	0	0	0	0	0	0	0	0	0	0	0	0.757366023035849	0	0	0	0	0	0.952220239831169	0	0	0	0	0	0	0	0	0	0	0	0	0	0	0	0	0	0	0	0	0	0	0	0	0	0	0	0	0	0	0	0	0	0	0	0	0	0	0	0	0	0	0	0	0	0	0
0	0	0	0	0	0	0	0.758289943212568	0	0	0	0	0	0	0	0	0	0	0	0	0.751207321229445	0	0	0	0	0	0	0	0	0	0	0	0	0	0	0	0	0	0	0	0	0	0	0	0	0	0	0	0	0	0	0	0	0.972379791475994	0	0	0	0.888533121870846	0	0	0	0	0	0	0	0	0	0	0	0	0	0	0	0	0	0	0	0	0	0	0	0	0	0	0	0	0	0	0	0
0	0	0	0	0	0	0	0	0	0	0	0	0	0	0	0	0	0	0	0	0	0	0	0	0	0	0	0	0	0	0	0	0	0	0	0	0	0	0	0	0	0	0	0	0	0	0	0	0	0	0	0	0	0	0	0	0	0	0	0	0	0	0	0	0	0	0	0.955016676207063	0	0	0	0	0	0.908494417354233	0	0	0	0	0	0	0	0	0	0	0	0	0	0.976095574050529	0	0
0	0	0	0	0	0	0	0	0	0	0	0	0.554615602016609	0	0	0	0	0	0	0	0	0	0	0	0	0	0	0	0	0	0	0	0	0	0.806076104336399	0	0	0	0	0	0	0	0	0	0	0.752531034753768	0	0	0	0	0	0	0	0	0	0.888533121870846	0	0	0	0	0	0	0	0	0	0	0	0	0	0	0	0	0	0	0	0	0	0	0	0	0	0.902311859553307	0	0	0	0	0	0	0	0
0	0	0	0	0	0	0	0	0	0	0	0	0.595401541655736	0	0	0	0	0	0	0	0	0	0	0	0	0	0	0.962753926128753	0	0	0	0	0	0	0	0	0	0	0	0	0	0	0	0	0	0	0	0	0	0	0	0	0	0	0	0	0	0	0	0	0	0	0	0	0	0	0	0	0	0	0	0	0	0	0	0	0.955150135300949	0	0	0	0	0.800147830583906	0	0	0	0	0	0	0	0
0	0.687441045015476	0.890186962764611	0	0	0	0	0	0	0.891158758466341	0	0	0	0	0	0	0	0	0	0	0	0	0	0	0	0	0	0	0	0	0	0	0	0	0	0	0	0	0	0	0	0	0	0	0	0	0	0	0	0	0	0	0	0	0	0	0	0	0	0	0	0.964232312993653	0	0	0	0	0	0	0	0	0	0	0	0	0	0	0	0	0	0	0	0	0	0	0	0	0	0	0	0
0	0	0	0	0.902423087189916	0	0	0.805519450797392	0	0	0	0	0	0	0	0	0	0	0	0	0	0	0	0	0	0	0	0	0	0	0	0	0	0	0	0	0	0	0	0	0	0	0	0.855154938245667	0	0	0	0	0	0	0	0	0	0	0	0	0	0	0	0	0	0	0	0	0	0	0	0	0	0	0	0	0	0	0	0	0	0	0	0	0	0	0	0	0	0	0	0	0	0
0	0	0	0	0	0	0	0	0	0	0	0	0	0	0	0	0.67148762367003	0	0	0	0	0	0	0	0	0	0	0.768497032028329	0.699830943196815	0	0	0	0	0	0	0	0	0	0	0	0	0	0	0	0	0	0	0	0	0	0	0	0	0	0	0	0	0	0	0.964232312993653	0	0	0	0	0	0	0	0	0	0	0	0	0	0	0	0	0	0	0	0	0	0	0	0	0	0	0	0	0	0
0	0	0	0	0	0	0	0	0.933729866934639	0	0	0	0	0	0	0.948838141648954	0	0	0	0	0	0.760952706430768	0	0	0	0	0	0	0	0	0	0	0	0	0	0	0	0	0	0	0	0	0	0	0	0	0	0	0	0	0	0	0	0	0	0	0	0	0	0	0	0	0	0	0	0	0	0	0	0.964026187660933	0	0	0	0	0	0	0	0	0	0	0	0	0	0	0	0	0	0	0	0
0	0	0	0	0	0	0	0	0	0	0	0	0	0	0	0	0	0	0	0	0	0	0	0	0	0	0	0	0	0	0	0	0	0	0	0	0	0	0	0	0	0	0	0	0.986612969754943	0	0	0	0	0	0	0	0	0	0	0	0	0	0	0	0	0	0	0	0.8874720964855	0	0	0	0	0	0	0	0	0	0	0	0	0	0	0	0	0	0	0	0	0	0	0	0	0
0	0	0	0	0	0	0	0	0	0	0	0	0	0	0	0	0	0	0	0	0	0	0	0	0	0	0	0	0	0	0	0	0	0	0	0	0	0	0	0	0	0	0	0.879295602154996	0	0	0	0	0	0	0	0	0	0	0	0	0	0	0	0	0	0	0	0.8874720964855	0	0	0	0.765761364409298	0	0	0	0	0	0	0.848896587062487	0	0	0	0	0	0	0	0	0	0.690308543397587	0	0	0	0	0
0	0	0	0	0	0	0	0	0	0	0	0	0	0	0	0	0	0	0	0	0	0	0	0	0	0	0	0	0.985452351882491	0	0	0	0	0	0	0	0	0	0	0	0	0	0	0	0	0	0	0	0	0	0	0	0	0	0	0	0	0	0	0	0	0	0	0	0	0	0	0.858122968242041	0	0	0	0	0	0	0	0	0	0	0	0	0	0	0	0	0.635729761347395	0	0	0	0	0
0	0	0	0	0	0	0	0	0	0	0	0	0	0	0	0	0	0	0	0.784508705734949	0	0	0	0	0	0	0	0	0	0	0	0	0	0	0	0	0	0	0	0	0	0	0	0	0	0	0	0	0	0	0	0	0	0	0	0	0	0	0	0	0	0	0	0	0	0	0	0	0	0	0	0	0	0	0	0	0	0.75692069983669	0	0	0	0	0	0	0	0	0	0	0	0
0	0	0	0	0	0	0	0.817546507103577	0	0	0	0	0	0	0	0	0	0	0	0	0	0	0	0	0	0	0	0	0	0	0	0	0	0	0	0	0	0	0	0	0	0	0.854490833197603	0	0	0	0	0	0	0	0	0	0	0	0	0	0.955016676207063	0	0	0	0	0	0	0	0.765761364409298	0.858122968242041	0	0	0.822972942782582	0	0	0	0	0	0.680230013271814	0	0	0	0	0	0	0	0	0	0	0	0	0	0	0
0.861510493332576	0	0	0	0.729234184111035	0	0	0	0	0	0	0	0	0	0	0	0	0	0	0	0	0	0	0.896242623124193	0	0	0	0	0	0	0	0	0	0	0	0	0	0	0	0	0	0	0	0	0	0	0	0	0	0	0	0	0	0	0	0	0	0	0	0	0	0	0	0	0	0	0	0.822972942782582	0	0	0	0	0	0	0	0	0	0	0	0.597373351572726	0	0	0	0	0	0	0	0	0	0
0	0	0	0	0	0	0	0	0	0.958640490153475	0	0	0	0	0.98862500679672	0	0	0	0	0	0	0	0	0	0	0	0	0	0	0	0	0	0	0	0	0	0	0	0	0	0	0	0	0	0	0	0	0	0	0	0	0	0	0	0	0	0	0	0	0	0	0	0.964026187660933	0	0	0	0	0	0	0	0	0	0	0	0	0	0	0	0	0	0	0	0	0	0	0	0	0	0.939287639935489	0
0	0.582816640036599	0	0	0	0	0	0	0	0	0	0	0	0	0	0	0	0	0	0	0	0	0	0	0	0	0	0	0	0	0.950428474893418	0	0	0	0	0	0	0	0	0	0	0	0	0	0	0	0	0	0	0	0	0	0	0	0	0	0	0	0	0	0	0	0	0	0	0	0	0	0	0	0	0	0	0	0	0	0	0	0.981925702956959	0	0	0	0	0	0	0	0	0	0	0
0	0.618788866829736	0	0	0	0	0	0	0	0	0	0	0	0	0	0	0	0	0	0	0	0.727313160139219	0	0	0.856854073689228	0	0	0	0	0	0	0	0	0	0	0	0	0	0	0	0	0	0	0	0	0	0	0	0	0	0	0	0	0	0	0	0	0	0	0	0	0	0	0	0	0	0	0	0	0	0	0	0	0.668128587971442	0	0	0	0	0	0	0	0	0	0	0	0	0	0	0	0
0	0	0	0	0	0	0	0	0	0	0	0	0.959021422945562	0	0	0.941300095175476	0	0	0	0	0	0	0	0	0	0	0	0	0	0	0	0	0	0	0	0	0	0	0	0	0	0	0	0	0	0	0	0	0	0	0	0	0	0	0	0	0	0	0	0	0	0	0	0	0	0	0	0	0	0	0	0	0	0.689113524068741	0	0	0	0	0	0	0	0	0	0	0	0	0	0	0	0
0	0	0	0	0	0	0	0	0	0	0	0	0	0	0	0	0	0	0	0	0	0	0	0	0	0	0	0	0	0	0.907410120442675	0	0	0	0	0	0	0	0	0	0	0	0	0	0	0	0	0	0.984371219545835	0	0	0	0	0	0	0	0.908494417354233	0	0	0	0	0	0	0	0	0	0	0	0	0	0	0.668128587971442	0.689113524068741	0	0	0	0	0	0	0	0	0	0	0	0	0	0	0	0	0
0	0	0	0	0.801955248686639	0	0	0	0	0	0	0	0	0	0	0	0.637301430364314	0	0	0	0	0	0	0	0	0	0	0	0	0	0	0	0	0	0	0	0	0	0	0	0	0	0	0	0	0	0	0	0	0	0	0	0	0	0	0	0	0	0	0	0	0	0	0	0.848896587062487	0	0	0.680230013271814	0	0	0	0	0	0	0	0	0	0	0	0	0	0	0	0	0	0	0	0	0	0
0	0	0	0	0	0	0	0	0	0	0	0	0	0	0	0.947498268766368	0	0	0	0	0	0	0	0	0	0	0	0	0	0	0.935075261219847	0	0	0	0	0	0	0	0	0	0	0	0.985204148397837	0	0	0	0	0	0	0	0.922672099187739	0	0	0	0	0	0	0	0	0	0	0	0	0	0	0	0	0	0	0	0	0	0	0	0	0	0	0	0	0	0	0	0	0	0	0	0	0	0	0
0	0	0	0	0	0	0.634415562729016	0	0	0	0	0	0	0	0	0	0	0.910971116761303	0	0	0	0	0	0	0	0	0	0	0	0	0	0	0	0	0	0	0.971625523307743	0	0	0	0	0	0	0	0	0	0	0	0	0	0	0	0	0	0	0	0	0	0.955150135300949	0	0	0	0	0	0	0	0	0	0	0	0	0	0	0	0	0	0	0	0	0	0	0	0	0	0	0	0	0	0	0
0	0.961285149372868	0	0	0	0	0	0	0	0	0	0	0	0	0	0	0	0	0	0	0	0	0	0	0	0	0	0	0	0	0	0	0	0	0	0	0	0	0	0	0	0	0	0	0	0	0	0	0	0	0	0	0	0	0	0	0	0	0	0	0	0	0	0	0	0	0.75692069983669	0	0	0	0	0	0	0	0	0	0	0	0	0	0	0	0	0	0.951864935391564	0	0	0	0	0
0	0	0	0	0	0	0	0	0	0	0	0	0	0	0	0	0	0	0	0	0	0	0	0	0.579745548267535	0	0	0	0	0	0	0	0	0	0	0	0	0	0	0	0	0	0	0	0	0.811557997691168	0	0	0	0	0	0	0	0	0	0	0	0	0	0	0	0	0	0	0	0	0	0	0	0	0.981925702956959	0	0	0	0	0	0	0	0	0	0	0	0	0	0	0	0	0	0	0
0	0	0	0	0	0	0	0	0	0	0	0	0	0	0	0	0	0	0	0	0	0	0	0	0	0	0	0	0	0	0	0	0	0	0	0.721995025627243	0	0	0	0	0	0	0	0	0	0	0	0	0	0	0	0	0	0	0	0	0	0	0	0	0	0	0	0	0	0	0	0	0.597373351572726	0	0	0	0	0	0	0	0	0	0	0	0.770540161200822	0	0	0	0	0	0	0	0	0
0	0	0	0	0	0	0	0.951472937404056	0	0	0	0	0	0	0	0	0	0	0	0	0	0	0	0	0	0	0	0	0	0	0	0	0	0	0	0	0.979845612770319	0	0	0	0	0	0.964009133055518	0	0	0	0	0	0	0	0	0	0	0	0	0	0	0	0	0	0	0	0	0	0	0	0	0	0	0	0	0	0	0	0	0	0	0	0	0.770540161200822	0	0.66758468157472	0	0	0	0	0	0	0	0
0	0	0	0	0	0	0	0	0	0	0	0	0	0	0	0	0	0	0.814974118877465	0	0	0	0	0	0	0	0	0	0	0	0	0	0	0	0	0	0	0	0	0	0	0	0	0	0	0	0	0	0	0	0	0	0	0	0	0	0	0.902311859553307	0.800147830583906	0	0	0	0	0	0	0	0	0	0	0	0	0	0	0	0	0	0	0	0	0	0.66758468157472	0	0	0	0	0	0	0	0	0
0	0	0	0	0	0	0	0	0	0	0	0	0	0	0	0	0	0	0	0	0	0	0	0	0	0	0	0	0	0	0	0	0	0	0	0	0	0	0	0	0	0	0	0	0	0	0	0	0	0	0	0	0	0	0	0	0	0	0	0	0	0	0	0	0	0	0	0	0	0	0	0	0	0	0	0	0	0	0	0	0	0	0	0	0.61520833671265	0	0.89185760040094	0	0	0
0	0	0	0	0.933878004447219	0	0	0	0	0	0	0	0	0	0	0	0	0	0	0	0	0	0	0	0	0	0	0	0	0	0	0	0	0	0	0	0	0	0	0	0	0	0	0	0	0	0	0	0.742118401768435	0	0	0	0	0	0	0	0	0	0	0	0	0	0	0	0	0	0	0	0	0	0	0	0	0	0	0	0	0	0	0	0	0	0	0	0	0	0	0	0	0
0.819958244098525	0	0	0	0	0	0	0.862679254344581	0	0	0	0	0	0	0	0	0	0	0	0	0	0	0	0	0	0	0	0	0	0	0	0	0	0	0	0	0	0	0.913478686373922	0	0	0	0	0	0	0	0	0	0	0	0	0	0	0	0	0	0	0	0	0	0	0	0	0	0.690308543397587	0.635729761347395	0	0	0	0	0	0	0	0	0	0	0	0.951864935391564	0	0	0	0	0.61520833671265	0	0	0.98102413743725	0	0.883524593848445	0	0
0	0	0	0	0	0	0	0	0	0	0	0	0	0.96727037315662	0	0	0	0	0	0	0	0	0	0	0	0	0	0	0	0	0	0	0	0	0	0	0	0	0	0	0	0	0	0	0	0	0	0	0	0	0	0	0	0	0	0	0	0	0	0	0	0	0	0	0	0	0	0	0	0	0	0	0	0	0	0	0	0	0	0	0	0	0	0	0.98102413743725	0	0	0	0	0
0	0	0	0	0	0	0	0	0	0	0	0	0.728691490599864	0	0	0	0	0	0.98350352076247	0	0	0	0	0	0	0	0	0	0	0	0	0	0	0.954668465517311	0	0	0	0	0	0	0	0	0	0	0	0	0	0	0	0.680816191420913	0	0	0	0	0	0	0	0	0	0	0	0	0	0	0	0	0	0	0	0	0	0	0	0	0	0	0	0	0	0	0	0	0.89185760040094	0	0	0	0	0	0	0
0	0	0	0	0	0	0.872859230107852	0	0	0	0	0	0	0	0	0	0	0	0	0	0	0	0	0	0	0	0	0	0	0	0	0	0	0	0	0	0	0	0	0	0	0	0	0	0	0	0	0	0	0	0	0	0	0	0	0	0.976095574050529	0	0	0	0	0	0	0	0	0	0	0	0	0	0	0	0	0	0	0	0	0	0	0	0	0	0	0	0.883524593848445	0	0	0	0	0
0	0	0	0	0	0	0	0	0	0	0	0	0	0	0	0	0	0	0	0	0	0	0	0	0	0.685949791734894	0.818662473732202	0	0	0	0	0	0	0	0	0	0	0	0	0	0	0.989426332905406	0	0	0	0	0.84823912663576	0	0	0	0	0	0.896652630386829	0	0	0	0	0	0	0	0	0	0	0	0	0	0	0	0	0.939287639935489	0	0	0	0	0	0	0	0	0	0	0	0	0	0	0	0	0	0	0	0
0	0	0	0	0.860685572871458	0	0	0	0	0	0	0	0	0.648378541781322	0	0	0	0	0	0	0	0	0	0	0	0	0	0	0.828022653740014	0	0	0	0	0	0	0	0	0.772037554245301	0	0	0	0.907045479495887	0	0	0	0	0	0	0	0	0	0	0	0	0	0	0	0	0	0	0	0	0	0	0	0	0	0	0	0	0	0	0	0	0	0	0	0	0	0	0	0	0	0	0	0	0	0	0	0
