0	0	0.732760857353824	0	0	0	0	0	0	0	0	0	0	0	0	0	0	0	0	0.661501721849669	0	0	0	0	0	0	0	0	0	0	0	0	0	0	0	0	0	0	0.8464614543432	0	0.632510660068667	0	0	0	0	0	0	0	0	0	0	0	0	0	0	0	0	0	0	0	0	0	0	0	0	0	0	0	0	0	0.815431238034619	0	0	0	0	0	0	0	0	0	0	0	0	0	0	0	0	0	0.766791741389887	0
0	0	0.846953908942312	0	0	0.786485882041429	0	0	0	0	0	0	0	0	0	0	0	0	0	0	0	0	0	0	0	0	0	0	0	0	0	0	0	0	0	0.799038495239483	0	0	0	0	0	0	0	0	0	0	0	0.571859084385432	0	0	0	0	0	0.912165583949091	0	0	0	0	0	0	0	0	0	0	0	0	0	0	0	0	0	0	0	0	0	0	0	0	0	0	0	0	0	0	0	0	0	0	0	0
0.732760857353824	0.846953908942312	0	0	0	0	0	0	0	0	0	0	0	0	0	0	0	0	0	0.762141061768024	0	0	0	0	0	0	0	0.66874303492811	0	0	0	0	0	0	0	0	0	0	0	0	0	0	0	0	0	0	0.757109693714084	0	0	0	0	0	0	0	0	0	0	0	0	0	0	0	0	0	0	0	0	0	0	0	0	0	0	0	0	0	0	0	0	0	0	0	0	0	0	0	0	0	0	0
0	0	0	0	0	0.963787378134377	0.854512552352937	0	0	0	0	0	0	0	0	0	0	0	0.992940493554525	0	0	0	0	0	0	0	0.738134800731697	0	0	0	0	0	0	0	0	0	0	0	0	0	0	0	0	0	0	0	0	0	0	0	0	0	0	0	0	0	0	0	0	0	0	0	0	0	0	0	0	0	0	0	0	0	0	0	0	0.890712682502039	0	0	0	0	0	0	0	0	0	0	0	0	0	0
0	0	0	0	0	0	0	0	0	0	0	0	0	0	0	0	0	0	0	0	0	0.780611508801902	0	0	0	0	0	0	0.85034613019833	0	0	0	0	0	0	0	0	0	0	0	0	0	0	0	0	0	0	0	0	0	0	0.753869509047827	0	0	0	0	0	0	0	0	0	0	0	0	0	0	0	0	0	0	0	0	0	0	0	0	0	0	0	0	0	0	0	0	0	0	0	0	0	0
0	0.786485882041429	0	0.963787378134377	0	0	0	0	0	0	0	0	0	0	0	0	0	0	0	0	0	0	0	0	0	0.787149081967865	0	0	0	0	0	0	0	0	0	0	0	0	0	0	0	0	0	0	0	0	0	0	0	0	0	0	0	0	0	0	0	0	0.802594644812331	0	0	0	0	0	0	0	0	0	0.982981738942218	0	0	0	0.868257214473065	0	0	0	0	0	0	0	0	0	0	0	0	0	0	0	0	0
0	0	0	0.854512552352937	0	0	0	0	0.733814072070327	0	0	0	0	0	0	0.593627834938497	0	0	0	0	0	0	0	0	0	0	0.685651367944199	0	0	0.678813410385535	0	0	0	0	0	0	0	0	0	0	0	0	0	0	0	0	0	0	0	0	0	0	0	0	0	0	0	0	0	0	0	0	0	0	0	0	0	0	0	0	0	0	0	0	0	0	0	0	0	0	0	0	0	0	0	0	0	0	0	0
0	0	0	0	0	0	0	0	0	0	0	0	0	0	0	0	0	0	0	0	0	0	0	0	0	0	0	0	0	0.991332951071191	0	0	0	0	0	0	0	0	0	0	0.934347279858946	0	0	0.994225416343064	0	0	0	0	0	0	0	0	0	0	0	0	0	0	0	0	0	0	0	0	0	0	0	0	0	0	0	0	0	0	0	0	0	0	0	0	0	0	0	0	0	0	0	0	0	0
0	0	0	0	0	0	0.733814072070327	0	0	0	0	0	0	0	0	0	0	0	0	0	0	0	0	0	0	0	0	0	0	0	0.839985315804236	0	0	0	0	0	0	0	0	0	0	0	0	0	0	0	0	0	0	0	0	0	0	0	0	0	0	0	0	0	0	0	0	0	0	0	0	0	0	0.94482292554817	0	0	0	0	0	0	0	0	0	0	0	0	0	0	0	0	0	0	0	0
0	0	0	0	0	0	0	0	0	0	0	0	0	0	0	0	0	0	0	0	0	0	0	0	0	0	0	0	0.979888748692614	0	0	0	0	0	0	0	0	0	0	0	0	0	0	0	0	0	0	0	0	0	0	0	0	0	0	0.853422384795356	0	0	0	0	0	0	0	0	0	0	0	0	0	0	0	0	0	0	0	0	0	0	0	0	0	0	0	0	0	0	0	0	0	0
0	0	0	0	0	0	0	0	0	0	0	0	0.821760771553826	0	0	0	0	0	0	0	0	0	0	0	0	0	0	0	0	0	0	0	0	0	0	0	0	0	0	0	0	0.932110977972065	0	0	0	0	0	0	0	0	0	0	0	0	0	0	0	0	0	0	0	0	0	0	0	0	0	0	0	0	0	0	0	0	0	0	0	0	0	0	0	0	0	0	0	0	0	0	0	0
0	0	0	0	0	0	0	0	0	0	0	0	0	0	0	0	0	0	0	0.706562687472463	0.948997719869076	0	0	0	0	0	0	0	0	0	0	0	0	0	0	0	0	0	0	0	0	0	0	0	0	0	0	0	0	0	0	0	0	0	0	0.849829238302006	0	0	0	0	0	0	0	0	0	0	0	0	0	0	0	0	0	0	0	0	0	0	0	0	0	0	0	0	0	0	0	0	0	0
0	0	0	0	0	0	0	0	0	0	0.821760771553826	0	0	0.705938553551046	0.724604920167101	0	0	0	0	0	0	0	0	0	0	0	0	0	0	0	0	0	0	0	0	0	0	0.972182589684194	0	0	0	0	0	0	0	0	0	0	0	0.699803357967035	0	0	0	0	0	0	0	0	0	0	0	0	0	0	0	0	0	0	0	0	0	0	0	0	0	0	0	0	0	0	0	0	0	0	0	0	0	0	0	0
0	0	0	0	0	0	0	0	0	0	0	0	0.705938553551046	0	0.782201847506113	0	0	0	0	0	0	0	0	0	0	0	0	0	0	0	0.835876174518832	0	0	0	0	0	0	0	0	0	0	0	0	0	0	0	0	0	0	0	0	0	0	0	0	0	0	0	0	0	0	0	0	0	0.9985288289919	0	0	0	0	0	0	0	0	0	0	0	0	0	0	0	0	0	0	0.762907507015164	0	0	0	0	0	0
0	0	0	0	0	0	0	0	0	0	0	0	0.724604920167101	0.782201847506113	0	0	0	0	0	0	0	0	0	0	0	0	0	0	0	0	0	0	0	0	0	0	0	0	0	0	0	0	0	0	0	0	0	0	0	0	0	0	0	0	0	0	0	0	0	0	0	0	0	0	0	0	0	0	0	0	0	0	0	0	0	0	0	0	0	0	0	0	0	0	0	0	0	0	0	0.55452730924093
0	0	0	0	0	0	0.593627834938497	0	0	0	0	0	0	0	0	0	0.848507880380561	0	0	0	0	0	0	0	0	0	0	0	0	0	0	0.992723495715302	0	0	0	0	0	0	0	0	0	0	0	0	0	0	0	0	0	0	0	0	0	0	0	0	0	0	0	0	0	0.931004857464415	0	0	0	0	0	0	0	0	0	0	0	0	0	0	0	0	0	0	0	0	0	0	0	0	0	0	0	0
0	0	0	0	0	0	0	0	0	0	0	0	0	0	0	0.848507880380561	0	0.78799385222672	0.923585147854606	0	0	0	0	0	0	0	0	0	0	0	0	0	0	0	0	0	0	0	0	0	0	0	0	0	0	0	0	0	0	0	0	0	0	0	0.774866539329719	0	0	0	0.98452329984106	0	0	0	0	0	0	0	0	0	0	0	0	0	0	0	0	0	0	0	0	0	0	0	0	0	0	0	0	0	0	0
0	0	0	0	0	0	0	0	0	0	0	0	0	0	0	0	0.78799385222672	0	0.837083740661342	0	0	0	0	0	0	0	0	0	0	0	0	0	0	0	0	0	0	0	0	0	0	0	0	0	0	0	0	0	0	0	0	0	0	0	0	0	0	0.819395041611833	0	0	0.844897867565162	0	0	0	0	0	0	0	0	0	0	0	0	0	0	0	0	0	0	0	0	0	0	0	0	0	0	0	0	0
0	0	0	0.992940493554525	0	0	0	0	0	0	0	0	0	0	0	0	0.923585147854606	0.837083740661342	0	0	0	0	0	0	0	0	0	0	0	0	0	0	0	0	0	0	0	0	0	0	0	0	0	0	0	0	0	0	0	0	0	0	0	0	0	0	0	0	0	0	0	0	0	0.813165899559636	0	0	0	0	0	0.872062105218472	0	0	0.919267743685694	0	0	0	0	0	0	0	0	0	0	0	0	0	0	0	0	0
0.661501721849669	0	0.762141061768024	0	0	0	0	0	0	0	0	0.706562687472463	0	0	0	0	0	0	0	0	0.934319231389757	0	0	0	0	0	0	0	0	0	0	0	0	0	0	0	0	0	0	0	0	0	0	0	0	0	0	0	0	0	0	0	0	0	0	0	0	0	0	0	0	0	0	0	0	0	0	0	0	0	0	0	0	0	0	0	0	0	0	0	0	0	0	0	0	0	0	0	0	0
0	0	0	0	0	0	0	0	0	0	0	0.948997719869076	0	0	0	0	0	0	0	0.934319231389757	0	0	0	0	0	0	0	0	0	0	0	0	0	0	0	0	0	0	0	0	0	0.93951315245998	0	0	0	0	0	0	0	0	0	0	0	0	0	0	0	0	0	0	0	0	0	0	0	0	0	0	0	0	0	0	0	0	0	0	0.800574430313337	0	0	0	0	0	0	0	0	0	0	0	0	0
0	0	0	0	0.780611508801902	0	0	0	0	0	0	0	0	0	0	0	0	0	0	0	0	0	0	0	0.897609423796496	0	0	0	0	0	0	0	0	0	0	0	0	0	0	0	0	0	0	0	0	0	0	0	0	0	0	0	0	0	0	0.850304974457241	0	0	0	0	0	0	0	0	0	0	0	0	0	0	0	0	0	0	0	0	0	0	0	0.837662669811342	0	0	0	0	0	0	0	0	0	0
0	0	0	0	0	0	0	0	0	0	0	0	0	0	0	0	0	0	0	0	0	0	0	0	0	0	0	0	0	0.987470169020845	0	0	0	0	0	0.759274616266533	0	0	0	0	0	0	0.988717196093324	0	0	0.914714955283417	0	0	0.714953413592034	0	0	0	0	0	0	0	0	0	0	0	0	0	0	0	0	0	0	0	0	0	0	0	0	0	0.790227423313676	0	0	0	0	0	0	0	0	0	0	0	0	0	0	0
0	0	0	0	0	0	0	0	0	0	0	0	0	0	0	0	0	0	0	0	0	0	0	0	0	0	0	0	0	0	0	0	0.902240763992435	0	0	0	0	0	0	0	0	0	0	0	0	0	0	0	0	0	0	0	0	0.652992981353675	0	0	0	0	0	0	0	0	0	0	0	0	0	0	0	0	0	0	0	0	0	0	0	0	0	0	0	0	0	0	0	0	0	0	0	0
0	0	0	0	0	0	0	0	0	0	0	0	0	0	0	0	0	0	0	0	0	0.897609423796496	0	0	0	0	0	0	0	0	0	0	0	0	0	0	0	0	0	0	0	0	0	0	0	0.814690899439844	0	0	0	0	0	0	0	0	0	0	0	0	0	0	0	0	0	0	0	0	0	0	0	0	0	0	0.756641005412738	0	0	0	0	0	0	0	0	0	0	0	0	0	0	0	0	0
0	0	0	0	0	0.787149081967865	0	0	0	0	0	0	0	0	0	0	0	0	0	0	0	0	0	0	0	0	0	0	0	0	0	0	0	0	0	0	0	0	0	0	0	0	0	0	0	0	0	0	0	0	0	0	0	0	0	0	0	0	0	0	0	0	0	0	0	0	0	0	0	0	0	0	0	0	0	0	0	0	0	0	0	0	0	0	0	0	0.941925642603776	0	0	0
0	0	0	0.738134800731697	0	0	0.685651367944199	0	0	0	0	0	0	0	0	0	0	0	0	0	0	0	0	0	0	0	0	0	0	0	0	0	0	0	0	0	0	0	0	0	0	0	0	0	0	0	0	0	0	0	0.722629940260184	0	0.851376935117245	0	0	0	0	0	0	0	0	0	0	0	0	0	0	0	0	0	0	0	0	0	0	0	0	0	0	0	0	0	0	0	0	0	0	0	0	0
0	0	0.66874303492811	0	0	0	0	0	0	0	0	0	0	0	0	0	0	0	0	0	0	0	0	0	0	0	0	0	0	0	0	0	0	0	0	0	0	0	0	0.83232214745519	0	0	0	0.799586921292522	0	0	0	0	0	0	0	0	0	0	0	0	0	0	0	0	0	0	0	0	0	0	0	0	0	0	0	0	0	0	0	0	0	0.949782787233793	0	0	0	0	0.795418304332402	0	0	0.984018963163178	0	0	0	0
0	0	0	0	0.85034613019833	0	0	0	0	0.979888748692614	0	0	0	0	0	0	0	0	0	0	0	0	0	0	0	0	0	0	0	0	0	0	0	0	0	0	0	0	0	0	0	0	0	0	0.837354633189515	0	0	0	0	0	0	0	0	0	0	0	0	0	0	0	0	0	0	0	0	0	0	0	0	0	0	0	0	0	0	0	0	0	0	0	0	0	0	0	0	0	0	0	0	0
0	0	0	0	0	0	0.678813410385535	0.991332951071191	0	0	0	0	0	0	0	0	0	0	0	0	0	0	0.987470169020845	0	0	0	0	0	0	0	0	0	0	0	0	0	0	0	0	0	0	0	0.822648781700209	0	0	0	0	0	0	0	0	0	0	0	0	0	0	0	0	0	0	0.863384817613736	0	0	0	0.894713526140442	0	0	0	0	0	0	0	0	0	0	0	0	0	0	0	0	0	0	0	0	0	0	0	0
0	0	0	0	0	0	0	0	0.839985315804236	0	0	0	0	0.835876174518832	0	0	0	0	0	0	0	0	0	0	0	0	0	0	0	0	0	0.508313064842993	0	0	0	0	0	0	0	0	0	0	0	0	0	0	0	0	0	0	0	0	0	0	0	0.990600046428424	0	0	0	0	0	0	0	0	0	0	0	0	0	0	0	0	0	0	0	0	0	0	0	0	0	0	0	0	0	0	0	0	0	0
0	0	0	0	0	0	0	0	0	0	0	0	0	0	0	0.992723495715302	0	0	0	0	0	0	0	0	0	0	0	0	0	0	0.508313064842993	0	0	0.849120525978371	0	0	0	0	0	0	0	0	0	0	0	0	0	0	0	0	0	0	0	0	0	0	0	0	0	0.982869084138385	0	0	0	0	0	0	0	0	0	0	0	0	0	0	0	0	0	0	0	0	0	0	0	0	0	0	0	0	0	0.688537085277281
0	0	0	0	0	0	0	0	0	0	0	0	0	0	0	0	0	0	0	0	0	0	0	0.902240763992435	0	0	0	0	0	0	0	0	0	0	0	0	0	0	0	0	0	0	0	0	0	0	0	0	0	0	0.951178528337828	0	0	0.734433683362819	0	0	0	0	0	0	0	0	0	0	0	0	0.860500476193878	0	0	0	0	0	0	0	0	0	0	0	0	0	0	0	0	0	0	0	0	0	0	0
0	0	0	0	0	0	0	0	0	0	0	0	0	0	0	0	0	0	0	0	0	0	0	0	0	0	0	0	0	0	0	0.849120525978371	0	0	0.656259317634387	0	0	0	0	0	0	0	0	0	0	0	0	0	0	0	0	0.918208174597609	0	0	0	0	0	0	0	0	0.913248373730094	0	0	0	0	0	0	0	0	0	0	0	0	0	0	0	0	0	0	0.819420692671041	0	0	0	0.966826180301635	0	0	0	0	0	0
0	0	0	0	0	0	0	0	0	0	0	0	0	0	0	0	0	0	0	0	0	0	0	0	0	0	0	0	0	0	0	0	0	0.656259317634387	0	0	0	0	0	0	0	0	0	0	0	0	0	0	0.716324651733669	0	0	0	0	0	0	0	0	0	0	0	0	0	0	0	0	0.901364432588475	0	0	0	0	0.79800057680722	0	0.975773812775817	0	0	0	0	0	0	0	0	0	0	0	0	0	0	0	0	0
0	0.799038495239483	0	0	0	0	0	0	0	0	0	0	0	0	0	0	0	0	0	0	0	0	0.759274616266533	0	0	0	0	0	0	0	0	0	0	0	0	0	0.973319724564556	0	0	0	0	0	0	0	0	0	0	0	0	0	0	0	0	0	0	0	0	0	0	0	0	0	0	0	0	0	0	0	0	0	0	0	0	0	0	0	0	0	0	0	0	0	0	0	0	0	0	0	0	0
0	0	0	0	0	0	0	0	0	0	0	0	0	0	0	0	0	0	0	0	0	0	0	0	0	0	0	0	0	0	0	0	0	0	0	0.973319724564556	0	0	0	0	0	0	0	0	0.960941777863736	0	0	0	0	0	0	0	0	0	0	0	0	0	0	0	0	0	0	0	0	0	0	0	0	0	0	0	0	0.86963279759366	0	0	0	0	0	0	0	0	0	0	0	0	0	0	0	0
0	0	0	0	0	0	0	0	0	0	0	0	0.972182589684194	0	0	0	0	0	0	0	0	0	0	0	0	0	0	0	0	0	0	0	0	0	0	0	0	0	0.710354409835447	0	0	0	0	0	0	0	0	0	0	0.669284103150396	0.95283022160021	0	0	0	0	0	0	0	0	0	0	0	0	0	0	0	0	0	0	0	0	0	0	0	0	0	0	0	0	0	0	0	0	0	0.806970427133812	0	0	0	0	0
0.8464614543432	0	0	0	0	0	0	0	0	0	0	0	0	0	0	0	0	0	0	0	0	0	0	0	0	0	0	0	0	0	0	0	0	0	0	0	0	0.710354409835447	0	0	0	0	0	0	0	0	0	0.834902591464937	0	0	0	0	0	0	0	0	0	0	0	0	0	0	0	0	0	0	0	0	0	0	0	0	0	0	0	0	0	0	0	0	0	0	0	0	0	0	0	0	0	0
0	0	0	0	0	0	0	0	0	0	0	0	0	0	0	0	0	0	0	0	0	0	0	0	0	0	0	0.83232214745519	0	0	0	0	0	0	0	0	0	0	0	0	0	0.65464424959976	0	0	0	0	0	0	0	0	0	0	0	0	0	0	0	0	0	0	0	0	0	0	0	0	0	0	0	0	0	0	0	0	0	0	0	0	0	0	0	0	0	0.864801428936563	0	0	0	0	0	0
0.632510660068667	0	0	0	0	0	0	0.934347279858946	0	0	0	0	0	0	0	0	0	0	0	0	0	0	0	0	0	0	0	0	0	0	0	0	0	0	0	0	0	0	0	0	0	0	0	0	0.979153775658515	0	0	0	0	0	0	0	0	0	0	0	0	0	0	0	0	0	0	0	0	0	0	0	0	0	0	0	0	0	0	0.700498275566835	0	0	0	0	0	0	0	0.906284915366752	0	0	0	0	0	0
0	0	0	0	0	0	0	0	0	0	0.932110977972065	0	0	0	0	0	0	0	0	0	0.93951315245998	0	0	0	0	0	0	0	0	0	0	0	0	0	0	0	0	0	0	0.65464424959976	0	0	0	0	0	0	0	0	0	0	0.922258033518628	0	0	0	0	0.981846920937502	0	0	0	0	0.777743949755383	0	0	0	0	0	0	0	0	0	0	0	0	0	0	0	0	0	0	0	0	0	0	0	0	0	0	0	0	0.964140447282464
0	0	0	0	0	0	0	0	0	0	0	0	0	0	0	0	0	0	0	0	0	0	0.988717196093324	0	0	0	0	0	0	0.822648781700209	0	0	0	0	0	0	0	0	0	0	0	0	0	0.911079163406625	0	0	0	0	0	0	0	0	0	0	0	0	0	0	0	0	0	0	0	0	0	0	0	0	0	0	0	0	0	0	0	0	0	0	0	0	0	0.976970791383245	0	0	0	0	0	0	0.610839359879661	0
0	0	0	0	0	0	0	0.994225416343064	0	0	0	0	0	0	0	0	0	0	0	0	0	0	0	0	0	0	0	0.799586921292522	0	0	0	0	0	0	0	0	0	0	0	0	0	0	0.911079163406625	0	0	0	0	0	0	0	0	0.565718894992062	0	0	0	0	0	0	0	0	0	0	0	0	0	0	0	0	0	0	0	0	0	0	0	0	0	0	0	0	0	0	0	0	0	0	0	0	0	0
0	0	0	0	0	0	0	0	0	0	0	0	0	0	0	0	0	0	0	0	0	0	0	0	0	0	0	0	0.837354633189515	0	0	0	0	0	0	0	0.960941777863736	0	0	0	0.979153775658515	0	0	0	0	0	0	0	0	0	0	0	0	0	0	0	0	0.719509339514386	0.703961887525928	0	0	0	0	0	0	0	0	0	0	0	0	0	0	0	0	0	0	0	0	0	0.662456553171737	0	0	0	0	0	0	0	0	0
0	0	0	0	0	0	0	0	0	0	0	0	0	0	0	0	0	0	0	0	0	0	0.914714955283417	0	0.814690899439844	0	0	0	0	0	0	0	0	0	0	0	0	0	0	0	0	0	0	0	0	0	0	0.987251940324467	0	0	0	0	0	0	0	0	0	0	0	0	0	0	0	0	0	0	0	0	0	0	0	0	0	0	0	0	0	0	0	0	0	0	0	0	0	0	0	0	0	0
0	0	0.757109693714084	0	0	0	0	0	0	0	0	0	0	0	0	0	0	0	0	0	0	0	0	0	0	0	0	0	0	0	0	0	0	0	0	0	0	0	0	0	0	0	0	0	0	0	0	0	0	0	0	0	0	0	0	0	0	0	0	0	0	0	0	0	0	0	0	0	0	0	0	0	0	0	0	0	0.969752995091316	0	0	0	0	0	0	0	0	0	0	0	0	0
0	0.571859084385432	0	0	0	0	0	0	0	0	0	0	0	0	0	0	0	0	0	0	0	0	0	0	0	0	0	0	0	0	0	0	0	0	0	0	0	0	0.834902591464937	0	0	0	0	0	0	0.987251940324467	0	0	0	0	0	0	0	0	0	0	0	0	0	0	0	0	0	0	0	0	0	0	0	0	0	0	0	0	0	0	0	0	0	0	0	0	0	0	0	0	0	0	0	0
0	0	0	0	0	0	0	0	0	0	0	0	0	0	0	0	0	0	0	0	0	0	0.714953413592034	0	0	0	0	0	0	0	0	0	0	0	0.716324651733669	0	0	0	0	0	0	0	0	0	0	0	0	0	0	0	0	0	0	0.568422306755822	0	0	0	0	0	0	0	0	0	0	0	0	0	0	0	0	0	0	0	0	0	0	0	0	0	0	0	0	0	0	0	0	0	0	0	0
0	0	0	0	0	0	0	0	0	0	0	0	0.699803357967035	0	0	0	0	0	0	0	0	0	0	0	0	0	0	0	0	0	0	0	0	0	0	0	0	0.669284103150396	0	0	0	0	0	0	0	0	0	0	0	0	0	0	0	0	0	0	0	0	0.908701315666328	0	0	0	0	0	0	0	0	0	0	0	0	0	0	0.974516017295927	0	0	0	0	0	0	0	0	0	0	0	0	0	0	0	0
0	0	0	0	0	0	0	0	0	0	0	0	0	0	0	0	0	0	0	0	0	0	0	0	0	0	0.722629940260184	0	0	0	0	0	0.951178528337828	0	0	0	0	0.95283022160021	0	0	0	0.922258033518628	0	0	0	0	0	0	0	0	0	0	0	0	0	0	0	0	0	0	0	0	0	0	0	0	0	0	0	0	0	0	0	0	0	0	0	0	0	0	0	0	0	0	0	0	0	0	0	0
0	0	0	0	0.753869509047827	0	0	0	0	0	0	0	0	0	0	0	0	0	0	0	0	0	0	0	0	0	0	0	0	0	0	0	0	0.918208174597609	0	0	0	0	0	0	0	0	0	0.565718894992062	0	0	0	0	0	0	0	0	0	0.896540765966445	0	0	0	0	0	0	0	0	0	0	0	0	0	0	0	0	0	0	0	0	0	0	0	0	0	0	0	0	0	0	0	0.82431160437853	0.704713058409547	0	0	0
0	0	0	0	0	0	0	0	0	0	0	0	0	0	0	0	0	0	0	0	0	0	0	0	0	0	0.851376935117245	0	0	0	0	0	0	0	0	0	0	0	0	0	0	0	0	0	0	0	0	0	0	0	0	0	0	0	0	0	0	0	0	0	0	0	0	0	0	0	0	0	0	0	0	0	0	0	0	0	0	0.930894296887842	0	0	0	0	0	0	0.968751631427864	0.946056730848701	0	0	0	0
0	0.912165583949091	0	0	0	0	0	0	0	0	0	0	0	0	0	0	0	0	0	0	0	0	0	0.652992981353675	0	0	0	0	0	0	0	0	0.734433683362819	0	0	0	0	0	0	0	0	0	0	0	0	0	0	0	0.568422306755822	0	0	0.896540765966445	0	0	0	0	0	0	0	0	0	0	0	0	0	0	0	0	0	0	0	0	0	0	0	0	0.756861010234124	0	0	0	0	0	0	0	0	0	0	0	0	0
0	0	0	0	0	0	0	0	0	0	0	0	0	0	0	0	0.774866539329719	0	0	0	0	0	0	0	0	0	0	0	0	0	0	0	0	0	0	0	0	0	0	0	0	0	0	0	0	0	0	0	0	0	0	0	0	0	0	0	0	0	0	0	0	0	0	0	0	0	0.988625001214184	0	0	0	0	0	0	0.728862670063507	0	0	0	0	0	0	0	0	0	0	0	0	0	0	0	0.706639276276049
0	0	0	0	0	0	0	0	0	0.853422384795356	0	0.849829238302006	0	0	0	0	0	0	0	0	0	0.850304974457241	0	0	0	0	0	0	0	0	0.990600046428424	0	0	0	0	0	0	0	0	0	0	0.981846920937502	0	0	0	0	0	0	0	0	0	0	0	0	0	0	0	0.77092271514513	0	0	0	0	0	0	0	0	0	0	0	0	0	0	0	0	0	0	0	0	0	0	0	0	0	0	0	0	0	0	0	0
0	0	0	0	0	0	0	0	0	0	0	0	0	0	0	0	0	0	0	0	0	0	0	0	0	0	0	0	0	0	0	0	0	0	0	0	0	0	0	0	0	0	0	0	0	0	0	0	0	0	0	0	0	0	0	0	0	0.973604462102185	0	0	0	0	0	0	0.655720334405249	0	0	0	0	0	0	0	0	0	0	0	0	0	0	0	0	0	0.778434688208414	0	0	0	0	0	0	0
0	0	0	0	0	0	0	0	0	0	0	0	0	0	0	0	0	0.819395041611833	0	0	0	0	0	0	0	0	0	0	0	0	0	0	0	0	0	0	0	0	0	0	0	0	0	0	0.719509339514386	0	0	0	0	0	0	0	0	0	0	0.77092271514513	0.973604462102185	0	0	0	0	0	0	0	0	0	0	0	0	0	0	0	0	0	0	0	0	0	0	0	0	0	0	0	0	0	0	0	0	0
0	0	0	0	0	0.802594644812331	0	0	0	0	0	0	0	0	0	0	0.98452329984106	0	0	0	0	0	0	0	0	0	0	0	0	0	0	0	0	0	0	0	0	0	0	0	0	0	0	0	0.703961887525928	0	0	0	0	0.908701315666328	0	0	0	0	0	0	0	0	0	0	0	0	0	0	0	0	0	0	0	0	0	0	0	0	0	0	0	0.942426374155492	0	0	0.586580451422597	0	0	0	0	0	0	0	0	0
0	0	0	0	0	0	0	0	0	0	0	0	0	0	0	0	0	0	0	0	0	0	0	0	0	0	0	0	0	0	0	0.982869084138385	0	0	0	0	0	0	0	0	0	0	0	0	0	0	0	0	0	0	0	0	0	0	0	0	0	0	0	0	0	0.824462905321737	0	0	0	0	0	0	0	0	0	0.998370981627634	0	0	0	0	0	0	0	0	0	0	0	0	0	0	0	0.668272723561588	0	0
0	0	0	0	0	0	0	0	0	0	0	0	0	0	0	0	0	0.844897867565162	0	0	0	0	0	0	0	0	0	0	0	0	0	0	0	0.913248373730094	0	0	0	0	0	0	0	0.777743949755383	0	0	0	0	0	0	0	0	0	0	0	0	0	0	0	0	0	0	0	0	0	0	0	0	0	0	0	0	0	0	0	0	0	0	0	0	0	0	0	0	0	0	0	0	0	0	0	0
0	0	0	0	0	0	0	0	0	0	0	0	0	0	0	0.931004857464415	0	0	0	0	0	0	0	0	0	0	0	0	0	0.863384817613736	0	0	0	0	0	0	0	0	0	0	0	0	0	0	0	0	0	0	0	0	0	0	0	0	0	0	0	0	0	0.824462905321737	0	0	0	0	0	0	0	0	0	0	0	0	0	0	0	0	0	0.887795860340024	0	0	0	0	0	0	0	0	0	0	0	0
0	0	0	0	0	0	0	0	0	0	0	0	0	0	0	0	0	0	0	0	0	0	0	0	0	0	0	0	0	0	0	0	0	0	0	0	0	0	0	0	0	0	0	0	0	0	0	0	0	0	0	0	0	0	0	0	0	0	0	0	0	0	0	0	0.568284407726095	0	0	0	0	0	0.639537445527339	0	0	0	0	0	0	0	0	0	0	0	0	0	0	0	0	0	0	0
0	0	0	0	0	0	0	0	0	0	0	0	0	0	0	0	0	0	0.813165899559636	0	0	0	0	0	0	0	0	0	0	0	0	0	0	0	0	0	0	0	0	0	0	0	0	0	0	0	0	0	0	0	0	0	0	0	0	0	0	0	0	0	0	0	0	0	0	0.67544850738825	0	0.619103808130535	0	0	0	0	0.957783159450878	0	0	0	0	0	0	0	0	0	0	0	0	0	0	0	0	0
0	0	0	0	0	0	0	0	0	0	0	0	0	0.9985288289919	0	0	0	0	0	0	0	0	0	0	0	0	0	0	0	0	0	0	0	0	0	0	0	0	0	0	0	0	0	0	0	0	0	0	0	0	0	0	0	0	0	0	0.655720334405249	0	0	0	0	0	0.568284407726095	0	0	0	0	0	0	0	0	0	0	0	0	0	0	0	0	0	0	0	0.959152291551729	0	0	0	0.899025680413569	0	0.70821166160265	0
0	0	0	0	0	0	0	0	0	0	0	0	0	0	0	0	0	0	0	0	0	0	0	0	0	0	0	0	0	0.894713526140442	0	0	0	0	0.901364432588475	0	0	0	0	0	0	0	0	0	0	0	0	0	0	0	0	0	0	0	0	0	0	0	0	0	0	0	0	0.67544850738825	0	0	0	0	0	0	0	0	0	0	0	0	0	0	0	0	0	0	0	0	0	0	0	0	0	0
0	0	0	0	0	0	0	0	0	0	0	0	0	0	0	0	0	0	0	0	0	0	0	0	0	0	0	0	0	0	0	0	0.860500476193878	0	0	0	0	0	0	0	0	0	0	0	0	0	0	0	0	0	0	0	0	0	0.988625001214184	0	0	0	0	0	0	0	0	0	0	0	0	0.971608242172328	0	0	0	0	0	0	0	0	0	0	0	0	0	0	0	0	0	0	0	0	0	0
0	0	0	0	0	0	0	0	0	0	0	0	0	0	0	0	0	0	0	0	0	0	0	0	0	0	0	0	0	0	0	0	0	0	0	0	0	0	0	0	0	0	0	0	0	0	0	0	0	0	0	0	0	0	0	0	0	0	0	0	0	0	0	0.619103808130535	0	0	0.971608242172328	0	0	0	0	0	0	0.9394482520859	0	0	0	0	0	0	0	0	0	0	0	0	0	0	0	0
0	0	0	0	0	0.982981738942218	0	0	0	0	0	0	0	0	0	0	0	0	0	0	0	0	0	0	0	0	0	0	0	0	0	0	0	0	0	0	0	0	0	0	0	0	0	0	0	0	0	0	0	0	0	0	0	0	0	0	0	0	0	0	0	0	0	0	0	0	0	0	0	0	0	0	0	0	0	0	0	0	0	0	0	0.565964160944304	0	0	0	0	0	0.858124333562921	0	0
0	0	0	0	0	0	0	0	0.94482292554817	0	0	0	0	0	0	0	0	0	0.872062105218472	0	0	0	0	0	0	0	0	0	0	0	0	0	0	0	0	0	0	0	0	0	0	0	0	0	0	0	0	0	0	0	0	0	0	0	0	0	0	0	0	0	0	0	0	0	0	0	0	0	0	0	0.750863516298916	0	0	0	0	0	0	0	0	0	0	0	0	0	0	0	0	0	0	0
0.815431238034619	0	0	0	0	0	0	0	0	0	0	0	0	0	0	0	0	0	0	0	0	0	0	0	0	0	0	0	0	0	0	0	0	0	0.79800057680722	0	0	0	0	0	0	0	0	0	0	0	0	0	0	0	0	0	0	0	0	0	0	0	0	0	0	0	0.639537445527339	0	0	0	0	0	0	0.750863516298916	0	0	0	0	0	0	0	0	0	0	0	0	0	0	0	0	0	0	0	0
0	0	0	0	0	0	0	0	0	0	0	0	0	0	0	0	0	0	0	0	0	0	0	0	0	0	0	0	0	0	0	0	0	0	0	0	0	0	0	0	0	0	0	0	0	0	0	0	0	0	0	0	0	0	0	0	0	0	0	0.998370981627634	0	0	0	0	0	0	0	0	0	0	0	0	0	0	0	0	0	0	0	0.961184664147711	0	0	0	0	0	0	0	0	0	0
0	0	0	0	0	0.868257214473065	0	0	0	0	0	0	0	0	0	0	0	0	0.919267743685694	0	0	0	0	0	0.756641005412738	0	0	0	0	0	0	0	0	0	0.975773812775817	0	0	0	0	0	0	0	0	0	0	0	0	0	0	0	0	0	0	0	0	0	0	0	0	0	0	0	0	0.957783159450878	0	0	0	0	0	0	0	0	0	0	0	0	0	0	0	0	0	0	0	0	0	0	0	0	0	0
0	0	0	0	0	0	0	0	0	0	0	0	0	0	0	0	0	0	0	0	0	0	0	0	0	0	0	0	0	0	0	0	0	0	0	0	0.86963279759366	0	0	0	0	0	0	0	0	0	0	0	0	0.974516017295927	0	0	0	0	0.728862670063507	0	0	0	0	0	0	0	0	0	0	0	0	0.9394482520859	0	0	0	0	0	0	0	0	0	0	0	0	0	0	0	0	0	0	0	0	0	0
0	0	0	0	0	0	0	0	0	0	0	0	0	0	0	0	0	0	0	0	0	0	0.790227423313676	0	0	0	0	0	0	0	0	0	0	0	0	0	0	0	0	0	0	0	0	0	0	0	0	0	0	0	0	0	0	0	0	0	0	0	0	0	0	0	0	0	0	0	0	0	0	0	0	0	0	0	0	0	0.93161513311837	0	0	0	0	0	0	0	0	0	0	0	0	0
0	0	0	0.890712682502039	0	0	0	0	0	0	0	0	0	0	0	0	0	0	0	0	0	0	0	0	0	0	0	0	0	0	0	0	0	0	0	0	0	0	0	0	0.700498275566835	0	0	0	0	0	0	0	0	0	0	0	0	0	0	0	0	0	0	0	0	0	0	0	0	0	0	0	0	0	0	0	0	0	0	0	0	0	0	0	0	0	0	0	0	0	0	0	0	0
0	0	0	0	0	0	0	0	0	0	0	0	0	0	0	0	0	0	0	0	0.800574430313337	0	0	0	0	0	0	0	0	0	0	0	0	0	0	0	0	0	0	0	0	0	0	0	0	0	0.969752995091316	0	0	0	0	0	0	0.756861010234124	0	0	0	0	0	0	0	0	0	0	0	0	0	0	0	0	0	0	0	0	0.93161513311837	0	0	0.78292940431368	0.882229010073772	0	0	0	0	0	0	0	0	0	0	0
0	0	0	0	0	0	0	0	0	0	0	0	0	0	0	0	0	0	0	0	0	0	0	0	0	0	0	0.949782787233793	0	0	0	0	0	0	0	0	0	0	0	0	0	0	0	0	0	0	0	0	0	0	0	0	0.930894296887842	0	0	0	0	0	0.942426374155492	0	0	0.887795860340024	0	0	0	0	0	0	0	0	0	0	0	0	0	0	0.78292940431368	0	0	0	0	0	0	0	0	0	0	0	0	0
0	0	0	0	0	0	0	0	0	0	0	0	0	0	0	0	0	0	0	0	0	0	0	0	0	0	0	0	0	0	0	0	0	0	0	0	0	0	0	0	0	0	0	0	0	0	0	0	0	0	0	0	0	0	0	0	0	0	0	0	0	0	0	0	0	0	0	0	0	0	0	0	0	0	0	0	0.882229010073772	0	0	0	0	0.812513338625276	0	0.808067115205462	0	0	0	0	0	0
0	0	0	0	0	0	0	0	0	0	0	0	0	0	0	0	0	0	0	0	0	0.837662669811342	0	0	0	0	0	0	0	0	0	0	0	0.819420692671041	0	0	0	0	0	0	0	0	0	0	0	0	0	0	0	0	0	0	0	0	0	0	0	0	0	0	0	0	0	0	0	0	0	0	0	0	0	0.961184664147711	0	0	0	0	0	0	0	0	0	0.783617099500082	0	0	0	0.899144889372043	0	0	0	0
0	0	0	0	0	0	0	0	0	0	0	0	0	0	0	0	0	0	0	0	0	0	0	0	0	0	0	0	0	0	0	0	0	0	0	0	0	0	0	0	0	0	0	0	0.662456553171737	0	0	0	0	0	0	0	0	0	0	0	0	0	0.586580451422597	0	0	0	0	0	0	0	0	0	0	0	0	0	0	0	0	0	0	0	0	0	0	0	0	0	0.823880699610289	0	0	0	0	0
0	0	0	0	0	0	0	0	0	0	0	0	0	0	0	0	0	0	0	0	0	0	0	0	0	0	0	0	0	0	0	0	0	0	0	0	0	0	0	0	0	0	0.976970791383245	0	0	0	0	0	0	0	0	0	0	0	0	0	0	0	0	0	0	0	0	0	0	0	0	0	0.565964160944304	0	0	0	0	0	0	0	0	0	0.812513338625276	0.783617099500082	0	0	0	0	0	0	0	0	0	0
0	0	0	0	0	0	0	0	0	0	0	0	0	0	0	0	0	0	0	0	0	0	0	0	0	0	0	0.795418304332402	0	0	0	0	0	0	0	0	0	0	0	0	0	0	0	0	0	0	0	0	0	0	0	0	0	0	0	0	0.778434688208414	0	0	0	0	0	0	0	0.959152291551729	0	0	0	0	0	0	0	0	0	0	0	0	0	0	0	0	0	0	0	0	0	0	0	0	0
0	0	0	0	0	0	0	0	0	0	0	0	0	0.762907507015164	0	0	0	0	0	0	0	0	0	0	0	0	0	0	0	0	0	0	0	0.966826180301635	0	0	0	0	0	0.864801428936563	0.906284915366752	0	0	0	0	0	0	0	0	0	0	0	0	0	0	0	0	0	0	0	0	0	0	0	0	0	0	0	0	0	0	0	0	0	0	0	0	0	0.808067115205462	0	0	0	0	0	0	0	0	0	0	0
0	0	0	0	0	0	0	0	0	0	0	0	0	0	0	0	0	0	0	0	0	0	0	0	0	0	0	0	0	0	0	0	0	0	0	0	0	0.806970427133812	0	0	0	0	0	0	0	0	0	0	0	0	0	0	0.968751631427864	0	0	0	0	0	0	0	0	0	0	0	0	0	0	0	0	0	0	0	0	0	0	0	0	0	0	0	0.823880699610289	0	0	0	0	0	0	0	0	0
0	0	0	0	0	0	0	0	0	0	0	0	0	0	0	0	0	0	0	0	0	0	0	0	0	0	0	0.984018963163178	0	0	0	0	0	0	0	0	0	0	0	0	0	0	0	0	0	0	0	0	0	0	0	0.82431160437853	0.946056730848701	0	0	0	0	0	0	0	0	0	0	0	0	0	0	0	0	0	0	0	0	0	0	0	0	0	0	0.899144889372043	0	0	0	0	0	0	0	0	0	0
0	0	0	0	0	0	0	0	0	0	0	0	0	0	0	0	0	0	0	0	0	0	0	0	0	0.941925642603776	0	0	0	0	0	0	0	0	0	0	0	0	0	0	0	0	0	0	0	0	0	0	0	0	0	0.704713058409547	0	0	0	0	0	0	0	0	0	0	0	0	0.899025680413569	0	0	0	0	0	0	0	0	0	0	0	0	0	0	0	0	0	0	0	0	0	0	0	0	0
0	0	0	0	0	0	0	0	0	0	0	0	0	0	0	0	0	0	0	0	0	0	0	0	0	0	0	0	0	0	0	0	0	0	0	0	0	0	0	0	0	0	0	0	0	0	0	0	0	0	0	0	0	0	0	0	0	0	0	0.668272723561588	0	0	0	0	0	0	0	0	0.858124333562921	0	0	0	0	0	0	0	0	0	0	0	0	0	0	0	0	0	0	0	0	0
0.766791741389887	0	0	0	0	0	0	0	0	0	0	0	0	0	0	0	0	0	0	0	0	0	0	0	0	0	0	0	0	0	0	0	0	0	0	0	0	0	0	0	0	0	0.610839359879661	0	0	0	0	0	0	0	0	0	0	0	0	0	0	0	0	0	0	0	0	0	0.70821166160265	0	0	0	0	0	0	0	0	0	0	0	0	0	0	0	0	0	0	0	0	0	0	0	0	0
0	0	0	0	0	0	0	0	0	0	0	0	0	0	0.55452730924093	0	0	0	0	0	0	0	0	0	0	0	0	0	0	0	0	0.688537085277281	0	0	0	0	0	0	0	0	0	0.964140447282464	0	0	0	0	0	0	0	0	0	0	0	0	0.706639276276049	0	0	0	0	0	0	0	0	0	0	0	0	0	0	0	0	0	0	0	0	0	0	0	0	0	0	0	0	0	0	0	0	0	0	0
