0	0.992746221586437	0.831097709733928	0	0	0	0	0	0	0	0	0	0.790148539034135	0	0	0	0	0	0	0	0	0	0	0	0	0	0	0	0	0	0	0	0	0	0	0	0.938549367320256	0	0	0	0	0	0	0	0	0	0	0	0	0.910772433676274	0.957892986471683	0	0	0	0	0	0	0	0	0	0	0	0	0	0	0	0	0	0	0	0	0	0	0	0	0	0	0	0	0	0	0	0	0	0	0	0	0	0.57651766243728	0
0.992746221586437	0	0	0	0	0	0	0	0	0	0	0	0.662273997689262	0	0	0	0	0	0	0	0	0	0	0	0	0	0	0	0	0	0.848911927870843	0	0	0	0	0	0	0	0	0	0	0	0	0	0	0	0	0	0	0	0	0	0	0	0	0	0	0	0	0	0	0	0	0	0	0	0	0	0	0	0	0	0	0	0	0	0	0	0.833257619289415	0	0	0	0	0.964855645611544	0	0	0	0	0	0
0.831097709733928	0	0	0	0.602946834100568	0	0	0	0	0	0	0	0	0	0	0	0	0	0	0	0	0	0	0	0	0	0	0	0	0	0	0	0	0	0	0	0	0	0	0	0	0	0	0	0	0	0	0	0	0	0	0	0.826014682285125	0	0	0	0	0	0	0	0	0	0	0	0	0	0	0	0	0	0.877785052031923	0	0	0	0	0	0	0	0	0.920788348922439	0	0	0	0	0	0	0	0	0	0
0	0	0	0	0	0	0	0	0	0	0	0	0	0	0	0	0	0	0	0	0	0	0.996916207565547	0	0	0	0	0	0	0	0	0	0.821114388361289	0	0	0.706652760436502	0	0	0	0	0	0	0	0	0	0	0	0	0	0	0	0	0	0	0	0	0	0	0	0	0	0	0	0	0	0	0	0	0	0	0	0	0	0	0	0	0	0	0	0	0	0	0.743295745374302	0	0	0	0	0	0	0
0	0	0.602946834100568	0	0	0	0	0	0	0	0	0	0	0	0.766136001440989	0	0	0	0	0	0.836326280310114	0	0.881932411055502	0	0	0	0	0	0.87631660220669	0.661558550770912	0	0	0	0	0	0	0.687643764450011	0	0	0	0	0	0	0	0	0	0	0	0.833264525018647	0	0	0	0	0	0	0	0	0	0	0	0	0	0	0	0	0	0	0	0	0	0	0	0	0	0	0	0	0	0	0	0	0	0	0	0	0	0	0	0	0
0	0	0	0	0	0	0	0	0	0	0	0	0	0	0	0	0	0	0	0	0	0	0	0	0	0	0	0	0	0	0	0.918211619938754	0	0	0	0	0	0	0	0	0	0	0	0	0	0	0	0	0	0	0	0	0	0	0	0	0	0	0.77944005576027	0	0	0	0	0	0	0	0	0	0	0	0	0	0	0	0	0	0	0	0	0	0	0	0	0	0	0	0	0	0	0
0	0	0	0	0	0	0	0	0.98136954775998	0	0	0	0	0	0	0	0	0.608311056648079	0	0	0	0	0	0	0	0	0	0	0	0	0	0	0	0	0	0	0	0	0	0	0	0	0	0	0	0	0	0	0.979160908681221	0.77878180118602	0	0	0	0	0	0	0	0.841784869237561	0	0	0	0	0	0	0	0	0	0	0	0	0	0	0	0	0	0	0	0	0	0	0	0	0	0	0	0	0	0	0	0
0	0	0	0	0	0	0	0	0	0	0	0	0	0.640640442382001	0	0	0	0	0	0	0	0	0	0	0.93391028591892	0	0	0	0	0	0	0	0	0	0	0	0	0	0	0	0	0	0	0	0	0	0	0	0	0	0	0	0	0	0	0	0	0	0	0	0	0	0	0	0	0	0	0	0	0	0	0	0	0	0	0	0	0	0	0	0	0.818537421324214	0	0	0	0	0	0	0	0
0	0	0	0	0	0	0.98136954775998	0	0	0	0	0	0	0	0	0	0	0	0.646671480548911	0	0	0	0	0	0	0	0	0	0	0	0	0	0	0	0	0	0	0	0	0	0	0	0	0	0	0	0	0	0	0	0	0	0	0	0	0.793808862518851	0	0	0	0	0	0	0	0	0	0	0	0	0	0	0	0	0	0	0	0	0	0	0	0	0	0	0	0	0	0	0	0	0	0
0	0	0	0	0	0	0	0	0	0	0	0	0	0	0	0	0	0	0	0	0	0	0	0	0	0.915852135906443	0	0	0	0	0	0	0	0	0	0	0.829805409232106	0	0	0	0.693998996753014	0.956747745557358	0	0	0.859747974094127	0	0	0	0	0	0	0	0	0	0.946115841336212	0	0	0	0	0	0	0	0	0	0	0	0	0	0	0	0	0	0	0	0	0	0	0	0	0	0	0	0	0	0	0	0	0	0	0
0	0	0	0	0	0	0	0	0	0	0	0	0	0	0	0	0	0	0	0	0	0	0	0	0	0	0	0	0	0	0	0	0	0	0	0	0.695741834808844	0	0	0	0	0	0	0.987111670698222	0	0	0	0	0	0	0	0	0	0	0.68699522646127	0	0	0	0	0	0	0	0	0	0	0	0	0	0	0	0	0	0	0	0	0	0	0	0	0	0	0	0	0	0	0	0	0	0	0
0	0	0	0	0	0	0	0	0	0	0	0	0.64179134893222	0	0	0	0	0	0	0	0	0	0	0	0	0	0	0	0	0	0	0	0	0	0	0	0	0	0	0	0	0	0	0	0	0	0	0	0	0	0	0	0	0	0	0	0	0	0	0	0	0	0	0	0	0	0	0	0	0	0	0	0	0	0	0	0	0	0	0	0	0	0	0	0	0	0.845762891361921	0	0	0
0.790148539034135	0.662273997689262	0	0	0	0	0	0	0	0	0	0.64179134893222	0	0	0	0	0	0	0	0	0	0	0	0	0	0	0.879450094118918	0	0	0	0	0	0	0	0	0	0	0	0	0	0	0	0	0	0	0	0.833585906280638	0	0	0	0	0	0	0	0	0	0	0	0	0	0	0	0	0	0	0	0	0	0	0	0	0.982609818957914	0	0	0	0	0	0	0	0	0	0	0	0	0	0	0	0	0	0
0	0	0	0	0	0	0	0.640640442382001	0	0	0	0	0	0	0	0	0	0	0	0	0	0	0	0	0	0.792565132722705	0	0	0	0	0	0	0.690554138367932	0	0	0	0	0	0	0	0	0	0	0	0	0	0	0	0	0	0	0	0	0	0	0	0	0	0	0	0	0	0	0	0	0	0	0	0	0	0	0	0	0	0	0	0	0	0	0	0	0	0	0	0	0	0	0	0	0
0	0	0	0	0.766136001440989	0	0	0	0	0	0	0	0	0	0	0	0	0	0.814832093545569	0	0	0	0	0	0.854117454048877	0	0.91700728692058	0	0	0	0	0.742643915932708	0	0	0.862478402478962	0	0	0	0	0	0	0	0	0	0	0	0	0	0	0	0	0.965705252266847	0	0	0	0	0	0	0	0	0	0	0	0	0	0	0	0	0	0	0	0	0	0	0	0	0	0	0	0	0	0	0	0	0	0	0	0	0	0
0	0	0	0	0	0	0	0	0	0	0	0	0	0	0	0	0	0	0	0	0	0	0	0	0	0	0	0	0	0	0	0	0	0	0	0	0	0	0	0	0	0	0	0	0	0	0	0	0	0	0	0	0	0	0.868987442070011	0	0	0	0	0	0	0	0	0	0	0	0	0.912735720722506	0	0	0	0	0	0	0	0	0	0	0	0	0	0	0.943535659804323	0	0.512343029767138	0	0	0	0	0
0	0	0	0	0	0	0	0	0	0	0	0	0	0	0	0	0	0	0	0	0.863920864517749	0	0	0	0	0	0.680327621991211	0	0	0	0	0	0	0	0	0	0	0	0	0	0	0	0	0	0	0	0	0	0	0	0	0	0.925679107129623	0	0	0	0	0	0	0	0.597972039646853	0	0	0	0	0	0	0	0	0	0	0	0	0	0	0	0	0	0	0	0	0	0	0	0	0	0	0	0	0
0	0	0	0	0	0	0.608311056648079	0	0	0	0	0	0	0	0	0	0	0	0	0	0	0	0	0	0	0	0	0	0	0	0	0	0	0	0	0	0	0	0	0	0	0	0	0	0	0	0	0	0	0	0	0	0	0	0	0	0	0	0	0.961498572884952	0	0.888273601273424	0	0	0	0	0	0	0	0	0	0	0	0	0	0	0	0	0	0	0	0	0	0	0	0	0.871782349700492	0	0	0
0	0	0	0	0	0	0	0	0.646671480548911	0	0	0	0	0	0.814832093545569	0	0	0	0	0	0	0	0.613204698245266	0	0	0	0	0	0	0	0	0	0	0	0	0	0	0	0	0	0	0	0	0	0	0	0	0	0	0	0	0	0	0	0	0	0	0	0	0	0	0	0	0	0	0	0	0	0	0	0	0	0	0	0	0	0	0	0	0	0	0	0	0	0	0	0	0	0	0
0	0	0	0	0	0	0	0	0	0	0	0	0	0	0	0	0	0	0	0	0	0.802334049091698	0	0	0	0	0	0	0	0	0	0	0	0	0	0.732407598778287	0	0	0	0	0	0	0	0	0	0	0	0	0	0	0	0	0	0	0	0	0	0	0	0	0	0	0	0	0	0	0	0	0	0	0	0	0	0	0	0	0	0	0	0	0	0	0	0	0	0	0	0	0	0
0	0	0	0	0.836326280310114	0	0	0	0	0	0	0	0	0	0	0	0.863920864517749	0	0	0	0	0	0	0	0	0	0	0	0	0	0	0	0	0	0	0	0	0	0.897443344496127	0	0	0	0	0.941620920628326	0	0	0	0	0	0	0	0.938822589686367	0	0	0	0	0	0	0	0	0	0	0	0	0	0	0	0	0	0	0	0	0	0	0	0	0	0	0	0	0	0	0	0	0	0	0	0	0	0
0	0	0	0	0	0	0	0	0	0	0	0	0	0	0	0	0	0	0	0.802334049091698	0	0	0	0.882545303083934	0	0	0	0	0	0	0	0	0	0	0	0	0.569708044596936	0	0	0	0	0	0	0	0	0	0	0	0	0	0	0	0	0.988160623135832	0	0	0	0	0	0	0	0	0	0	0	0	0	0	0	0	0	0	0	0	0	0	0	0	0	0	0	0	0	0	0	0	0	0	0	0
0	0	0	0.996916207565547	0.881932411055502	0	0	0	0	0	0	0	0	0	0	0	0	0	0.613204698245266	0	0	0	0	0	0	0	0	0	0	0	0	0	0	0	0	0	0	0	0	0	0	0	0	0	0	0	0	0	0	0	0.917700282111599	0	0	0	0.817263271889357	0	0	0	0	0	0	0	0	0	0	0.821249647654665	0	0	0	0	0	0	0	0	0	0	0	0	0	0	0	0	0	0	0	0	0	0	0	0
0	0	0	0	0	0	0	0	0	0	0	0	0	0	0	0	0	0	0	0	0	0.882545303083934	0	0	0	0	0	0	0	0	0	0	0	0	0	0	0	0	0.547332803518596	0	0	0	0	0	0	0	0	0	0	0	0	0	0	0	0	0	0	0.973291678467246	0	0	0	0	0	0	0	0	0	0	0	0	0	0	0	0	0	0	0	0	0	0	0	0	0	0	0	0	0	0	0.82946971302795	0
0	0	0	0	0	0	0	0.93391028591892	0	0	0	0	0	0	0.854117454048877	0	0	0	0	0	0	0	0	0	0	0	0.633190691746845	0	0	0	0	0	0	0	0	0	0	0	0	0	0	0	0	0	0	0.870485278037769	0	0	0	0	0	0	0	0	0	0	0	0	0	0	0	0	0	0	0	0	0	0	0	0	0	0	0	0	0	0	0	0	0	0	0	0	0	0	0	0	0	0	0	0
0	0	0	0	0	0	0	0	0	0.915852135906443	0	0	0	0.792565132722705	0	0	0	0	0	0	0	0	0	0	0	0	0	0	0	0	0	0	0	0	0	0	0	0	0	0	0.716232975187855	0	0	0	0	0	0	0	0	0	0	0	0	0	0	0	0	0	0	0	0	0	0	0	0	0.964352554717448	0	0	0	0	0	0	0	0	0	0	0	0	0	0	0	0	0	0	0	0	0	0	0	0.924847613256758
0	0	0	0	0	0	0	0	0	0	0	0	0.879450094118918	0	0.91700728692058	0	0.680327621991211	0	0	0	0	0	0	0	0.633190691746845	0	0	0	0	0	0	0	0	0	0	0	0	0	0	0	0	0	0	0	0	0	0	0	0	0	0	0	0	0	0	0	0	0	0	0	0	0	0	0	0	0	0	0	0	0	0	0	0	0	0	0	0	0	0	0	0	0	0	0	0	0	0	0	0	0
0	0	0	0	0	0	0	0	0	0	0	0	0	0	0	0	0	0	0	0	0	0	0	0	0	0	0	0	0	0	0.995656981925053	0	0	0	0	0	0	0	0	0	0	0	0	0	0	0.833376081134749	0	0	0	0	0	0	0	0	0	0	0.634847682823432	0	0	0	0	0	0	0	0	0	0	0.62668548050381	0	0	0	0	0	0	0	0	0	0	0	0	0	0	0	0	0	0	0	0	0	0
0	0	0	0	0.87631660220669	0	0	0	0	0	0	0	0	0	0	0	0	0	0	0	0	0	0	0	0	0	0	0	0	0	0	0	0	0	0	0	0	0	0	0	0	0	0	0	0	0	0	0	0	0	0	0	0	0	0	0	0	0	0	0	0	0	0.911774465479254	0	0	0	0	0	0	0	0	0	0	0	0	0	0	0	0	0	0	0	0	0	0	0	0	0	0	0
0	0	0	0	0.661558550770912	0	0	0	0	0	0	0	0	0	0	0	0	0	0	0	0	0	0	0	0	0	0	0	0	0	0	0	0	0	0	0.874290890159132	0	0	0	0	0	0	0	0	0	0	0	0	0	0	0	0	0	0	0	0	0	0	0	0	0	0.655409816668117	0	0	0	0	0	0	0	0	0	0	0	0	0.939129005599737	0	0	0	0	0	0	0	0	0	0	0	0	0	0	0
0	0.848911927870843	0	0	0	0	0	0	0	0	0	0	0	0	0	0	0	0	0	0	0	0	0	0	0	0	0	0.995656981925053	0	0	0	0.943479863770969	0	0	0	0	0	0	0	0	0	0	0	0	0	0	0	0	0	0	0	0	0	0	0	0	0	0	0	0	0	0	0	0	0.979501725231316	0	0	0	0	0	0	0	0	0	0	0	0	0	0	0	0	0	0	0	0	0	0	0	0	0
0	0	0	0	0	0.918211619938754	0	0	0	0	0	0	0	0	0.742643915932708	0	0	0	0	0	0	0	0	0	0	0	0	0	0	0	0.943479863770969	0	0	0	0	0	0	0	0	0	0	0	0	0.758841874441464	0	0	0	0	0	0	0	0	0	0	0	0	0	0	0	0.925874135799795	0	0	0	0	0	0	0	0	0	0	0	0	0	0	0	0	0	0	0	0	0	0	0	0	0	0	0	0	0	0
0	0	0	0.821114388361289	0	0	0	0	0	0	0	0	0	0.690554138367932	0	0	0	0	0	0	0	0	0	0	0	0	0	0	0	0	0	0	0	0	0	0	0.873595860535036	0	0	0	0	0	0	0	0	0	0	0	0	0	0	0	0	0	0	0	0	0	0	0	0.796969372484629	0	0	0	0	0	0	0	0	0	0	0	0	0	0	0	0	0	0	0	0	0	0	0	0	0	0	0	0	0
0	0	0	0	0	0	0	0	0	0	0	0	0	0	0	0	0	0	0	0	0	0	0	0	0	0	0	0	0	0	0	0	0	0	0.739841939247672	0	0	0	0	0	0	0	0	0	0	0	0	0	0	0	0	0	0	0	0	0	0	0	0	0	0	0	0	0	0	0	0	0	0	0	0	0	0	0	0	0	0	0	0	0	0	0	0	0.636974380940987	0	0	0	0	0	0
0	0	0	0	0	0	0	0	0	0	0	0	0	0	0.862478402478962	0	0	0	0	0	0	0	0	0	0	0	0	0	0	0	0	0	0	0.739841939247672	0	0	0.638748705327094	0	0	0	0	0	0	0	0	0	0	0	0	0	0	0	0	0	0	0	0	0	0	0	0	0	0.54490412613487	0	0	0	0	0	0	0	0	0	0	0	0	0	0	0	0	0	0	0	0	0	0	0.892897918956674	0	0	0	0
0	0	0	0.706652760436502	0	0	0	0	0	0	0	0	0	0	0	0	0	0	0	0.732407598778287	0	0	0	0	0	0	0	0	0	0.874290890159132	0	0	0	0	0	0	0.915749547842012	0	0	0	0	0	0	0	0	0	0	0	0	0	0	0	0	0	0	0	0	0	0	0	0	0	0	0	0	0	0	0	0	0	0	0	0	0	0	0	0	0	0	0	0	0	0	0	0	0	0	0	0	0
0.938549367320256	0	0	0	0.687643764450011	0	0	0	0	0.829805409232106	0.695741834808844	0	0	0	0	0	0	0	0	0	0	0.569708044596936	0	0	0	0	0	0	0	0	0	0	0.873595860535036	0	0.638748705327094	0.915749547842012	0	0	0	0	0	0	0	0	0	0	0	0	0	0	0	0	0	0	0	0	0	0	0	0	0	0	0	0	0	0	0	0	0	0	0	0	0	0	0	0	0	0	0	0.577440018738374	0	0	0	0	0	0	0	0	0	0
0	0	0	0	0	0	0	0	0	0	0	0	0	0	0	0	0	0	0	0	0	0	0	0	0	0	0	0	0	0	0	0	0	0	0	0	0	0	0	0	0	0	0	0	0	0.917768271588117	0	0	0	0	0	0	0	0	0	0	0	0	0	0	0	0	0	0	0	0	0	0	0.965676006001917	0	0	0	0	0	0	0	0	0	0	0	0	0	0	0	0	0	0	0	0	0
0	0	0	0	0	0	0	0	0	0	0	0	0	0	0	0	0	0	0	0	0.897443344496127	0	0	0.547332803518596	0	0	0	0	0	0	0	0	0	0	0	0	0	0	0	0	0	0	0	0	0	0	0	0	0.970922089579488	0	0	0	0	0	0	0	0	0.730448681307781	0	0	0	0	0	0	0	0	0	0	0	0	0	0	0	0	0	0	0	0	0	0	0	0	0	0	0	0	0	0	0	0
0	0	0	0	0	0	0	0	0	0	0	0	0	0	0	0	0	0	0	0	0	0	0	0	0	0	0	0	0	0	0	0	0	0	0	0	0	0	0	0	0.687863173639779	0	0	0	0	0	0	0	0	0	0	0	0	0	0	0	0	0	0	0	0	0	0	0	0	0	0	0	0	0	0	0	0	0.931091035920959	0	0	0	0	0	0	0	0	0	0	0	0	0	0	0	0
0	0	0	0	0	0	0	0	0	0.693998996753014	0	0	0	0	0	0	0	0	0	0	0	0	0	0	0	0.716232975187855	0	0	0	0	0	0	0	0	0	0	0	0	0	0.687863173639779	0	0	0	0	0	0	0	0	0	0	0	0	0	0	0	0	0	0	0	0	0	0	0	0	0	0	0	0	0	0	0.976691734306488	0	0	0	0	0	0.91524311933347	0	0	0	0	0	0	0	0	0	0.831550872277164	0	0	0
0	0	0	0	0	0	0	0	0	0.956747745557358	0	0	0	0	0	0	0	0	0	0	0	0	0	0	0	0	0	0	0	0	0	0	0	0	0	0	0	0	0	0	0	0	0.945077460009235	0	0	0	0	0	0	0	0	0	0	0	0	0	0	0	0	0	0	0	0	0	0	0	0	0	0	0	0	0	0	0	0	0	0	0	0	0	0.886745875558328	0	0	0	0	0	0	0	0	0
0	0	0	0	0	0	0	0	0	0	0	0	0	0	0	0	0	0	0	0	0	0	0	0	0	0	0	0	0	0	0	0	0	0	0	0	0	0	0	0	0	0.945077460009235	0	0	0	0	0	0	0	0	0	0	0	0	0	0	0	0	0	0	0	0	0	0	0	0	0	0	0	0	0	0	0	0	0	0	0	0	0	0	0.621062799360613	0	0	0	0	0	0	0	0	0.822367505070992
0	0	0	0	0	0	0	0	0	0	0.987111670698222	0	0	0	0	0	0	0	0	0	0.941620920628326	0	0	0	0	0	0	0	0	0	0	0.758841874441464	0	0	0	0	0	0	0	0	0	0	0	0	0	0	0	0	0	0	0	0	0	0	0	0	0	0	0	0	0	0	0	0	0	0	0	0	0	0	0	0	0	0	0	0	0	0	0.997864596120576	0	0	0	0	0	0	0	0	0	0	0
0	0	0	0	0	0	0	0	0	0.859747974094127	0	0	0	0	0	0	0	0	0	0	0	0	0	0	0	0	0	0	0	0	0	0	0	0	0	0	0	0	0	0	0	0	0	0	0	0	0	0	0	0	0	0.654370328114679	0	0	0	0	0	0	0	0	0	0	0	0	0	0	0	0	0	0	0	0	0	0	0	0	0	0	0	0	0	0	0	0	0	0	0	0	0	0
0	0	0	0	0	0	0	0	0	0	0	0	0	0	0	0	0	0	0	0	0	0	0	0	0.870485278037769	0	0	0.833376081134749	0	0	0	0	0	0	0	0	0	0.917768271588117	0	0	0	0	0	0	0	0	0	0.874245895372033	0	0	0	0	0	0	0	0	0	0	0.765384388614352	0	0	0	0	0	0	0	0	0	0	0	0	0	0	0	0	0	0	0	0	0	0	0	0	0	0	0.793832842104342	0	0	0	0
0	0	0	0	0	0	0	0	0	0	0	0	0.833585906280638	0	0	0	0	0	0	0	0	0	0	0	0	0	0	0	0	0	0	0	0	0	0	0	0	0	0	0	0	0	0	0	0	0	0	0	0	0	0	0	0.971752941264615	0	0	0	0	0	0	0	0	0	0	0	0	0	0.612637198586833	0	0.946651312025795	0	0	0	0	0.982750820277979	0	0	0	0	0	0	0	0	0	0	0	0	0	0	0	0
0	0	0	0	0	0	0	0	0	0	0	0	0	0	0	0	0	0	0	0	0	0	0	0	0	0	0	0	0	0	0	0	0	0	0	0	0	0	0	0	0	0	0	0	0	0.874245895372033	0	0	0	0	0.926778009080196	0	0	0	0	0	0	0	0	0	0	0	0	0	0	0	0	0	0	0	0	0	0	0	0	0	0	0	0	0	0.879651913908524	0	0	0	0	0	0	0	0	0
0	0	0	0	0.833264525018647	0	0.979160908681221	0	0	0	0	0	0	0	0	0	0	0	0	0	0	0	0	0	0	0	0	0	0	0	0	0	0	0	0	0	0	0	0.970922089579488	0	0	0	0	0	0	0	0	0	0	0	0	0	0	0	0	0	0	0	0	0	0	0	0	0	0	0.879939200655094	0.962649333673198	0	0	0	0	0	0	0	0	0	0	0	0	0	0	0	0	0	0	0	0	0	0	0
0.910772433676274	0	0	0	0	0	0.77878180118602	0	0	0	0	0	0	0	0	0	0	0	0	0	0	0	0	0	0	0	0	0	0	0	0	0	0	0	0	0	0	0	0	0	0	0	0	0	0	0	0	0	0	0	0	0	0	0	0	0	0	0	0	0	0	0	0	0	0	0	0	0	0	0	0	0	0	0	0	0	0	0	0	0	0	0	0	0	0	0	0	0	0	0
0.957892986471683	0	0	0	0	0	0	0	0	0	0	0	0	0	0	0	0	0	0	0	0	0	0.917700282111599	0	0	0	0	0	0	0	0	0	0	0	0	0	0	0	0	0	0	0	0	0	0	0	0	0.926778009080196	0	0	0	0	0	0	0	0	0	0	0	0	0	0	0	0	0	0	0	0	0	0	0	0	0	0	0	0	0	0	0	0	0	0	0	0	0	0	0	0	0	0
0	0	0	0	0	0	0	0	0	0	0	0	0	0	0.965705252266847	0	0	0	0	0	0.938822589686367	0	0	0	0	0	0	0	0	0	0	0	0	0	0	0	0	0	0	0	0	0	0	0	0.654370328114679	0	0	0	0	0	0	0	0	0	0	0	0	0	0	0	0	0	0	0.706775312746284	0	0	0	0	0	0	0	0	0	0	0	0	0	0	0	0	0	0	0	0	0.778035079531044	0.706519418036135	0	0	0	0
0	0	0.826014682285125	0	0	0	0	0	0	0	0	0	0	0	0	0	0.925679107129623	0	0	0	0	0	0	0	0	0	0	0	0	0	0	0	0	0	0	0	0	0	0	0	0	0	0	0	0	0	0.971752941264615	0	0	0	0	0	0	0	0	0	0	0	0.968363282791368	0	0	0	0	0	0	0	0	0	0	0	0	0	0	0	0	0	0	0	0	0	0	0	0	0	0	0	0	0	0	0
0	0	0	0	0	0	0	0	0	0	0	0	0	0	0	0	0	0	0	0	0	0.988160623135832	0	0	0	0	0	0	0	0	0	0	0	0	0	0	0	0	0	0	0	0	0	0	0	0	0	0	0	0	0	0	0	0	0	0.957385507090992	0	0	0	0	0	0	0	0	0.776090594503503	0	0	0	0	0	0	0	0	0	0	0	0	0	0	0	0	0	0	0	0	0	0	0	0	0
0	0	0	0	0	0	0	0	0	0.946115841336212	0.68699522646127	0	0	0	0	0.868987442070011	0	0	0	0	0	0	0.817263271889357	0	0	0	0	0	0	0	0	0	0	0	0	0	0	0	0	0	0	0	0	0	0	0	0	0	0	0	0	0	0	0	0	0.587456400560335	0	0	0	0	0	0	0	0	0	0	0	0	0	0	0	0	0	0	0	0	0	0.890997636064401	0	0	0	0.941898362462665	0	0	0	0	0	0	0	0
0	0	0	0	0	0	0	0	0.793808862518851	0	0	0	0	0	0	0	0	0	0	0	0	0	0	0	0	0	0	0	0	0	0	0	0	0	0	0	0	0	0	0	0	0	0	0	0	0	0	0	0	0	0	0	0	0.957385507090992	0.587456400560335	0	0	0	0	0	0	0	0	0	0.974996607263277	0	0	0	0	0	0	0	0	0	0	0	0	0	0	0	0	0	0.858364109816569	0	0.877444909812165	0	0	0	0	0
0	0	0	0	0	0	0	0	0	0	0	0	0	0	0	0	0	0	0	0	0	0	0	0	0	0	0	0.634847682823432	0	0	0	0	0	0	0	0	0	0	0	0	0	0	0	0	0	0	0	0	0	0	0	0	0	0	0	0	0	0.970756396291664	0	0	0	0	0	0	0	0	0	0	0	0	0	0	0	0	0	0	0	0	0	0	0	0	0	0	0	0	0	0	0	0
0	0	0	0	0	0	0.841784869237561	0	0	0	0	0	0	0	0	0	0	0	0	0	0	0	0	0.973291678467246	0	0	0	0	0	0	0	0	0	0	0	0	0	0	0.730448681307781	0	0	0	0	0	0	0	0	0	0	0	0	0	0	0	0	0	0.970756396291664	0	0.901817453855773	0	0.933163898416207	0	0	0	0	0.587002260479936	0	0	0	0	0	0	0	0	0	0	0	0	0	0	0	0	0	0	0	0	0	0	0	0
0	0	0	0	0	0.77944005576027	0	0	0	0	0	0	0	0	0	0	0	0	0	0	0	0	0	0	0	0	0	0	0	0	0	0	0	0	0	0	0	0	0	0	0	0	0	0	0	0.765384388614352	0	0	0	0	0	0	0.968363282791368	0	0	0	0	0.901817453855773	0	0	0	0	0	0	0	0	0	0	0	0.752287801357645	0	0	0	0	0	0	0	0	0	0	0	0	0	0	0	0	0	0	0	0
0	0	0	0	0	0	0	0	0	0	0	0	0	0	0	0	0	0.961498572884952	0	0	0	0	0	0	0	0	0	0	0	0	0	0.925874135799795	0	0	0	0	0	0	0	0	0	0	0	0	0	0	0	0	0	0	0	0	0	0	0	0	0	0	0	0	0	0	0	0	0	0	0	0	0	0	0	0	0	0	0	0	0	0	0	0	0	0	0	0	0	0	0	0	0	0
0	0	0	0	0	0	0	0	0	0	0	0	0	0	0	0	0.597972039646853	0	0	0	0	0	0	0	0	0	0	0	0	0	0	0	0.796969372484629	0	0	0	0	0	0	0	0	0	0	0	0	0	0	0	0	0	0	0	0	0	0	0	0	0.933163898416207	0	0	0	0	0	0	0	0	0	0	0	0	0	0	0	0	0	0	0	0	0	0	0	0	0	0	0	0	0	0.558088546825155	0	0
0	0	0	0	0	0	0	0	0	0	0	0	0	0	0	0	0	0.888273601273424	0	0	0	0	0	0	0	0	0	0	0	0.655409816668117	0	0	0	0	0	0	0	0	0	0	0	0	0	0	0	0	0	0	0	0	0	0	0	0	0	0	0	0	0	0	0	0	0	0	0	0	0	0	0	0	0	0	0	0	0	0	0	0	0	0	0	0	0	0	0	0	0	0	0	0
0	0	0	0	0	0	0	0	0	0	0	0	0	0	0	0	0	0	0	0	0	0	0	0	0	0	0	0	0.911774465479254	0	0	0	0	0	0.54490412613487	0	0	0	0	0	0	0	0	0	0	0	0	0	0	0	0	0	0	0	0	0	0	0	0	0	0	0	0	0	0.88186048253779	0	0	0	0	0	0	0	0	0	0	0	0	0	0.905942689511399	0	0	0	0	0.811474273088277	0	0	0	0	0	0
0	0	0	0	0	0	0	0	0	0	0	0	0	0	0	0	0	0	0	0	0	0	0	0	0	0	0	0	0	0	0	0	0	0	0	0	0	0	0	0	0	0	0	0	0	0	0	0	0	0	0	0.706775312746284	0	0	0	0	0	0	0	0	0	0	0	0	0	0	0	0	0	0	0.664913675854594	0	0	0	0	0	0	0	0	0	0	0	0	0	0	0	0	0	0	0
0	0	0	0	0	0	0	0	0	0	0	0	0	0	0	0	0	0	0	0	0	0	0	0	0	0	0	0	0	0	0.979501725231316	0	0	0	0	0	0	0	0	0	0	0	0	0	0	0	0	0	0	0	0	0	0	0.776090594503503	0	0.974996607263277	0	0	0	0	0	0	0.88186048253779	0	0	0	0	0	0	0	0	0	0	0	0	0	0	0	0	0	0	0	0	0.567399649423744	0	0	0	0	0	0
0	0	0	0	0	0	0	0	0	0	0	0	0	0	0	0	0	0	0	0	0	0	0.821249647654665	0	0	0.964352554717448	0	0	0	0	0	0	0	0	0	0	0	0	0	0	0	0	0	0	0	0	0	0	0.879939200655094	0	0	0	0	0	0	0	0	0.587002260479936	0	0	0	0	0	0	0	0	0	0	0	0	0	0	0	0	0	0	0	0	0	0	0	0	0	0	0	0	0	0	0	0
0	0	0	0	0	0	0	0	0	0	0	0	0	0	0	0	0	0	0	0	0	0	0	0	0	0	0	0	0	0	0	0	0	0	0	0	0	0	0	0	0	0	0	0	0	0	0.612637198586833	0	0.962649333673198	0	0	0	0	0	0	0	0	0	0	0	0	0	0	0	0	0	0	0	0.885132069895166	0	0	0	0	0	0	0	0	0	0	0	0	0	0	0	0	0	0	0	0	0
0	0	0	0	0	0	0	0	0	0	0	0	0	0	0	0.912735720722506	0	0	0	0	0	0	0	0	0	0	0	0.62668548050381	0	0	0	0	0	0	0	0	0	0	0	0	0	0	0	0	0	0	0	0	0	0	0	0	0	0	0	0	0	0	0	0	0	0	0	0	0	0	0	0	0	0.723014439299763	0	0	0	0	0	0	0	0	0	0	0	0	0	0	0	0	0	0	0	0
0	0	0	0	0	0	0	0	0	0	0	0	0	0	0	0	0	0	0	0	0	0	0	0	0	0	0	0	0	0	0	0	0	0	0	0	0	0.965676006001917	0	0	0	0	0	0	0	0	0.946651312025795	0	0	0	0	0	0	0	0	0	0	0	0	0	0	0	0	0	0	0	0.885132069895166	0	0	0.790199477624814	0	0	0.809757302031868	0	0	0	0	0	0	0	0	0	0	0	0	0	0	0	0	0
0	0	0	0	0	0	0	0	0	0	0	0	0	0	0	0	0	0	0	0	0	0	0	0	0	0	0	0	0	0	0	0	0	0	0	0	0	0	0	0	0	0	0	0	0	0	0	0	0	0	0	0	0	0	0	0	0	0	0.752287801357645	0	0	0	0	0	0	0	0	0.723014439299763	0.790199477624814	0	0.876660502629994	0	0	0.948728042843659	0	0	0	0	0	0	0	0	0	0	0	0	0	0	0	0
0	0	0.877785052031923	0	0	0	0	0	0	0	0	0	0	0	0	0	0	0	0	0	0	0	0	0	0	0	0	0	0	0	0	0	0	0	0	0	0	0	0	0	0.976691734306488	0	0	0	0	0	0	0	0	0	0	0	0	0	0	0	0	0	0	0	0	0	0	0.664913675854594	0	0	0	0	0	0.876660502629994	0	0	0	0	0	0	0	0	0	0	0	0	0	0	0	0	0.989001461763097	0	0	0
0	0	0	0	0	0	0	0	0	0	0	0	0.982609818957914	0	0	0	0	0	0	0	0	0	0	0	0	0	0	0	0	0	0	0	0	0	0	0	0	0	0	0	0	0	0	0	0	0	0	0	0	0	0	0	0	0	0	0	0	0	0	0	0	0	0	0	0	0	0	0	0	0	0	0	0.810538077156546	0	0	0	0	0	0	0	0	0	0	0	0	0	0	0	0	0
0	0	0	0	0	0	0	0	0	0	0	0	0	0	0	0	0	0	0	0	0	0	0	0	0	0	0	0	0	0	0	0	0	0	0	0	0	0	0	0	0	0	0	0	0	0	0	0	0	0	0	0	0	0	0	0	0	0	0	0	0	0	0	0	0	0	0	0	0.809757302031868	0	0	0.810538077156546	0	0	0.690080340573222	0	0	0	0	0	0	0	0	0	0	0	0	0	0	0
0	0	0	0	0	0	0	0	0	0	0	0	0	0	0	0	0	0	0	0	0	0	0	0	0	0	0	0	0	0	0	0	0	0	0	0	0	0	0	0.931091035920959	0	0	0	0	0	0	0.982750820277979	0	0	0	0	0	0	0	0	0	0	0	0	0	0	0	0	0	0	0	0	0	0	0.948728042843659	0	0	0	0	0	0	0	0	0	0	0	0	0	0	0	0	0	0	0	0
0	0	0	0	0	0	0	0	0	0	0	0	0	0	0	0	0	0	0	0	0	0	0	0	0	0	0	0	0	0.939129005599737	0	0	0	0	0	0	0	0	0	0	0	0	0	0	0	0	0	0	0	0	0	0	0	0	0	0	0	0	0	0	0	0	0	0	0	0	0	0	0	0	0	0	0.690080340573222	0	0	0	0	0	0	0	0	0	0	0	0	0	0	0.784944986263685	0	0
0	0	0	0	0	0	0	0	0	0	0	0	0	0	0	0	0	0	0	0	0	0	0	0	0	0	0	0	0	0	0	0	0	0	0	0	0	0	0	0	0	0	0	0	0	0	0	0	0	0	0	0	0	0	0	0	0	0	0	0	0	0	0	0	0	0	0	0	0	0	0	0	0	0	0	0	0.869483601005666	0	0	0	0	0.936008302790815	0	0	0	0	0	0.857952438858296	0	0
0	0	0	0	0	0	0	0	0	0	0	0	0	0	0	0	0	0	0	0	0	0	0	0	0	0	0	0	0	0	0	0	0	0	0	0	0	0	0	0	0.91524311933347	0	0	0	0	0	0	0	0	0	0	0	0	0	0	0	0	0	0	0	0	0	0	0	0	0	0	0	0	0	0	0	0	0	0	0.869483601005666	0	0	0.831914032474093	0	0	0	0	0	0	0	0	0	0	0
0	0	0	0	0	0	0	0	0	0	0	0	0	0	0	0	0	0	0	0	0	0	0	0	0	0	0	0	0	0	0	0	0	0	0	0	0	0	0	0	0	0	0	0	0	0	0	0	0	0	0	0	0	0	0.890997636064401	0	0	0	0	0	0	0	0	0	0	0	0	0	0	0	0	0	0	0	0	0	0	0	0	0	0	0	0.971035392062386	0	0	0	0	0	0	0
0	0.833257619289415	0	0	0	0	0	0	0	0	0	0	0	0	0	0	0	0	0	0	0	0	0	0	0	0	0	0	0	0	0	0	0	0	0	0	0	0	0	0	0	0	0	0.997864596120576	0	0	0	0	0	0	0	0	0	0	0	0	0	0	0	0	0	0	0.905942689511399	0	0	0	0	0	0	0	0	0	0	0	0	0	0.831914032474093	0	0	0	0	0	0	0	0	0	0	0	0	0
0	0	0.920788348922439	0	0	0	0	0	0	0	0	0	0	0	0	0	0	0	0	0	0	0	0	0	0	0	0	0	0	0	0	0	0	0	0	0	0.577440018738374	0	0	0	0	0	0	0	0	0	0	0	0	0	0	0	0	0	0	0	0	0	0	0	0	0	0	0	0	0	0	0	0	0	0	0	0	0	0	0	0	0	0	0	0	0	0	0	0	0	0	0	0	0
0	0	0	0	0	0	0	0	0	0	0	0	0	0	0	0	0	0	0	0	0	0	0	0	0	0	0	0	0	0	0	0	0	0	0	0	0	0	0	0	0	0.886745875558328	0.621062799360613	0	0	0	0	0.879651913908524	0	0	0	0	0	0	0	0	0	0	0	0	0	0	0	0	0	0	0	0	0	0	0	0	0	0	0	0	0	0	0	0	0	0	0	0	0	0	0.851489639065954	0	0	0
0	0	0	0	0	0	0	0.818537421324214	0	0	0	0	0	0	0	0	0	0	0	0	0	0	0	0	0	0	0	0	0	0	0	0	0	0	0	0	0	0	0	0	0	0	0	0	0	0	0	0	0	0	0	0	0	0	0.941898362462665	0	0	0	0	0	0	0	0	0	0	0	0	0	0	0	0	0	0	0	0	0.936008302790815	0	0	0	0	0	0	0.843143823499907	0	0	0	0	0	0	0
0	0	0	0.743295745374302	0	0	0	0	0	0	0	0	0	0	0	0.943535659804323	0	0	0	0	0	0	0	0	0	0	0	0	0	0	0	0	0	0	0	0	0	0	0	0	0	0	0	0	0	0	0	0	0	0	0	0	0	0	0	0.858364109816569	0	0	0	0	0	0	0	0	0	0	0	0	0	0	0	0	0	0	0	0	0	0.971035392062386	0	0	0	0.843143823499907	0	0	0	0	0	0	0	0
0	0.964855645611544	0	0	0	0	0	0	0	0	0	0	0	0	0	0	0	0	0	0	0	0	0	0	0	0	0	0	0	0	0	0	0	0.636974380940987	0	0	0	0	0	0	0	0	0	0	0	0	0	0	0	0	0	0	0	0	0	0	0	0	0	0	0	0	0.811474273088277	0	0.567399649423744	0	0	0	0	0	0	0	0	0	0	0	0	0	0	0	0	0	0	0	0	0.949363387568927	0	0	0	0
0	0	0	0	0	0	0	0	0	0	0	0	0	0	0	0.512343029767138	0	0	0	0	0	0	0	0	0	0	0	0	0	0	0	0	0	0	0	0	0	0	0	0	0	0	0	0	0	0	0	0	0	0	0	0.778035079531044	0	0	0	0.877444909812165	0	0	0	0	0	0	0	0	0	0	0	0	0	0	0	0	0	0	0	0	0	0	0	0	0	0	0	0	0	0	0	0	0	0
0	0	0	0	0	0	0	0	0	0	0	0	0	0	0	0	0	0	0	0	0	0	0	0	0	0	0	0	0	0	0	0	0	0	0.892897918956674	0	0	0	0	0	0	0	0	0	0	0.793832842104342	0	0	0	0	0	0.706519418036135	0	0	0	0	0	0	0	0	0	0	0	0	0	0	0	0	0	0	0	0	0	0	0	0	0	0	0	0	0	0	0	0.949363387568927	0	0	0	0	0	0.753444356009118
0	0	0	0	0	0	0	0	0	0	0	0.845762891361921	0	0	0	0	0	0.871782349700492	0	0	0	0	0	0	0	0	0	0	0	0	0	0	0	0	0	0	0	0	0	0	0.831550872277164	0	0	0	0	0	0	0	0	0	0	0	0	0	0	0	0	0	0	0	0	0	0	0	0	0	0	0	0	0	0.989001461763097	0	0	0	0	0	0	0	0	0	0.851489639065954	0	0	0	0	0	0	0	0	0
0	0	0	0	0	0	0	0	0	0	0	0	0	0	0	0	0	0	0	0	0	0	0	0	0	0	0	0	0	0	0	0	0	0	0	0	0	0	0	0	0	0	0	0	0	0	0	0	0	0	0	0	0	0	0	0	0	0	0	0	0.558088546825155	0	0	0	0	0	0	0	0	0	0	0	0	0	0.784944986263685	0.857952438858296	0	0	0	0	0	0	0	0	0	0	0	0	0	0
0.57651766243728	0	0	0	0	0	0	0	0	0	0	0	0	0	0	0	0	0	0	0	0	0	0	0.82946971302795	0	0	0	0	0	0	0	0	0	0	0	0	0	0	0	0	0	0	0	0	0	0	0	0	0	0	0	0	0	0	0	0	0	0	0	0	0	0	0	0	0	0	0	0	0	0	0	0	0	0	0	0	0	0	0	0	0	0	0	0	0	0	0	0	0	0
0	0	0	0	0	0	0	0	0	0	0	0	0	0	0	0	0	0	0	0	0	0	0	0	0	0.924847613256758	0	0	0	0	0	0	0	0	0	0	0	0	0	0	0	0	0.822367505070992	0	0	0	0	0	0	0	0	0	0	0	0	0	0	0	0	0	0	0	0	0	0	0	0	0	0	0	0	0	0	0	0	0	0	0	0	0	0	0	0	0	0	0.753444356009118	0	0	0	0
