0	0.755873455461007	0	0.91375564514581	0	0	0	0	0	0	0	0	0	0	0	0	0	0	0	0	0	0	0	0	0	0	0	0	0	0	0	0	0	0.698771062872845	0	0	0	0	0	0	0	0	0	0	0	0	0	0	0	0	0	0	0	0	0.965887472130224	0	0	0	0	0	0	0	0	0	0	0	0	0	0	0	0	0	0	0	0	0	0	0.929112103978115	0	0	0	0	0	0	0	0	0	0	0.52518283544998	0.945738263385117
0.755873455461007	0	0.902414384314364	0	0	0	0	0	0	0	0	0	0	0	0	0	0	0	0	0.727733412349215	0	0	0	0	0	0	0	0	0	0	0	0	0	0	0	0	0	0	0	0	0	0	0	0	0	0	0	0	0	0	0	0	0	0	0	0	0	0	0	0	0	0	0	0	0	0	0	0	0	0	0	0	0	0	0	0	0	0	0	0	0	0	0	0	0	0	0	0	0	0
0	0.902414384314364	0	0.80722543095147	0	0	0	0	0	0.768510635640224	0	0	0	0	0	0	0	0	0	0	0	0	0	0	0	0	0	0	0	0.819213961703428	0	0	0	0	0	0	0	0	0	0	0	0	0	0	0	0	0	0	0	0	0	0	0	0	0	0	0	0	0	0	0	0	0	0	0	0	0	0	0	0	0	0	0.788716401771412	0	0	0	0	0	0	0	0	0	0	0	0	0	0	0	0	0
0.91375564514581	0	0.80722543095147	0	0	0	0	0	0	0	0	0	0	0	0	0	0	0	0	0	0	0	0	0	0	0	0	0	0	0	0.762306438804244	0	0	0	0	0	0	0	0	0	0	0	0	0	0	0	0	0	0	0	0	0	0	0	0	0	0	0	0	0	0	0	0	0	0	0	0	0	0	0	0	0	0.959607807778246	0	0	0	0	0	0	0	0	0	0	0	0	0	0	0.872921338430494	0	0
0	0	0	0	0	0	0	0	0	0.73449318629848	0	0	0	0	0	0	0	0	0	0	0	0	0	0	0	0	0	0	0	0	0	0	0	0	0	0	0	0	0.645435485825134	0	0	0	0	0	0	0	0	0	0	0	0	0	0	0	0	0	0	0.843970393913877	0	0	0	0	0	0	0	0	0	0	0	0	0	0	0	0	0	0	0	0	0	0	0	0	0	0	0	0	0	0	0	0
0	0	0	0	0	0	0	0	0	0	0	0	0	0	0	0	0	0	0	0	0	0	0	0	0	0	0	0	0	0	0	0	0	0	0	0	0	0	0	0	0.578722228359807	0	0	0	0	0	0	0	0	0	0	0	0	0	0	0	0	0.765876182510969	0	0	0	0	0	0	0	0	0	0	0	0	0	0	0	0	0	0	0	0	0	0	0	0	0	0	0	0	0	0	0	0
0	0	0	0	0	0	0	0	0	0	0	0.998910452441055	0	0	0	0	0	0	0	0	0	0	0	0	0	0	0	0	0	0	0	0	0	0	0.978613528642077	0	0	0	0	0	0	0	0	0	0	0	0	0	0	0	0	0	0	0.858298948716508	0	0	0	0	0	0	0	0	0	0	0	0	0.889857821636778	0	0	0	0	0	0	0	0	0	0	0	0	0	0	0	0	0	0	0	0	0	0	0
0	0	0	0	0	0	0	0	0	0	0	0	0	0	0	0	0	0	0	0	0	0	0	0	0	0	0	0	0	0	0	0	0	0	0	0	0	0	0	0	0	0	0	0	0	0	0	0	0	0	0	0	0.911652306014707	0	0.954194271653455	0	0	0	0	0	0	0	0	0	0	0	0	0	0	0	0	0	0	0	0	0	0	0	0	0	0	0	0.932268905266104	0	0	0	0	0	0	0
0	0	0	0	0	0	0	0	0	0	0	0	0	0	0	0	0	0	0	0	0	0	0	0	0	0.909055240589008	0	0	0	0	0	0	0	0	0	0	0	0	0	0	0	0	0	0	0	0	0	0.57184607264656	0	0	0	0	0	0	0	0	0	0	0	0	0	0	0	0	0	0	0	0	0	0	0	0	0	0	0.991755108650905	0	0	0.80872077513649	0	0	0	0	0.920376892062038	0	0	0	0	0	0	0
0	0	0.768510635640224	0	0.73449318629848	0	0	0	0	0	0	0.993782737040278	0	0	0	0	0	0	0	0	0	0	0	0	0	0	0	0	0	0	0	0	0	0	0	0	0	0	0	0	0	0	0	0	0	0	0	0	0	0	0	0	0	0	0	0	0	0	0	0.875734832740191	0	0	0	0	0	0	0	0	0	0	0	0	0	0	0	0	0	0	0	0	0	0	0	0	0	0	0	0	0	0
0	0	0	0	0	0	0	0	0	0	0	0.934811896572496	0	0	0	0	0	0	0	0	0	0	0.891935650093437	0	0	0	0	0	0	0	0	0	0	0	0	0	0	0	0	0	0	0	0	0	0.798307272157637	0	0	0	0	0	0	0	0	0	0	0	0.697978027011634	0	0	0	0	0	0	0	0	0	0	0	0	0	0	0	0	0	0	0	0	0	0	0	0	0	0	0	0	0	0	0	0	0
0	0	0	0	0	0	0.998910452441055	0	0	0.993782737040278	0.934811896572496	0	0	0	0	0	0	0	0	0	0.961062954812571	0	0	0.895881882989892	0	0	0	0	0	0	0	0	0	0	0	0	0	0	0	0	0	0	0	0	0	0	0	0	0	0	0	0	0	0	0	0	0	0	0	0	0	0	0	0	0	0	0	0	0	0	0	0	0	0	0	0	0	0	0	0	0	0.677517000975104	0	0	0	0	0	0	0	0
0	0	0	0	0	0	0	0	0	0	0	0	0	0	0	0	0	0	0	0	0	0	0	0	0	0	0	0.718162952345293	0	0	0	0	0	0	0	0	0	0	0	0	0	0	0	0	0	0	0	0	0	0	0	0	0	0	0	0	0	0	0	0	0	0	0	0	0	0	0	0	0	0	0	0	0	0	0	0	0	0	0	0	0	0	0	0.866473264433006	0	0	0	0	0	0
0	0	0	0	0	0	0	0	0	0	0	0	0	0	0.863173580845313	0.844464209086813	0	0	0	0	0	0	0	0	0	0	0	0	0	0	0	0	0	0	0	0	0	0	0	0	0	0	0.623065071151932	0	0	0	0	0	0	0	0	0	0	0	0	0	0	0	0	0	0	0	0	0	0	0	0	0	0	0	0	0	0	0	0	0	0	0	0	0	0	0	0	0	0	0	0	0	0	0
0	0	0	0	0	0	0	0	0	0	0	0	0	0.863173580845313	0	0.802961033296778	0	0	0	0	0	0	0	0	0	0	0	0	0.948481104293737	0	0	0	0	0	0	0	0.762279800010799	0	0	0	0	0	0	0	0	0	0	0	0	0	0	0	0	0	0	0	0	0	0	0	0	0	0	0	0	0	0	0	0	0	0	0.640829059953167	0	0	0	0	0	0	0	0	0	0	0	0	0	0	0	0	0	0
0	0	0	0	0	0	0	0	0	0	0	0	0	0.844464209086813	0.802961033296778	0	0	0	0	0	0	0	0	0	0	0	0	0	0	0	0	0	0.929908582457656	0	0	0	0	0	0	0	0	0	0	0	0	0	0	0	0.565517422449932	0	0	0	0.856329684151933	0	0	0	0	0	0	0	0	0	0	0	0	0	0	0	0	0	0	0	0	0	0	0	0	0	0	0	0	0	0	0	0	0	0	0	0	0
0	0	0	0	0	0	0	0	0	0	0	0	0	0	0	0	0	0	0	0	0	0	0	0	0	0	0	0	0	0	0	0	0	0	0	0	0	0.663712902061433	0	0	0.833193532424478	0	0	0	0	0	0	0	0	0	0	0	0	0	0	0	0	0	0	0	0	0	0	0	0	0	0	0	0	0	0	0	0	0	0	0	0	0	0.961433560311996	0	0	0	0	0	0	0	0	0	0	0
0	0	0	0	0	0	0	0	0	0	0	0	0	0	0	0	0	0	0	0	0	0	0	0	0	0	0	0	0	0	0	0	0	0	0	0	0	0	0	0	0	0	0.686513276282441	0	0	0	0	0	0	0	0	0	0	0	0	0	0	0	0	0	0	0	0	0	0	0	0	0	0	0	0	0	0	0	0	0	0	0	0	0	0	0	0.902677300970219	0	0	0	0	0	0	0
0	0	0	0	0	0	0	0	0	0	0	0	0	0	0	0	0	0	0	0	0	0	0	0	0	0	0	0	0	0	0	0	0	0	0	0	0	0	0	0	0	0	0	0	0	0	0	0	0.869371697297685	0.850050686666563	0	0	0	0	0	0	0	0	0	0	0	0	0	0	0.913973282976795	0	0	0	0	0	0	0	0	0	0	0	0	0	0	0	0	0	0	0	0	0	0	0	0	0
0	0.727733412349215	0	0	0	0	0	0	0	0	0	0	0	0	0	0	0	0	0	0	0	0	0	0	0	0	0	0	0	0.620463175236314	0	0	0	0	0	0	0	0	0	0	0	0	0	0	0	0.941303050451944	0	0	0	0	0	0	0	0	0	0	0	0	0	0	0	0	0	0	0	0	0	0	0	0	0	0	0	0	0	0	0	0	0	0	0	0	0.887416488270055	0	0.697836390720191	0	0	0	0.782189533760518	0
0	0	0	0	0	0	0	0	0	0	0	0.961062954812571	0	0	0	0	0	0	0	0	0	0	0	0	0	0	0	0	0	0	0	0	0	0	0	0	0	0	0.775074152631688	0	0	0	0	0	0	0	0	0	0	0	0	0	0	0	0	0	0	0	0	0	0	0	0	0	0	0.978561849558866	0	0	0	0	0	0	0	0	0	0	0	0	0	0.953672452776753	0	0	0	0.560571255186736	0	0	0	0	0	0
0	0	0	0	0	0	0	0	0	0	0	0	0	0	0	0	0	0	0	0	0	0	0	0	0.781876537763569	0	0	0	0	0	0	0	0	0	0.942684279389336	0	0	0	0	0.743526575200156	0	0	0	0	0	0	0.827228632145008	0	0	0	0	0	0	0	0	0	0	0	0	0	0	0	0	0	0	0	0	0	0	0	0	0	0	0	0	0	0	0	0	0	0	0	0	0	0	0	0	0	0	0
0	0	0	0	0	0	0	0	0	0	0.891935650093437	0	0	0	0	0	0	0	0	0	0	0	0	0	0	0	0	0	0	0	0	0	0	0	0	0	0	0	0	0	0	0	0	0	0	0	0	0	0	0	0	0	0	0	0.753055878441742	0	0	0	0	0	0	0	0	0	0	0	0	0	0	0	0	0	0.927549021286434	0	0	0	0	0	0	0	0	0	0	0	0	0	0	0	0	0
0	0	0	0	0	0	0	0	0	0	0	0.895881882989892	0	0	0	0	0	0	0	0	0	0	0	0	0	0	0	0	0	0	0	0	0	0	0	0	0	0	0	0	0	0	0	0	0	0	0	0	0	0	0	0	0	0	0	0	0	0	0	0	0	0	0	0	0	0	0	0	0	0	0.693312282669432	0	0	0	0	0	0	0	0	0	0	0	0	0	0	0	0	0	0	0
0	0	0	0	0	0	0	0	0	0	0	0	0	0	0	0	0	0	0	0	0	0.781876537763569	0	0	0	0	0.997933845999323	0	0	0	0	0	0	0	0	0	0	0	0	0	0	0	0	0	0	0	0	0	0	0	0	0	0	0	0	0	0	0	0	0	0	0	0	0	0	0	0	0	0	0	0	0	0	0	0	0	0	0	0	0	0	0	0	0	0	0	0	0	0	0
0	0	0	0	0	0	0	0	0.909055240589008	0	0	0	0	0	0	0	0	0	0	0	0	0	0	0	0	0	0	0	0	0	0.839535832614029	0	0	0	0	0	0	0	0	0	0	0	0	0	0	0	0	0	0	0	0	0.872753909172995	0	0	0	0	0	0	0	0	0	0	0	0	0	0	0	0	0	0	0	0	0	0	0	0	0	0	0	0	0.922692026313012	0	0	0	0	0	0	0	0	0
0	0	0	0	0	0	0	0	0	0	0	0	0	0	0	0	0	0	0	0	0	0	0	0	0.997933845999323	0	0	0	0	0	0	0	0	0	0	0	0	0	0	0	0	0	0	0	0	0	0	0	0	0	0	0	0	0	0	0	0	0.664873890092562	0	0	0	0	0.876559294560883	0	0	0	0	0	0	0	0	0	0	0	0	0	0	0	0	0	0.99586635028204	0	0	0	0	0	0	0	0	0
0	0	0	0	0	0	0	0	0	0	0	0	0.718162952345293	0	0	0	0	0	0	0	0	0	0	0	0	0	0	0	0.76848213804404	0	0	0	0	0	0	0	0	0	0	0	0	0	0	0	0	0	0	0	0	0	0	0	0	0	0	0	0	0	0	0	0	0	0	0	0	0	0	0	0	0	0	0	0.874815172838677	0	0	0	0	0	0	0	0	0.95971075839599	0	0	0	0	0	0.917925706924094	0	0
0	0	0	0	0	0	0	0	0	0	0	0	0	0	0.948481104293737	0	0	0	0	0	0	0	0	0	0	0	0	0.76848213804404	0	0	0	0	0	0	0	0	0	0	0.818881500447809	0	0	0	0	0	0	0	0	0	0.798760520486927	0	0.945614796745891	0	0	0	0	0	0	0	0	0	0	0	0	0	0	0	0	0	0	0	0	0	0	0	0	0	0	0	0	0	0	0	0	0	0	0	0	0	0	0
0	0	0.819213961703428	0	0	0	0	0	0	0	0	0	0	0	0	0	0	0	0	0.620463175236314	0	0	0	0	0	0	0	0	0	0	0	0	0	0	0	0	0	0	0	0	0	0	0	0	0.894977213086143	0	0	0	0	0	0	0	0	0	0	0	0	0	0	0	0	0	0	0	0	0	0	0.662111570627078	0	0	0.739419533667525	0	0	0	0	0	0	0	0	0	0	0	0	0	0	0	0	0	0.986929268620784	0
0	0	0	0.762306438804244	0	0	0	0	0	0	0	0	0	0	0	0	0	0	0	0	0	0	0	0	0	0.839535832614029	0	0	0	0	0	0	0	0.762015262419289	0	0	0	0	0	0	0	0	0	0	0	0	0	0	0	0	0	0	0	0	0	0	0	0	0	0	0	0	0	0	0	0	0	0	0	0	0	0	0	0	0	0	0.902668440623932	0	0	0	0	0	0	0	0	0	0	0	0	0
0	0	0	0	0	0	0	0	0	0	0	0	0	0	0	0	0	0	0	0	0	0	0	0	0	0	0	0	0	0	0	0	0.848665516672575	0.984837283471869	0	0	0	0	0	0	0	0	0	0	0	0	0	0	0	0	0	0	0	0	0	0	0	0	0	0	0	0	0	0	0	0	0	0	0	0	0	0	0	0	0.964845734029835	0	0	0	0	0	0	0	0	0	0	0	0	0	0	0
0	0	0	0	0	0	0	0	0	0	0	0	0	0	0	0.929908582457656	0	0	0	0	0	0	0	0	0	0	0	0	0	0	0	0.848665516672575	0	0	0	0	0	0	0	0	0	0	0	0	0	0	0	0	0	0	0	0.793041976041685	0	0	0	0	0	0	0	0	0	0	0	0	0	0	0	0	0	0	0	0	0	0	0	0	0	0	0	0	0	0	0	0	0	0	0	0	0	0
0.698771062872845	0	0	0	0	0	0	0	0	0	0	0	0	0	0	0	0	0	0	0	0	0	0	0	0	0	0	0	0	0	0.762015262419289	0.984837283471869	0	0	0	0	0	0	0	0	0	0	0	0	0	0	0	0	0	0	0	0	0	0	0	0	0	0	0	0	0	0	0	0	0	0	0	0	0	0	0	0	0	0	0	0	0	0	0	0	0	0	0	0	0	0	0	0	0	0
0	0	0	0	0	0	0.978613528642077	0	0	0	0	0	0	0	0	0	0	0	0	0	0	0.942684279389336	0	0	0	0	0	0	0	0	0	0	0	0	0	0	0	0	0	0	0	0	0	0	0	0	0	0	0	0	0.865472382191612	0	0	0	0	0	0	0	0	0	0	0	0	0	0	0	0	0	0	0	0	0	0	0	0	0	0	0	0	0	0	0	0	0	0	0	0	0	0	0
0	0	0	0	0	0	0	0	0	0	0	0	0	0	0	0	0	0	0	0	0	0	0	0	0	0	0	0	0	0	0	0	0	0	0	0	0	0.990947938895554	0.996900236846202	0	0	0	0	0	0	0	0	0	0	0	0	0	0	0	0	0	0	0	0	0	0	0	0	0	0	0	0	0	0	0	0	0	0	0	0	0	0	0	0	0	0	0	0	0	0	0	0	0	0	0.894458972959894
0	0	0	0	0	0	0	0	0	0	0	0	0	0	0.762279800010799	0	0	0	0	0	0	0	0	0	0	0	0	0	0	0	0	0	0	0	0	0	0	0	0	0	0	0	0	0.967632363420398	0.981394614492395	0	0	0	0	0	0	0	0	0	0	0	0.912556095315201	0	0	0	0	0	0	0	0	0	0	0	0	0	0	0	0	0	0	0	0	0	0	0	0	0	0	0	0	0	0	0	0	0.717770391719284
0	0	0	0	0	0	0	0	0	0	0	0	0	0	0	0	0.663712902061433	0	0	0	0	0	0	0	0	0	0	0	0	0	0	0	0	0	0	0.990947938895554	0	0	0.844170954491002	0	0	0	0	0	0	0	0	0	0	0	0	0	0	0	0	0	0	0	0	0	0	0	0	0	0	0	0	0	0.94323020678797	0	0	0	0	0	0	0	0	0	0	0	0	0	0	0	0	0	0	0	0	0
0	0	0	0	0.645435485825134	0	0	0	0	0	0	0	0	0	0	0	0	0	0	0	0.775074152631688	0	0	0	0	0	0	0	0.818881500447809	0	0	0	0	0	0	0.996900236846202	0	0.844170954491002	0	0	0	0	0	0	0	0.832135276662206	0	0	0	0	0	0	0	0	0	0	0	0	0	0	0	0	0	0	0	0	0	0	0	0	0	0	0	0	0	0	0	0	0	0	0	0	0	0	0	0	0	0	0	0
0	0	0	0	0	0	0	0	0	0	0	0	0	0	0	0	0	0	0	0	0	0.743526575200156	0	0	0	0	0	0	0	0	0	0	0	0	0	0	0	0	0	0	0	0	0	0	0	0	0	0	0	0	0	0	0	0	0	0	0	0	0	0	0	0	0	0	0	0	0	0	0	0	0	0	0	0	0	0	0	0	0	0	0	0	0	0	0.782252590507822	0	0	0	0	0
0	0	0	0	0	0.578722228359807	0	0	0	0	0	0	0	0	0	0	0.833193532424478	0	0	0	0	0	0	0	0	0	0	0	0	0	0	0	0	0	0	0	0	0	0	0	0	0	0.937416605691787	0.795894923664944	0	0.885133599561328	0	0	0	0	0	0	0	0	0	0	0	0	0	0	0	0	0	0	0	0	0	0	0	0	0	0	0	0	0	0	0	0	0	0.950019380189148	0	0	0	0	0	0	0	0	0	0
0	0	0	0	0	0	0	0	0	0	0	0	0	0	0	0	0	0	0	0	0	0	0	0	0	0	0	0	0	0	0	0	0	0	0	0	0	0	0	0	0	0	0.852668957507215	0	0	0	0	0	0	0	0	0	0	0	0	0	0	0	0	0	0	0	0	0	0	0	0	0	0	0	0	0	0	0	0	0	0	0	0	0	0	0	0	0	0	0	0	0	0	0.788476211789042
0	0	0	0	0	0	0	0	0	0	0	0	0	0.623065071151932	0	0	0	0.686513276282441	0	0	0	0	0	0	0	0	0	0	0	0	0	0	0	0	0	0	0	0	0	0	0.937416605691787	0.852668957507215	0	0	0	0	0	0	0	0	0	0	0	0	0	0	0	0	0	0	0	0	0	0	0	0	0	0	0	0	0	0	0	0	0	0	0	0	0	0	0	0	0	0	0	0	0	0.705607760104403	0	0
0	0	0	0	0	0	0	0	0	0	0	0	0	0	0	0	0	0	0	0	0	0	0	0	0	0	0	0	0	0	0	0	0	0	0	0	0.967632363420398	0	0	0	0.795894923664944	0	0	0	0	0	0	0	0	0	0	0	0	0	0	0	0	0	0	0	0	0	0	0	0.968125031533502	0	0	0	0	0	0	0	0	0	0	0.567735507593265	0	0	0	0	0	0	0	0	0	0	0	0	0	0
0	0	0	0	0	0	0	0	0	0	0.798307272157637	0	0	0	0	0	0	0	0	0	0	0	0	0	0	0	0	0	0	0.894977213086143	0	0	0	0	0	0	0.981394614492395	0	0	0	0	0	0	0	0	0	0	0	0	0	0	0	0	0.810747560979695	0	0	0	0	0	0	0	0	0	0	0	0	0	0	0	0	0	0	0	0	0	0.984906194025045	0	0	0.81525075420422	0	0	0	0	0	0	0	0	0.942992901383352	0	0
0	0	0	0	0	0	0	0	0	0	0	0	0	0	0	0	0	0	0	0.941303050451944	0	0	0	0	0	0	0	0	0	0	0	0	0	0	0	0	0	0	0.832135276662206	0	0.885133599561328	0	0	0	0	0	0	0	0.723331096235585	0	0	0	0	0	0	0	0	0	0	0	0	0	0	0	0	0	0	0	0	0	0	0	0	0	0	0	0	0	0	0	0	0	0	0	0	0	0	0	0	0
0	0	0	0	0	0	0	0	0	0	0	0	0	0	0	0	0	0	0	0	0	0.827228632145008	0	0	0	0	0	0	0	0	0	0	0	0	0	0	0	0	0	0	0	0	0	0	0	0	0	0	0	0	0	0	0	0	0	0.812207801057693	0	0	0	0	0	0	0	0	0	0	0	0	0	0	0	0	0	0	0	0	0.903105963114844	0	0	0	0	0	0	0	0.862848926341402	0	0	0	0	0
0	0	0	0	0	0	0	0	0.57184607264656	0	0	0	0	0	0	0	0	0	0	0	0	0	0	0	0	0	0	0	0	0	0	0	0	0	0	0	0	0	0	0	0	0	0	0	0	0	0	0	0	0	0	0.997932700773882	0	0	0	0.907351185219466	0	0	0.760802102180437	0	0	0	0	0	0	0	0	0	0	0	0	0	0	0	0	0	0	0	0	0	0	0	0	0	0	0	0.856442035212319	0	0	0
0	0	0	0	0	0	0	0	0	0	0	0	0	0	0	0.565517422449932	0	0	0.869371697297685	0	0	0	0	0	0	0	0	0	0.798760520486927	0	0	0	0	0	0	0	0	0	0	0	0	0	0	0	0	0.723331096235585	0	0	0	0	0	0	0	0	0	0	0	0	0	0	0	0	0	0	0	0	0	0	0	0	0.768891292108833	0	0	0	0	0	0	0	0	0	0	0	0	0	0	0	0	0	0	0
0	0	0	0	0	0	0	0	0	0	0	0	0	0	0	0	0	0	0.850050686666563	0	0	0	0	0	0	0	0	0	0	0	0	0	0	0	0	0	0	0	0	0	0	0	0	0	0	0	0	0	0	0	0	0	0	0	0	0	0	0	0	0.72360365065258	0	0	0	0	0.972929221075176	0	0	0	0	0	0	0	0	0	0	0	0	0	0	0	0	0	0	0	0	0	0	0	0	0
0	0	0	0	0	0	0	0	0	0	0	0	0	0	0	0	0	0	0	0	0	0	0	0	0	0	0	0	0.945614796745891	0	0	0	0	0	0.865472382191612	0	0	0	0	0	0	0	0	0	0	0	0	0	0	0	0	0	0	0	0	0	0	0	0	0	0	0	0	0	0	0	0	0.985060051521472	0	0	0	0	0	0	0	0	0	0	0	0	0	0	0	0	0	0	0	0	0	0
0	0	0	0	0	0	0	0	0	0	0	0	0	0	0	0	0	0	0	0	0	0	0	0	0	0.872753909172995	0	0	0	0	0	0	0.793041976041685	0	0	0	0	0	0	0	0	0	0	0	0	0	0	0.997932700773882	0	0	0	0	0	0	0	0	0	0	0	0	0	0	0	0	0	0	0	0	0	0	0	0	0	0.792921402522673	0	0.924102430533696	0	0	0	0	0	0	0	0	0	0	0	0	0	0
0	0	0	0	0	0	0	0.911652306014707	0	0	0	0	0	0	0	0.856329684151933	0	0	0	0	0	0	0	0	0	0	0	0	0	0	0	0	0	0	0	0	0	0	0	0	0	0	0	0	0	0	0	0	0	0	0	0	0	0	0	0	0	0	0	0.785845855371866	0	0	0	0	0	0	0	0	0	0	0	0	0	0	0	0	0	0	0	0	0	0	0	0	0	0.927197754451344	0	0	0	0
0	0	0	0	0	0	0.858298948716508	0	0	0	0	0	0	0	0	0	0	0	0	0	0	0	0	0	0	0	0	0	0	0	0	0	0	0	0	0	0	0	0	0	0	0	0	0	0.810747560979695	0	0	0	0	0	0	0	0	0	0.697126754962451	0	0	0	0	0	0	0	0	0	0	0	0	0	0	0	0	0	0	0	0	0	0	0	0	0	0	0	0	0	0	0	0	0	0	0
0.965887472130224	0	0	0	0	0	0	0.954194271653455	0	0	0	0	0	0	0	0	0	0	0	0	0	0	0.753055878441742	0	0	0	0	0	0	0	0	0	0	0	0	0	0	0	0	0	0	0	0	0	0	0	0	0	0	0	0	0	0	0.697126754962451	0	0	0	0	0	0	0	0	0	0	0	0	0.778680879315091	0	0	0	0	0	0	0	0	0	0	0	0	0	0	0	0	0	0	0	0	0	0	0
0	0	0	0	0	0	0	0	0	0	0	0	0	0	0	0	0	0	0	0	0	0	0	0	0	0	0	0	0	0	0	0	0	0	0	0	0	0	0	0	0	0	0	0	0	0	0.812207801057693	0.907351185219466	0	0	0	0	0	0	0	0	0	0.925256484020779	0	0	0	0	0	0	0	0	0	0	0.716073293395166	0	0	0	0	0	0	0	0	0	0	0	0	0	0	0	0	0	0	0	0	0
0	0	0	0	0	0	0	0	0	0	0.697978027011634	0	0	0	0	0	0	0	0	0	0	0	0	0	0	0	0	0	0	0	0	0	0	0	0	0	0.912556095315201	0	0	0	0	0	0	0	0	0	0	0	0	0	0	0	0	0	0	0	0	0	0	0	0	0	0	0	0	0	0	0	0	0	0	0	0	0	0	0	0	0	0	0	0	0	0	0.812445343368922	0	0	0	0	0	0
0	0	0	0	0.843970393913877	0.765876182510969	0	0	0	0	0	0	0	0	0	0	0	0	0	0	0	0	0	0	0	0	0.664873890092562	0	0	0	0	0	0	0	0	0	0	0	0	0	0	0	0	0	0	0	0	0	0	0	0	0	0	0	0	0.925256484020779	0	0	0.966281537173822	0	0	0	0	0	0	0	0	0	0.671196916845116	0.985538985437941	0	0	0	0	0	0	0	0	0	0	0	0	0	0	0.779526868759638	0	0	0	0	0
0	0	0	0	0	0	0	0	0	0	0	0	0	0	0	0	0	0	0	0	0	0	0	0	0	0	0	0	0	0	0	0	0	0	0	0	0	0	0	0	0	0	0	0	0	0	0	0.760802102180437	0	0	0	0	0	0	0	0	0	0.966281537173822	0	0	0	0	0	0	0	0	0	0	0	0	0	0	0	0	0	0	0	0	0	0	0	0.826197136704168	0	0	0	0	0	0	0	0
0	0	0	0	0	0	0	0	0	0.875734832740191	0	0	0	0	0	0	0	0	0	0	0	0	0	0	0	0	0	0	0	0	0	0	0	0	0	0	0	0	0	0	0	0	0	0	0	0	0	0	0	0.72360365065258	0	0	0.785845855371866	0	0	0	0	0	0	0	0	0	0	0	0	0	0	0	0	0	0	0	0	0	0	0	0	0	0	0	0	0	0	0	0	0	0	0	0	0
0	0	0	0	0	0	0	0	0	0	0	0	0	0	0	0	0	0	0	0	0	0	0	0	0	0	0	0	0	0	0	0	0	0	0	0	0	0	0	0	0	0	0	0	0	0	0	0	0	0	0	0	0	0	0	0	0	0	0	0	0	0.950491277691854	0	0	0	0.929567445006038	0	0	0	0	0	0	0	0	0	0	0	0	0	0	0	0	0	0	0	0	0	0.887538382179063	0	0
0	0	0	0	0	0	0	0	0	0	0	0	0	0	0	0	0	0	0	0	0	0	0	0	0	0	0	0	0	0	0	0	0	0	0	0	0	0	0	0	0	0	0	0	0	0	0	0	0	0	0	0	0	0	0	0	0	0	0	0	0.950491277691854	0	0	0.723563669318786	0	0	0	0	0	0	0	0	0	0	0	0.584203033266024	0	0	0	0	0	0	0	0	0	0	0	0	0	0
0	0	0	0	0	0	0	0	0	0	0	0	0	0	0	0	0	0	0	0	0	0	0	0	0	0	0.876559294560883	0	0	0	0	0	0	0	0	0	0	0	0	0	0	0	0	0	0	0	0	0	0	0	0	0	0	0	0	0	0	0	0	0	0	0	0	0.925984776291763	0	0	0	0	0	0	0	0	0	0	0	0	0	0	0	0	0	0	0	0	0	0	0	0	0	0
0	0	0	0	0	0	0	0	0	0	0	0	0	0	0	0	0	0	0	0	0	0	0	0	0	0	0	0	0	0	0	0	0	0	0	0	0	0	0	0	0	0	0	0	0	0	0	0	0	0	0	0	0	0	0	0	0	0	0	0	0	0.723563669318786	0.925984776291763	0	0.878288088932131	0.769864925516276	0	0	0	0	0	0	0	0	0	0	0	0	0	0	0	0.979550509562573	0	0	0	0	0	0	0	0
0	0	0	0	0	0	0	0	0	0	0	0	0	0	0	0	0	0	0.913973282976795	0	0	0	0	0	0	0	0	0	0	0	0	0	0	0	0	0	0	0	0	0	0	0	0	0.968125031533502	0	0	0	0	0	0.972929221075176	0	0	0	0	0	0	0	0	0	0	0	0	0	0.878288088932131	0	0	0	0	0	0	0	0	0	0	0	0	0	0	0	0	0	0	0	0	0	0	0	0	0	0
0	0	0	0	0	0	0	0	0	0	0	0	0	0	0	0	0	0	0	0	0.978561849558866	0	0	0	0	0	0	0	0	0	0	0	0	0	0	0	0	0	0	0	0	0	0	0	0	0	0	0	0	0	0	0	0	0	0	0	0	0	0	0	0.929567445006038	0	0	0.769864925516276	0	0	0	0.963928291752843	0	0	0	0	0	0	0	0	0	0	0	0	0	0	0	0	0	0	0	0	0	0
0	0	0	0	0	0	0.889857821636778	0	0	0	0	0	0	0	0	0	0	0	0	0	0	0	0	0	0	0	0	0	0	0	0	0	0	0	0	0	0	0	0	0	0	0	0	0	0	0	0	0	0	0	0	0	0	0	0.778680879315091	0	0	0	0	0	0	0	0	0	0	0	0	0	0.718395673641454	0	0	0	0.894110302671946	0	0	0	0	0	0	0	0	0	0	0	0	0	0	0	0	0
0	0	0	0	0	0	0	0	0	0	0	0	0	0	0	0	0	0	0	0	0	0	0	0	0	0	0	0	0	0.662111570627078	0	0	0	0	0	0	0	0	0	0	0	0	0	0	0	0	0	0	0	0	0.985060051521472	0	0	0	0	0	0	0	0	0	0	0	0	0	0	0.963928291752843	0	0	0	0	0	0	0	0	0	0	0	0	0	0	0	0	0	0	0	0.904142985140567	0.909777102612663	0	0	0
0	0	0	0	0	0	0	0	0	0	0	0	0	0	0	0	0	0	0	0	0	0	0	0	0	0	0	0	0	0	0	0	0	0	0	0	0	0.94323020678797	0	0	0	0	0	0	0	0	0	0	0	0	0	0	0	0	0	0.716073293395166	0	0.671196916845116	0	0	0	0	0	0	0	0	0.718395673641454	0	0	0	0	0	0	0	0	0	0	0	0	0	0	0	0	0	0	0	0	0	0	0
0	0	0	0	0	0	0	0	0	0	0	0	0	0	0	0	0	0	0	0	0	0	0	0	0	0	0	0	0	0	0	0	0	0	0	0	0	0	0	0	0	0	0	0	0	0	0	0	0	0	0	0	0	0	0	0	0	0.985538985437941	0	0	0	0	0	0	0	0	0	0	0	0	0	0	0	0.850002041117761	0	0	0	0	0	0	0	0	0	0.746073962588412	0	0	0	0	0	0
0	0	0	0	0	0	0	0	0	0	0	0	0	0	0	0	0	0	0	0	0	0	0	0.693312282669432	0	0	0	0	0	0.739419533667525	0	0	0	0	0	0	0	0	0	0	0	0	0	0	0	0	0	0	0.768891292108833	0	0	0	0	0	0	0	0	0	0	0	0	0	0	0	0	0	0	0	0	0	0	0	0	0	0	0	0	0	0	0	0	0	0	0	0	0	0	0	0	0
0	0	0	0	0	0	0	0	0	0	0	0	0	0	0.640829059953167	0	0	0	0	0	0	0	0	0	0	0	0	0	0	0	0	0	0	0	0	0	0	0	0	0	0	0	0	0	0	0	0	0	0	0	0	0	0	0	0	0	0	0	0	0	0	0	0	0	0	0	0	0	0	0	0	0	0	0	0	0	0	0	0	0	0	0	0	0	0	0	0	0	0.703579702252992	0
0	0	0.788716401771412	0.959607807778246	0	0	0	0	0	0	0	0	0	0	0	0	0	0	0	0	0	0	0.927549021286434	0	0	0	0	0.874815172838677	0	0	0	0	0	0	0	0	0	0	0	0	0	0	0	0	0	0	0	0	0	0	0	0	0	0	0	0	0	0	0	0	0	0	0	0	0	0	0.894110302671946	0	0	0	0	0	0	0	0.928996294783815	0	0	0	0	0	0	0	0	0	0	0	0	0	0	0
0	0	0	0	0	0	0	0	0	0	0	0	0	0	0	0	0	0	0	0	0	0	0	0	0	0	0	0	0	0	0	0	0	0	0	0	0	0	0	0	0	0	0	0	0	0	0	0	0	0	0	0.792921402522673	0	0	0	0	0	0	0	0	0	0	0	0	0	0	0	0	0	0.850002041117761	0	0	0	0	0	0.911073508183003	0	0	0	0	0	0	0	0	0	0	0	0	0	0
0	0	0	0	0	0	0	0	0.991755108650905	0	0	0	0	0	0	0	0	0	0	0	0	0	0	0	0	0	0	0	0	0	0	0.964845734029835	0	0	0	0	0	0	0	0	0	0	0	0	0	0	0	0	0	0	0	0	0	0	0	0	0	0	0	0	0	0	0	0	0	0	0	0	0	0	0	0	0.928996294783815	0	0	0	0	0	0	0	0	0	0	0	0	0	0	0	0	0
0	0	0	0	0	0	0	0	0	0	0	0	0	0	0	0	0	0	0	0	0	0	0	0	0	0	0	0	0	0	0	0	0	0	0	0	0	0	0	0	0	0	0	0.567735507593265	0.984906194025045	0	0	0	0	0	0	0.924102430533696	0	0	0	0	0	0	0	0	0	0.584203033266024	0	0	0	0	0	0	0	0	0	0	0	0.911073508183003	0	0	0	0	0	0	0	0	0	0	0	0	0	0	0	0
0	0	0	0	0	0	0	0	0	0	0	0	0	0	0	0	0	0	0	0	0	0	0	0	0	0	0	0	0	0	0.902668440623932	0	0	0	0	0	0	0	0	0	0	0	0	0	0	0	0.903105963114844	0	0	0	0	0	0	0	0	0	0	0	0	0	0	0	0	0	0	0	0	0	0	0	0	0	0	0	0	0	0	0	0	0	0	0	0	0	0	0	0	0	0	0
0.929112103978115	0	0	0	0	0	0	0	0.80872077513649	0	0	0	0	0	0	0	0	0	0	0	0	0	0	0	0	0	0	0	0	0	0	0	0	0	0	0	0	0	0	0	0	0	0	0	0	0	0	0	0	0	0	0	0	0	0	0	0	0	0	0	0	0	0	0	0	0	0	0	0	0	0	0	0	0	0	0	0	0	0	0	0	0	0	0	0	0	0.815276839529677	0	0	0
0	0	0	0	0	0	0	0	0	0	0	0	0	0	0	0	0.961433560311996	0	0	0	0	0	0	0	0	0	0	0	0	0	0	0	0	0	0	0	0	0	0	0	0	0	0	0	0.81525075420422	0	0	0	0	0	0	0	0	0	0	0	0	0	0	0	0	0	0	0	0	0	0	0	0	0	0	0	0	0	0	0	0	0	0	0	0.655612416200055	0	0	0	0	0	0	0	0	0
0	0	0	0	0	0	0	0	0	0	0	0	0	0	0	0	0	0	0	0	0.953672452776753	0	0	0	0	0	0	0	0	0	0	0	0	0	0	0	0	0	0	0	0.950019380189148	0	0	0	0	0	0	0	0	0	0	0	0	0	0	0	0	0	0	0	0	0	0	0	0	0	0	0	0	0	0	0	0	0	0	0	0	0	0	0	0.835186244475454	0	0.851755049475745	0	0	0	0	0	0	0
0	0	0	0	0	0	0	0	0	0	0	0	0	0	0	0	0	0	0	0	0	0	0	0	0	0.922692026313012	0.99586635028204	0	0	0	0	0	0	0	0	0	0	0	0	0	0	0	0	0	0	0	0	0	0	0	0	0	0	0	0	0	0	0	0	0	0	0	0	0	0	0	0	0	0	0	0	0	0	0	0	0	0	0	0.655612416200055	0.835186244475454	0	0	0.939642950034473	0	0	0.744895504839301	0	0	0	0
0	0	0	0	0	0	0	0	0	0	0	0.677517000975104	0	0	0	0	0	0	0	0	0	0	0	0	0	0	0	0.95971075839599	0	0	0	0	0	0	0	0	0	0	0	0	0	0	0	0	0	0	0	0	0	0	0	0	0	0	0	0	0	0	0.826197136704168	0	0	0	0	0.979550509562573	0	0	0	0	0	0	0	0	0	0	0	0	0	0	0	0	0	0	0	0	0	0	0	0	0	0
0	0	0	0	0	0	0	0.932268905266104	0.920376892062038	0	0	0	0	0	0	0	0	0.902677300970219	0	0.887416488270055	0	0	0	0	0	0	0	0	0	0	0	0	0	0	0	0	0	0	0	0	0	0	0	0	0	0	0	0	0	0	0	0	0	0	0	0	0	0	0	0	0	0	0	0	0	0	0	0	0	0	0	0	0	0	0	0	0	0	0	0.851755049475745	0.939642950034473	0	0	0	0	0	0	0	0	0
0	0	0	0	0	0	0	0	0	0	0	0	0.866473264433006	0	0	0	0	0	0	0	0.560571255186736	0	0	0	0	0	0	0	0	0	0	0	0	0	0	0	0	0	0	0	0	0	0	0	0	0	0	0	0	0	0	0	0	0	0	0	0.812445343368922	0	0	0	0	0	0	0	0	0	0	0	0	0.746073962588412	0	0	0	0	0	0	0	0	0	0	0	0	0	0	0	0	0	0	0	0
0	0	0	0	0	0	0	0	0	0	0	0	0	0	0	0	0	0	0	0.697836390720191	0	0	0	0	0	0	0	0	0	0	0	0	0	0	0	0	0	0	0	0.782252590507822	0	0	0	0	0	0	0.862848926341402	0	0	0	0	0	0	0	0	0	0	0.779526868759638	0	0	0	0	0	0	0	0	0	0	0	0	0	0	0	0	0	0	0	0	0	0	0	0	0	0	0	0	0.950755463056976	0	0	0
0	0	0	0	0	0	0	0	0	0	0	0	0	0	0	0	0	0	0	0	0	0	0	0	0	0	0	0	0	0	0	0	0	0	0	0	0	0	0	0	0	0	0	0	0	0	0	0	0	0	0	0	0.927197754451344	0	0	0	0	0	0	0	0	0	0	0	0	0	0	0.904142985140567	0	0	0	0	0	0	0	0	0	0	0	0	0.744895504839301	0	0	0	0	0	0	0.640716431543056	0	0
0	0	0	0	0	0	0	0	0	0	0	0	0	0	0	0	0	0	0	0	0	0	0	0	0	0	0	0	0	0	0	0	0	0	0	0	0	0	0	0	0	0	0	0	0	0	0	0.856442035212319	0	0	0	0	0	0	0	0	0	0	0	0	0	0	0	0	0	0	0	0.909777102612663	0	0	0	0	0	0	0	0	0	0.815276839529677	0	0	0	0	0	0	0.950755463056976	0	0	0	0	0
0	0	0	0.872921338430494	0	0	0	0	0	0	0	0	0	0	0	0	0	0	0	0	0	0	0	0	0	0	0	0.917925706924094	0	0	0	0	0	0	0	0	0	0	0	0	0	0	0.705607760104403	0	0.942992901383352	0	0	0	0	0	0	0	0	0	0	0	0	0	0	0	0.887538382179063	0	0	0	0	0	0	0	0	0	0	0	0	0	0	0	0	0	0	0	0	0	0	0	0	0.640716431543056	0	0	0	0
0.52518283544998	0	0	0	0	0	0	0	0	0	0	0	0	0	0	0	0	0	0	0.782189533760518	0	0	0	0	0	0	0	0	0	0.986929268620784	0	0	0	0	0	0	0	0	0	0	0	0	0	0	0	0	0	0	0	0	0	0	0	0	0	0	0	0	0	0	0	0	0	0	0	0	0	0	0	0	0	0.703579702252992	0	0	0	0	0	0	0	0	0	0	0	0	0	0	0	0	0	0
0.945738263385117	0	0	0	0	0	0	0	0	0	0	0	0	0	0	0	0	0	0	0	0	0	0	0	0	0	0	0	0	0	0	0	0	0	0	0.894458972959894	0.717770391719284	0	0	0	0	0.788476211789042	0	0	0	0	0	0	0	0	0	0	0	0	0	0	0	0	0	0	0	0	0	0	0	0	0	0	0	0	0	0	0	0	0	0	0	0	0	0	0	0	0	0	0	0	0	0	0	0
