0	0	0.948370772046645	0	0	0	0	0.66166339354965	0	0	0	0	0	0	0	0	0	0	0	0	0	0	0	0	0	0	0	0	0	0	0	0	0	0	0	0	0	0	0	0	0	0	0	0	0	0	0	0	0	0	0	0	0	0	0	0.611577054097913	0	0	0	0	0	0	0	0	0	0	0	0	0	0	0	0	0	0	0	0	0	0	0	0	0	0	0	0	0	0	0	0.93141461902859	0	0
0	0	0	0	0	0	0.839021730981468	0	0	0	0	0	0	0	0	0	0	0	0	0	0	0	0	0	0	0	0	0	0	0	0	0	0	0	0	0	0	0	0	0	0	0	0	0	0	0	0	0	0.755458213842346	0	0	0	0	0	0	0	0	0	0	0	0	0	0	0	0	0	0	0	0	0	0	0	0	0	0	0	0	0	0	0	0	0	0	0.55528058522213	0	0	0	0	0	0
0.948370772046645	0	0	0	0	0	0	0	0	0	0	0	0	0	0	0	0	0	0	0	0	0	0	0	0	0	0	0	0	0	0	0	0	0	0.590739940826904	0	0	0	0	0	0	0	0	0	0	0	0.746095435867908	0	0	0	0	0	0	0	0	0	0	0	0	0	0	0	0.706939161765357	0	0	0	0	0	0	0	0	0	0	0	0	0	0.681270126183302	0	0	0	0	0	0	0	0	0	0	0	0	0
0	0	0	0	0	0.906769745993716	0	0	0	0	0	0	0.660423544746321	0	0	0	0	0	0	0	0	0	0	0	0	0	0	0	0	0	0	0	0	0	0	0	0	0	0	0	0	0	0	0	0	0	0	0	0.858435870506828	0	0	0	0	0	0	0	0	0	0	0	0	0.737659909749361	0	0	0	0	0	0	0	0	0	0	0	0	0	0	0	0	0	0	0	0	0	0	0	0	0	0	0	0
0	0	0	0	0	0	0.953383343588531	0	0	0	0	0	0	0	0	0	0	0	0	0	0	0	0	0	0	0	0	0	0	0	0	0	0	0.831809560556087	0	0	0	0	0	0	0	0	0	0	0	0	0	0	0	0	0	0	0	0	0	0	0	0.77240254990145	0	0	0	0	0.768925977925672	0	0	0	0	0	0	0	0	0	0	0	0	0	0	0	0	0	0	0	0	0	0	0	0	0	0	0
0	0	0	0.906769745993716	0	0	0	0.93785934440322	0	0	0	0	0	0	0	0	0	0	0	0	0	0	0	0	0	0	0	0	0	0	0	0	0	0	0	0	0	0	0	0	0	0	0	0	0	0	0	0	0	0	0	0	0	0	0	0	0	0	0	0	0	0	0	0	0	0	0	0	0	0	0	0	0	0	0.720398526553778	0	0	0	0	0	0	0	0.905413815382694	0	0	0	0	0	0	0
0	0.839021730981468	0	0	0.953383343588531	0	0	0	0	0	0	0.873684220969636	0	0	0	0	0	0	0	0	0	0	0	0.999633496005858	0	0	0	0	0	0	0	0	0	0	0	0	0	0	0	0	0	0	0	0	0	0	0	0	0	0	0.795148406990332	0	0	0	0	0	0	0	0	0	0	0	0	0	0	0	0	0	0	0	0	0	0	0	0	0	0	0	0	0	0	0	0	0	0	0	0	0	0	0
0.66166339354965	0	0	0	0	0.93785934440322	0	0	0	0	0	0	0	0	0	0	0	0	0	0	0	0	0	0	0	0	0	0	0	0	0	0	0	0	0	0	0	0	0	0	0	0	0	0	0	0	0	0	0	0	0	0	0	0	0	0	0	0	0	0	0	0	0	0	0	0	0	0	0	0	0	0	0	0	0	0	0	0	0	0	0	0.844391051328094	0	0	0	0	0	0	0	0
0	0	0	0	0	0	0	0	0	0	0	0	0	0	0	0	0	0	0	0	0	0	0	0	0	0	0	0	0	0	0.570260693702439	0	0	0	0	0	0.920307642939339	0	0	0	0	0	0	0	0	0	0	0	0	0	0	0	0	0.979253194719398	0	0	0	0	0	0	0	0	0	0	0	0	0	0	0	0	0	0	0	0	0	0	0	0	0	0	0	0	0	0	0	0	0.774462450064075	0	0	0
0	0	0	0	0	0	0	0	0	0	0	0	0	0.922135397864684	0	0	0	0	0	0	0	0	0	0	0	0	0	0	0	0	0	0	0	0	0	0	0.661770884593184	0	0	0	0	0	0	0	0	0	0	0	0	0	0	0.909416375061861	0	0	0	0	0	0	0	0	0	0	0	0	0	0	0	0	0	0	0	0	0	0	0	0	0	0	0	0	0	0	0	0	0	0	0	0	0	0
0	0	0	0	0	0	0	0	0	0	0	0	0	0	0	0	0	0	0	0	0	0	0	0.977138546832412	0	0	0	0	0	0	0	0	0	0	0	0	0	0	0	0	0	0	0	0	0	0	0	0	0	0	0	0	0	0	0	0	0	0	0	0	0	0	0	0	0	0	0	0	0	0	0	0	0	0	0	0.648691436647694	0	0	0	0.81659486081538	0	0	0	0.678907736934221	0	0	0	0	0	0
0	0	0	0	0	0	0.873684220969636	0	0	0	0	0	0	0	0	0	0	0	0	0	0	0	0	0	0	0	0	0	0	0	0	0	0	0	0	0	0	0	0.723605997929858	0	0	0	0	0	0	0	0	0	0	0	0	0	0	0	0	0	0	0	0	0	0	0	0	0	0	0	0	0	0	0	0	0	0	0.822655946982159	0	0	0	0	0	0	0	0	0	0	0	0	0	0	0	0
0	0	0	0.660423544746321	0	0	0	0	0	0	0	0	0	0.983708189650045	0	0	0.908999080294451	0	0	0	0	0	0	0	0	0	0	0	0	0	0	0	0	0	0	0	0	0	0	0	0	0	0	0	0	0	0	0	0	0	0	0	0	0	0.752800552928557	0	0	0	0	0	0	0	0	0	0	0	0	0	0	0	0	0	0	0	0	0	0	0	0	0	0	0	0	0	0	0	0	0	0	0
0	0	0	0	0	0	0	0	0	0.922135397864684	0	0	0.983708189650045	0	0	0	0	0.777845615848348	0	0	0	0	0	0	0	0	0	0	0	0	0	0	0	0	0	0	0	0	0	0	0	0	0	0	0	0	0	0	0	0	0	0	0.570579923613365	0	0	0	0	0	0	0	0	0	0	0	0	0	0	0	0	0	0	0	0	0	0.906956655617254	0	0	0	0	0	0	0	0	0	0	0	0	0	0	0
0	0	0	0	0	0	0	0	0	0	0	0	0	0	0	0.836955486009099	0	0	0	0	0	0	0	0.608606617002962	0	0	0	0	0	0	0	0	0	0	0	0	0.979657032398993	0	0	0	0	0	0	0	0	0	0	0	0	0	0	0	0	0	0	0	0	0	0	0	0	0	0	0	0	0	0	0.877446924856157	0	0	0	0	0.716854784165347	0	0	0	0	0	0	0	0	0	0	0	0	0	0	0	0	0
0	0	0	0	0	0	0	0	0	0	0	0	0	0	0.836955486009099	0	0	0	0	0	0	0	0	0	0	0	0	0	0	0	0	0	0	0	0	0	0	0	0	0	0	0	0.83443361026659	0	0	0	0	0	0	0	0	0	0	0	0	0	0	0	0	0	0	0	0	0	0	0	0	0	0	0	0	0	0	0	0.717352983497928	0	0	0	0	0	0	0	0	0	0	0	0	0	0	0
0	0	0	0	0	0	0	0	0	0	0	0	0.908999080294451	0	0	0	0	0	0	0	0	0	0	0	0	0	0	0	0	0	0	0	0	0	0	0	0	0	0	0	0	0	0	0	0	0	0	0	0	0	0	0.786484669961146	0	0	0	0	0	0	0	0	0	0	0	0	0	0	0	0	0	0	0	0	0	0	0	0	0.92271293194592	0	0	0	0	0	0	0	0	0	0	0	0	0
0	0	0	0	0	0	0	0	0	0	0	0	0	0.777845615848348	0	0	0	0	0	0	0	0	0	0	0	0	0	0	0	0	0	0	0	0	0	0	0	0	0	0	0	0	0	0	0	0	0	0	0	0	0	0	0	0	0	0	0	0	0	0	0	0	0	0	0	0	0	0	0	0	0	0	0	0	0	0	0	0	0	0.847662455938766	0	0	0	0	0	0.721818332820125	0	0	0	0
0	0	0	0	0	0	0	0	0	0	0	0	0	0	0	0	0	0	0	0	0	0	0	0	0	0	0	0.690076857663501	0	0	0	0	0	0	0	0	0	0	0	0.943843876812843	0	0	0	0	0	0	0	0	0	0	0	0	0	0	0	0	0.983176570457581	0	0	0	0	0	0	0	0	0	0	0	0	0	0	0	0	0	0	0	0	0	0	0	0	0	0	0	0	0	0	0	0	0
0	0	0	0	0	0	0	0	0	0	0	0	0	0	0	0	0	0	0	0	0	0.994479002293518	0	0	0	0	0	0	0	0	0	0	0	0	0	0	0	0	0	0	0	0	0	0	0	0	0	0	0	0	0	0	0	0	0	0	0	0	0	0	0	0	0	0	0	0	0	0	0.74520022152787	0	0	0	0	0	0	0	0	0	0	0	0	0	0	0	0	0	0	0	0	0
0	0	0	0	0	0	0	0	0	0	0	0	0	0	0	0	0	0	0	0	0	0.594254524522891	0	0	0	0	0	0	0	0	0.8444189012878	0	0.966326919420301	0	0	0	0	0	0	0	0	0	0	0	0	0.932545050126752	0	0	0	0	0	0	0	0	0	0	0	0	0	0	0	0	0	0	0	0	0	0	0	0	0	0	0	0.85622309053016	0	0	0	0	0	0	0	0	0	0	0	0.657979527002574	0	0	0	0
0	0	0	0	0	0	0	0	0	0	0	0	0	0	0	0	0	0	0	0.994479002293518	0.594254524522891	0	0.993770513733583	0	0	0	0	0	0	0	0	0	0	0	0	0	0	0	0	0	0	0	0	0	0	0	0.787247567979046	0	0	0	0	0	0	0	0	0	0	0	0	0	0	0	0	0	0	0	0	0	0	0	0	0	0	0	0	0	0	0	0	0	0	0	0	0	0	0	0	0	0	0
0	0	0	0	0	0	0	0	0	0	0	0	0	0	0	0	0	0	0	0	0	0.993770513733583	0	0	0	0	0	0	0	0	0	0	0.966839314556385	0	0	0	0	0	0	0	0.788070034746445	0	0	0	0	0	0	0	0	0	0	0	0	0	0	0	0	0	0	0	0	0	0	0	0	0	0	0	0	0	0	0	0	0	0	0	0	0	0	0	0	0.816303614360697	0	0	0	0	0	0	0	0
0	0	0	0	0	0	0.999633496005858	0	0	0	0.977138546832412	0	0	0	0.608606617002962	0	0	0	0	0	0	0	0	0	0	0	0	0	0	0	0	0	0	0	0	0	0	0	0	0	0	0	0	0	0	0	0	0	0	0	0	0	0	0	0	0	0	0	0	0	0	0	0.98811290086809	0	0	0	0	0.826348567809922	0	0	0	0.856356024712782	0	0	0	0.833730239947453	0	0	0	0	0	0	0	0	0	0	0	0	0	0
0	0	0	0	0	0	0	0	0	0	0	0	0	0	0	0	0	0	0	0	0	0	0	0	0	0	0	0	0	0	0	0	0	0	0	0	0	0	0	0	0	0.593227323826643	0	0	0	0	0	0	0	0	0	0	0.833007331602188	0	0	0	0	0.994619764929793	0	0	0	0	0	0	0	0	0	0	0	0	0	0	0	0	0	0	0	0	0	0	0	0	0	0	0	0	0	0	0	0
0	0	0	0	0	0	0	0	0	0	0	0	0	0	0	0	0	0	0	0	0	0	0	0	0	0	0.722109905910986	0	0	0	0	0	0	0	0	0	0	0	0	0	0	0	0	0	0	0	0	0	0	0	0	0	0	0	0	0.811247344910121	0	0	0	0	0	0	0	0	0	0	0	0	0	0	0	0	0	0	0	0	0	0	0	0	0	0	0	0	0	0	0	0	0	0
0	0	0	0	0	0	0	0	0	0	0	0	0	0	0	0	0	0	0	0	0	0	0	0	0	0.722109905910986	0	0	0	0.861399659566755	0	0	0	0	0	0	0	0.726646535374302	0	0	0	0	0	0.860648753887087	0	0	0	0	0	0	0	0	0	0	0	0	0	0	0	0	0	0	0	0	0	0	0	0	0	0	0	0	0	0	0	0	0	0	0	0	0	0	0	0	0	0	0	0	0	0.930147305729364
0	0	0	0	0	0	0	0	0	0	0	0	0	0	0	0	0	0	0.690076857663501	0	0	0	0	0	0	0	0	0	0	0	0	0	0	0	0	0	0	0	0	0	0	0	0	0	0.877059113370686	0	0	0	0	0	0	0	0	0	0	0	0	0	0	0	0.964225531774669	0	0	0	0	0	0	0	0	0	0	0	0	0	0	0	0	0	0	0	0	0	0	0	0	0	0	0	0	0
0	0	0	0	0	0	0	0	0	0	0	0	0	0	0	0	0	0	0	0	0	0	0	0	0	0	0	0	0	0	0	0	0	0	0	0	0	0	0	0	0	0.984283885725835	0	0	0	0	0	0	0	0	0	0	0	0	0	0	0	0	0	0	0	0.791887254504866	0	0	0	0	0	0	0	0	0	0	0	0	0	0	0	0	0	0	0	0	0.899512523494396	0	0	0	0	0	0	0
0	0	0	0	0	0	0	0	0	0	0	0	0	0	0	0	0	0	0	0	0	0	0	0	0	0	0.861399659566755	0	0	0	0	0	0	0	0	0	0	0	0	0	0	0	0	0	0	0	0	0	0	0	0	0	0	0	0	0	0	0	0	0	0	0	0	0	0	0	0	0	0	0	0	0	0	0	0	0	0	0	0	0	0	0.902738017096322	0	0	0.65444414127429	0	0	0	0	0
0	0	0	0	0	0	0	0	0.570260693702439	0	0	0	0	0	0	0	0	0	0	0	0.8444189012878	0	0	0	0	0	0	0	0	0	0	0	0.842755144036536	0	0	0	0	0	0	0	0	0	0	0	0	0	0	0	0	0	0	0	0	0	0	0	0	0	0	0	0	0	0	0	0	0	0	0	0	0	0	0	0	0	0	0	0	0	0	0	0	0	0	0	0	0.813095787264265	0	0	0	0
0	0	0	0	0	0	0	0	0	0	0	0	0	0	0	0	0	0	0	0	0	0	0	0	0	0	0	0	0	0	0	0	0	0	0	0	0	0	0	0.865312081187426	0	0	0	0	0.994534170413427	0	0	0	0	0	0	0	0	0	0	0	0	0	0	0	0	0	0	0.952115498334906	0	0	0	0	0	0	0.597125097716876	0	0	0	0	0	0	0	0	0	0	0	0	0	0	0	0	0	0	0
0	0	0	0	0	0	0	0	0	0	0	0	0	0	0	0	0	0	0	0	0.966326919420301	0	0.966839314556385	0	0	0	0	0	0	0	0.842755144036536	0	0	0	0	0	0	0.6550591524757	0	0	0	0	0	0	0	0	0.981359656747512	0	0	0	0	0	0	0	0	0	0	0	0	0	0	0	0	0	0	0	0	0	0	0	0	0	0	0	0	0	0	0	0	0	0	0	0	0	0	0	0	0	0	0
0	0	0	0	0.831809560556087	0	0	0	0	0	0	0	0	0	0	0	0	0	0	0	0	0	0	0	0	0	0	0	0	0	0	0	0	0	0	0	0	0	0	0	0	0	0	0	0	0	0	0	0	0	0	0	0	0	0	0	0	0	0	0	0	0	0	0	0	0	0	0	0	0	0	0	0	0	0	0.69501925713673	0	0	0	0	0	0	0.909019682358978	0	0	0	0	0	0	0
0	0	0.590739940826904	0	0	0	0	0	0	0	0	0	0	0	0	0	0	0	0	0	0	0	0	0	0	0	0	0	0	0	0	0	0	0	0	0	0	0	0	0	0	0	0	0	0	0	0	0	0	0	0	0	0	0.710862764891803	0	0	0	0	0	0	0	0	0	0	0	0	0	0	0	0	0	0	0.818116259023053	0	0	0	0	0.632009986609325	0	0	0	0	0	0	0	0	0	0	0	0
0	0	0	0	0	0	0	0	0	0	0	0	0	0	0	0	0	0	0	0	0	0	0	0	0	0	0	0	0	0	0	0	0	0	0	0	0	0	0	0	0	0	0	0	0	0	0	0	0	0.747508451564202	0	0	0	0	0	0	0	0	0.733943488065772	0	0	0	0	0	0	0	0	0.943536324980199	0	0	0	0	0	0	0	0	0	0	0	0	0	0	0	0	0	0.982620371641342	0	0	0	0
0	0	0	0	0	0	0	0	0.920307642939339	0.661770884593184	0	0	0	0	0.979657032398993	0	0	0	0	0	0	0	0	0	0	0	0	0	0	0	0	0	0	0	0	0	0	0	0	0	0	0	0	0	0	0.785035666654224	0	0	0	0	0	0	0	0	0	0	0	0	0	0	0	0	0	0	0	0	0	0	0	0	0	0	0	0	0	0	0	0	0	0	0	0	0	0	0	0	0	0	0	0
0	0	0	0	0	0	0	0	0	0	0	0	0	0	0	0	0	0	0	0	0	0	0	0	0	0	0.726646535374302	0	0	0	0	0	0.6550591524757	0	0	0	0	0	0	0	0	0	0	0	0	0	0	0	0	0	0	0	0	0	0	0	0.956326174177079	0	0	0	0	0	0	0	0	0	0	0	0	0	0	0	0	0	0	0	0	0	0	0	0	0	0.827608412735044	0	0	0	0	0	0.792411009571556	0
0	0	0	0	0	0	0	0	0	0	0	0.723605997929858	0	0	0	0	0	0	0	0	0	0	0	0	0	0	0	0	0	0	0	0	0	0	0	0	0	0	0	0.866381367706949	0.97154670473333	0	0	0	0	0	0	0	0	0	0	0	0	0	0	0	0	0	0	0	0	0	0	0	0	0	0	0	0	0	0	0	0	0	0	0	0	0	0	0	0	0	0	0	0	0	0	0	0	0
0	0	0	0	0	0	0	0	0	0	0	0	0	0	0	0	0	0	0.943843876812843	0	0	0	0	0	0	0	0	0	0	0	0	0.865312081187426	0	0	0	0	0	0	0.866381367706949	0	0	0	0.678986218012446	0	0	0	0	0	0	0	0	0	0	0	0	0	0	0	0	0	0	0	0	0	0	0	0	0	0	0	0	0	0	0	0	0	0	0	0	0	0	0	0	0	0	0	0	0	0.652403294948016	0
0	0	0	0	0	0	0	0	0	0	0	0	0	0	0	0	0	0	0	0	0	0	0.788070034746445	0	0	0	0	0	0	0	0	0	0	0	0	0	0	0	0.97154670473333	0	0	0	0	0	0	0	0	0	0	0	0	0	0	0	0.747286754816454	0	0	0	0	0	0.979427248379514	0	0	0	0	0	0	0	0	0	0	0	0	0	0	0	0	0	0	0	0	0	0	0	0	0	0	0	0.605956511089336	0
0	0	0	0	0	0	0	0	0	0	0	0	0	0	0	0	0	0	0	0	0	0	0	0	0.593227323826643	0	0	0	0.984283885725835	0	0	0	0	0	0	0	0	0	0	0	0	0	0	0.800584698713925	0	0	0	0	0	0	0	0	0	0	0	0	0	0	0	0	0	0	0	0	0	0	0	0	0	0	0	0	0	0	0	0.549556213146292	0	0	0	0	0	0	0	0	0	0	0	0	0	0
0	0	0	0	0	0	0	0	0	0	0	0	0	0	0	0.83443361026659	0	0	0	0	0	0	0	0	0	0	0	0	0	0	0	0	0	0	0	0	0	0	0	0.678986218012446	0	0	0	0	0	0	0	0	0	0	0	0	0	0	0	0	0	0.936381135573689	0	0	0	0	0	0.797914035320642	0	0	0	0	0	0	0.707634971406613	0.981261003554826	0	0	0	0	0	0	0	0	0	0	0	0	0	0	0	0	0	0
0	0	0	0	0	0	0	0	0	0	0	0	0	0	0	0	0	0	0	0	0	0	0	0	0	0	0.860648753887087	0	0	0	0	0	0	0	0	0	0	0	0	0	0	0.800584698713925	0	0	0	0	0	0	0	0	0	0	0	0	0	0	0	0	0	0	0	0	0	0	0	0	0	0	0	0	0	0	0	0	0	0	0	0	0	0	0	0	0	0	0	0	0	0	0	0
0	0	0	0	0	0	0	0	0	0	0	0	0	0	0	0	0	0	0	0	0	0	0	0	0	0	0	0.877059113370686	0	0	0	0.994534170413427	0	0	0	0	0	0	0	0	0	0	0	0	0	0	0	0.655963313416787	0	0	0	0	0	0	0	0	0	0	0	0	0	0	0	0	0.685367599240969	0	0	0	0	0	0	0	0	0	0	0	0	0.792778767615662	0	0	0	0	0	0	0	0	0	0	0	0
0	0	0	0	0	0	0	0	0	0	0	0	0	0	0	0	0	0	0	0	0.932545050126752	0	0	0	0	0	0	0	0	0	0	0	0	0	0	0	0.785035666654224	0	0	0	0	0	0	0	0	0	0.938733032483278	0	0	0	0	0	0	0	0	0.858872178255277	0	0	0	0	0	0	0	0	0	0	0	0	0	0	0	0	0	0	0	0	0	0	0	0	0	0	0	0	0	0	0.754868042585366	0	0	0
0	0	0.746095435867908	0	0	0	0	0	0	0	0	0	0	0	0	0	0	0	0	0	0	0.787247567979046	0	0	0	0	0	0	0	0	0	0	0.981359656747512	0	0	0	0	0	0	0	0	0	0	0	0	0.938733032483278	0	0.903135434323296	0	0	0	0	0	0	0	0	0	0	0	0	0	0	0	0	0	0	0	0	0	0	0	0	0	0	0	0	0	0	0	0	0	0	0	0	0	0	0	0	0	0
0	0	0	0	0	0	0	0	0	0	0	0	0	0	0	0	0	0	0	0	0	0	0	0	0	0	0	0	0	0	0	0	0	0	0	0	0	0	0	0	0	0	0	0	0.655963313416787	0	0.903135434323296	0	0	0	0	0	0.868714507624143	0	0	0	0	0	0	0.883962439677843	0	0	0	0	0	0	0	0	0.95330233694359	0	0	0	0	0	0	0	0	0	0	0	0	0	0	0	0	0	0	0	0	0
0	0.755458213842346	0	0.858435870506828	0	0	0	0	0	0	0	0	0	0	0	0	0	0	0	0	0	0	0	0	0	0	0	0	0	0	0	0	0	0	0	0	0	0	0	0	0	0	0	0	0	0	0	0	0	0	0	0	0	0	0	0	0	0.802142563032343	0	0	0	0	0	0	0	0	0	0	0	0	0.670596233451922	0	0	0	0	0	0	0	0	0	0	0	0	0	0.962942925564145	0	0	0	0	0
0	0	0	0	0	0	0	0	0	0	0	0	0	0	0	0	0	0	0	0	0	0	0	0	0	0	0	0	0	0	0	0	0	0	0	0.747508451564202	0	0	0	0	0	0	0	0	0	0	0	0	0	0	0.794953041143937	0	0	0	0	0	0	0	0	0	0.802669474472318	0	0	0	0	0	0	0	0	0	0	0	0	0	0	0	0	0	0	0	0	0	0	0	0	0	0	0	0	0
0	0	0	0	0	0	0.795148406990332	0	0	0	0	0	0	0	0	0	0	0	0	0	0	0	0	0	0	0	0	0	0	0	0	0	0	0	0	0	0	0	0	0	0	0	0	0	0	0	0	0	0	0.794953041143937	0	0	0	0	0	0	0.798004727389679	0	0	0	0	0	0	0	0	0	0	0	0	0	0	0	0	0	0	0	0	0	0	0	0	0	0	0	0	0	0	0	0	0
0	0	0	0	0	0	0	0	0	0.909416375061861	0	0	0	0	0	0	0.786484669961146	0	0	0	0	0	0	0	0	0	0	0	0	0	0	0	0	0	0	0	0	0	0	0	0	0	0	0	0	0	0	0	0	0	0	0	0	0	0	0	0	0	0	0	0	0	0	0	0	0	0	0	0	0	0	0	0	0	0	0.74364330602463	0	0	0	0	0	0	0	0	0	0	0	0	0	0.768204391590137
0	0	0	0	0	0	0	0	0	0	0	0	0	0.570579923613365	0	0	0	0	0	0	0	0	0	0	0.833007331602188	0	0	0	0	0	0	0	0	0	0	0	0	0	0	0	0	0	0	0	0	0	0	0.868714507624143	0	0	0	0	0	0	0	0	0	0	0	0	0	0	0	0	0	0	0	0	0	0	0	0	0	0	0.724436085810405	0	0.783471375418499	0	0	0	0	0	0	0	0	0	0	0	0	0
0	0	0	0	0	0	0	0	0.979253194719398	0	0	0	0	0	0	0	0	0	0	0	0	0	0	0	0	0	0	0	0	0	0	0	0	0	0.710862764891803	0	0	0	0	0	0	0	0	0	0	0	0	0	0	0	0	0	0	0	0	0	0	0	0	0	0	0	0	0	0	0	0	0	0	0	0	0.578698530154907	0	0.760483843139824	0	0	0	0	0.882961923140871	0	0	0	0	0	0	0	0	0	0	0.789670201783753
0	0	0	0	0	0	0	0	0	0	0	0	0.752800552928557	0	0	0	0	0	0	0	0	0	0	0	0	0	0	0	0	0	0	0	0	0	0	0	0	0	0	0	0.747286754816454	0	0	0	0	0	0	0	0	0	0	0	0	0	0	0	0	0	0	0	0	0	0	0	0	0.772266128367811	0	0.984995471644784	0	0	0	0	0	0	0	0	0	0	0	0	0	0	0	0	0	0	0	0	0	0
0.611577054097913	0	0	0	0	0	0	0	0	0	0	0	0	0	0	0	0	0	0	0	0	0	0	0	0	0.811247344910121	0	0	0	0	0	0	0	0	0	0	0	0	0	0	0	0	0	0	0	0.858872178255277	0	0	0	0	0	0	0	0	0	0	0	0	0	0	0	0	0	0	0	0	0	0	0	0	0	0	0	0	0	0	0	0	0	0	0	0	0	0	0	0	0	0.650855023317673	0	0
0	0	0	0	0	0	0	0	0	0	0	0	0	0	0	0	0	0	0.983176570457581	0	0	0	0	0	0	0	0	0	0	0	0	0	0	0	0	0	0	0.956326174177079	0	0	0	0	0	0	0	0	0	0	0	0	0.798004727389679	0	0	0	0	0	0	0	0.802446604414887	0	0	0	0	0	0	0	0.601086445029037	0	0	0	0	0	0	0	0	0	0	0	0	0	0	0	0	0	0	0	0	0	0	0
0	0	0	0	0.77240254990145	0	0	0	0	0	0	0	0	0	0	0	0	0	0	0	0	0	0	0	0.994619764929793	0	0	0	0	0	0	0	0	0	0	0	0	0	0	0	0	0	0.936381135573689	0	0	0	0	0	0.802142563032343	0	0	0	0	0	0	0	0	0	0	0	0	0	0	0	0	0	0	0	0	0	0	0	0	0	0	0	0	0	0	0	0	0	0	0	0	0	0	0.822942379563103	0	0
0	0	0	0	0	0	0	0	0	0	0	0	0	0	0	0	0	0	0	0	0	0	0	0	0	0	0	0	0	0	0	0	0	0	0	0.733943488065772	0	0	0	0	0	0	0	0	0	0	0	0	0	0	0	0	0	0	0	0	0.802446604414887	0	0	0.722146844111102	0	0	0	0	0	0	0	0	0	0.90806330391279	0	0	0	0	0	0	0	0	0	0	0	0	0	0	0	0	0	0	0	0
0	0	0	0	0	0	0	0	0	0	0	0	0	0	0	0	0	0	0	0	0	0	0	0	0	0	0	0	0	0	0	0	0	0	0	0	0	0	0	0	0	0	0	0	0	0	0	0.883962439677843	0	0	0	0	0	0	0	0	0	0	0.722146844111102	0	0	0	0	0	0	0	0.91467559823024	0	0	0	0	0	0	0	0	0	0	0	0	0.740906641409884	0	0	0	0	0	0	0	0	0	0
0	0	0	0	0	0	0	0	0	0	0	0	0	0	0	0	0	0	0	0	0	0	0	0	0	0	0	0.964225531774669	0	0	0	0	0	0	0	0	0	0	0	0	0.979427248379514	0	0	0	0	0	0	0	0	0.802669474472318	0	0	0	0	0	0	0	0	0	0	0	0.854830466999613	0	0	0.896028466183237	0	0	0	0	0	0	0	0	0	0	0	0	0	0	0	0	0	0	0	0	0	0	0	0	0
0	0	0	0.737659909749361	0	0	0	0	0	0	0	0	0	0	0	0	0	0	0	0	0	0	0	0	0	0	0	0	0.791887254504866	0	0	0	0	0	0	0	0	0	0	0	0	0	0	0	0	0	0	0	0	0	0	0	0	0	0	0	0	0	0	0	0.854830466999613	0	0	0	0	0	0	0	0	0.896537260760133	0	0	0	0	0	0	0	0	0	0	0	0	0	0	0	0	0	0	0	0
0	0	0.706939161765357	0	0.768925977925672	0	0	0	0	0	0	0	0	0	0	0	0	0	0	0	0	0	0	0.98811290086809	0	0	0	0	0	0	0	0	0	0	0	0	0	0	0	0	0	0	0	0	0	0	0	0	0	0	0	0	0	0	0	0	0	0	0	0	0	0	0	0	0	0	0	0	0.979566927950246	0	0	0	0	0	0	0	0	0	0	0	0	0	0	0	0	0.931812822376412	0	0	0	0
0	0	0	0	0	0	0	0	0	0	0	0	0	0	0	0	0	0	0	0	0	0	0	0	0	0	0	0	0	0	0	0.952115498334906	0	0	0	0	0	0	0	0	0	0	0.797914035320642	0	0	0	0	0	0	0	0	0	0	0	0	0	0	0	0	0	0	0	0	0	0	0	0	0	0	0	0	0	0	0	0	0	0	0	0	0	0	0	0	0	0	0	0.735380318473174	0	0	0
0	0	0	0	0	0	0	0	0	0	0	0	0	0	0	0	0	0	0	0	0	0	0	0	0	0	0	0	0	0	0	0	0	0	0	0	0	0	0	0	0	0	0	0	0.685367599240969	0	0	0	0	0	0	0	0	0	0	0	0	0	0	0	0.896028466183237	0	0	0	0	0	0	0	0	0	0	0	0	0	0	0	0	0	0	0	0	0	0	0	0	0	0	0	0	0
0	0	0	0	0	0	0	0	0	0	0	0	0	0	0	0	0	0	0	0	0	0	0	0	0	0	0	0	0	0	0	0	0	0	0	0	0	0	0	0	0	0	0	0	0	0	0	0	0	0	0	0	0	0	0.772266128367811	0	0	0	0	0	0	0	0	0	0	0	0.780707893816275	0.817073514761571	0	0	0	0	0	0	0	0	0	0	0	0	0	0	0	0	0	0	0	0	0	0
0	0	0	0	0	0	0	0	0	0	0	0	0	0	0	0	0	0	0	0	0	0	0	0	0	0	0	0	0	0	0	0	0	0	0	0	0	0	0	0	0	0	0	0	0	0	0	0	0	0	0	0	0	0	0	0	0.601086445029037	0	0	0.91467559823024	0	0	0	0	0	0.780707893816275	0	0.579667093155607	0	0	0	0	0	0	0	0	0	0	0	0	0.789166738151745	0	0	0	0	0	0	0	0	0
0	0	0	0	0	0	0	0	0	0	0	0	0	0	0.877446924856157	0	0	0	0	0	0	0	0	0.826348567809922	0	0	0	0	0	0	0	0	0	0	0	0.943536324980199	0	0	0	0	0	0	0	0	0	0	0	0	0	0	0	0	0	0	0.984995471644784	0	0	0	0	0	0	0	0	0	0	0.817073514761571	0.579667093155607	0	0	0	0	0	0	0	0	0	0	0	0	0	0	0	0	0	0	0	0	0	0	0
0	0	0	0	0	0	0	0	0	0	0	0	0	0	0	0	0	0	0	0.74520022152787	0	0	0	0	0	0	0	0	0	0	0	0	0	0	0	0	0	0	0	0	0	0	0	0	0	0	0	0.95330233694359	0	0	0	0	0	0	0	0	0	0	0	0	0	0	0.979566927950246	0	0	0	0	0	0	0.804279608381848	0	0	0	0	0	0	0	0	0	0	0	0	0	0	0	0	0	0	0	0
0	0	0	0	0	0	0	0	0	0	0	0	0	0	0	0	0	0	0	0	0	0	0	0	0	0	0	0	0	0	0	0	0	0	0	0	0	0	0	0	0	0	0	0	0	0	0	0	0	0	0	0	0	0	0	0	0	0	0.90806330391279	0	0	0.896537260760133	0	0	0	0	0	0	0.804279608381848	0	0	0.986907974934548	0	0	0	0	0	0	0	0	0	0	0	0	0	0	0	0	0	0
0	0	0	0	0	0	0	0	0	0	0	0	0	0	0	0	0	0	0	0	0	0	0	0	0	0	0	0	0	0	0	0.597125097716876	0	0	0	0	0	0	0	0	0	0	0.707634971406613	0	0	0	0	0	0.670596233451922	0	0	0	0	0	0	0	0	0	0	0	0	0	0	0	0	0	0	0	0	0	0	0.594788650844801	0	0	0	0	0	0	0	0	0	0	0	0	0	0	0	0	0	0
0	0	0	0	0	0	0	0	0	0	0	0	0	0	0	0	0	0	0	0	0	0	0	0.856356024712782	0	0	0	0	0	0	0	0	0	0	0	0	0	0	0	0	0	0	0.981261003554826	0	0	0	0	0	0	0	0	0	0	0.578698530154907	0	0	0	0	0	0	0	0	0	0	0	0	0	0	0	0.986907974934548	0.594788650844801	0	0	0	0	0	0	0	0	0	0	0	0	0	0	0	0	0	0	0
0	0	0	0	0	0	0	0	0	0	0	0	0	0	0.716854784165347	0	0	0	0	0	0	0	0	0	0	0	0	0	0	0	0	0	0	0	0.818116259023053	0	0	0	0	0	0	0	0	0	0	0	0	0	0	0	0	0	0	0	0	0	0	0	0	0	0	0	0	0	0	0	0	0	0	0	0	0	0	0.942835968649632	0	0	0	0	0	0	0.90028204977598	0	0	0	0	0	0	0	0	0
0	0	0	0	0	0	0	0	0	0	0	0.822655946982159	0	0	0	0	0	0	0	0	0.85622309053016	0	0	0	0	0	0	0	0	0	0	0	0	0	0	0	0	0	0	0	0	0	0	0	0	0	0	0	0	0	0	0	0	0.760483843139824	0	0	0	0	0	0	0	0	0	0	0	0	0	0	0	0	0	0	0.942835968649632	0	0	0	0	0.731152666781757	0	0	0	0	0	0	0	0	0	0	0	0
0	0	0	0	0	0.720398526553778	0	0	0	0	0	0	0	0.906956655617254	0	0.717352983497928	0	0	0	0	0	0	0	0	0	0	0	0	0	0	0	0	0	0	0	0	0	0	0	0	0	0	0	0	0	0	0	0	0	0	0	0	0.724436085810405	0	0	0	0	0	0	0	0	0	0	0	0	0	0	0	0	0	0	0	0	0	0	0	0	0	0	0	0	0	0	0	0	0	0	0	0	0
0	0	0	0	0	0	0	0	0	0	0.648691436647694	0	0	0	0	0	0	0	0	0	0	0	0	0.833730239947453	0	0	0	0	0	0	0	0	0	0.69501925713673	0	0	0	0	0	0	0	0.549556213146292	0	0	0	0	0	0	0	0	0	0.74364330602463	0	0	0	0	0	0	0	0	0	0	0	0	0	0	0	0	0	0	0	0	0	0	0	0	0	0	0	0	0	0	0	0	0	0	0	0	0	0
0	0	0.681270126183302	0	0	0	0	0	0	0	0	0	0	0	0	0	0.92271293194592	0	0	0	0	0	0	0	0	0	0	0	0	0	0	0	0	0	0	0	0	0	0	0	0	0	0	0	0	0	0	0	0	0	0	0	0.783471375418499	0	0	0	0	0	0	0	0	0	0	0	0	0	0	0	0	0	0	0	0	0	0	0	0	0	0	0	0	0	0	0	0	0	0	0	0	0
0	0	0	0	0	0	0	0	0	0	0	0	0	0	0	0	0	0	0	0	0	0	0	0	0	0	0	0	0	0	0	0	0	0	0.632009986609325	0	0	0	0	0	0	0	0	0	0.792778767615662	0	0	0	0	0	0	0	0	0	0	0	0	0	0	0	0	0	0	0	0	0	0	0	0	0	0	0	0	0.731152666781757	0	0	0	0	0	0.766504633146553	0	0	0	0	0	0	0	0	0	0
0	0	0	0	0	0	0	0	0	0	0	0	0	0	0	0	0	0	0	0	0	0	0	0	0	0	0	0	0	0	0	0	0	0	0	0	0	0	0	0	0	0	0	0	0	0	0	0	0	0	0	0	0	0.882961923140871	0	0	0	0	0	0	0	0	0	0	0	0	0	0	0	0	0	0	0	0	0	0	0	0	0	0.676827429981124	0	0	0	0	0	0	0	0	0	0
0	0	0	0	0	0	0	0	0	0	0.81659486081538	0	0	0	0	0	0	0.847662455938766	0	0	0	0	0	0	0	0	0	0	0	0	0	0	0	0	0	0	0	0	0	0	0	0	0	0	0	0	0	0	0	0	0	0	0	0	0	0	0	0	0	0.740906641409884	0	0	0	0	0	0	0	0	0	0	0	0	0	0	0	0	0	0.766504633146553	0.676827429981124	0	0	0.988866651031088	0	0	0	0	0	0	0	0
0	0	0	0	0	0	0	0	0	0	0	0	0	0	0	0	0	0	0	0	0	0	0	0	0	0	0	0	0	0	0	0	0	0	0	0	0	0	0	0	0	0	0	0	0	0	0	0	0	0	0	0	0	0	0	0	0	0	0	0	0	0	0	0	0	0	0.789166738151745	0	0	0	0	0	0.90028204977598	0	0	0	0	0	0	0	0	0	0	0	0	0	0	0	0	0
0	0	0	0	0	0	0	0.844391051328094	0	0	0	0	0	0	0	0	0	0	0	0	0	0	0.816303614360697	0	0	0	0	0	0	0.902738017096322	0	0	0	0	0	0	0	0	0	0	0	0	0	0	0	0	0	0	0	0	0	0	0	0	0	0	0	0	0	0	0	0	0	0	0	0	0	0	0	0	0	0	0	0	0	0	0	0	0	0.988866651031088	0	0	0.623442097051191	0	0	0	0	0	0	0
0	0	0	0	0	0.905413815382694	0	0	0	0	0	0	0	0	0	0	0	0	0	0	0	0	0	0	0	0	0	0	0.899512523494396	0	0	0	0	0.909019682358978	0	0	0	0.827608412735044	0	0	0	0	0	0	0	0	0	0	0	0	0	0	0	0	0	0	0	0	0	0	0	0	0	0	0	0	0	0	0	0	0	0	0	0	0	0	0	0	0	0	0	0.623442097051191	0	0	0	0	0	0	0	0
0	0.55528058522213	0	0	0	0	0	0	0	0	0.678907736934221	0	0	0	0	0	0	0	0	0	0	0	0	0	0	0	0	0	0	0	0	0	0	0	0	0	0	0	0	0	0	0	0	0	0	0	0	0	0	0	0	0	0	0	0	0	0	0	0	0	0	0	0	0	0	0	0	0	0	0	0	0	0	0	0	0	0	0	0	0	0	0	0	0	0	0	0	0	0	0
0	0	0	0	0	0	0	0	0	0	0	0	0	0	0	0	0	0	0	0	0	0	0	0	0	0	0	0	0	0.65444414127429	0	0	0	0	0	0	0	0	0	0	0	0	0	0	0	0	0	0	0.962942925564145	0	0	0	0	0	0	0	0	0	0	0	0	0	0	0	0	0	0	0	0	0	0	0	0	0	0	0	0	0	0	0	0	0	0	0	0	0	0	0	0	0
0	0	0	0	0	0	0	0	0	0	0	0	0	0	0	0	0	0.721818332820125	0	0	0.657979527002574	0	0	0	0	0	0	0	0	0	0.813095787264265	0	0	0	0	0.982620371641342	0	0	0	0	0	0	0	0	0	0	0	0	0	0	0	0	0	0	0	0	0	0	0	0	0	0	0.931812822376412	0	0	0	0	0	0	0	0	0	0	0	0	0	0	0	0	0	0	0	0	0	0	0	0	0	0	0
0	0	0	0	0	0	0	0	0.774462450064075	0	0	0	0	0	0	0	0	0	0	0	0	0	0	0	0	0	0	0	0	0	0	0	0	0	0	0	0	0	0	0	0	0	0	0	0	0.754868042585366	0	0	0	0	0	0	0	0	0	0	0	0	0	0	0	0	0	0.735380318473174	0	0	0	0	0	0	0	0	0	0	0	0	0	0	0	0	0	0	0	0	0	0	0	0	0	0
0.93141461902859	0	0	0	0	0	0	0	0	0	0	0	0	0	0	0	0	0	0	0	0	0	0	0	0	0	0	0	0	0	0	0	0	0	0	0	0	0	0	0	0	0	0	0	0	0	0	0	0	0	0	0	0	0	0	0.650855023317673	0	0.822942379563103	0	0	0	0	0	0	0	0	0	0	0	0	0	0	0	0	0	0	0	0	0	0	0	0	0	0	0	0	0	0	0	0
0	0	0	0	0	0	0	0	0	0	0	0	0	0	0	0	0	0	0	0	0	0	0	0	0	0	0	0	0	0	0	0	0	0	0	0	0	0.792411009571556	0	0.652403294948016	0.605956511089336	0	0	0	0	0	0	0	0	0	0	0	0	0	0	0	0	0	0	0	0	0	0	0	0	0	0	0	0	0	0	0	0	0	0	0	0	0	0	0	0	0	0	0	0	0	0	0	0	0
0	0	0	0	0	0	0	0	0	0	0	0	0	0	0	0	0	0	0	0	0	0	0	0	0	0	0.930147305729364	0	0	0	0	0	0	0	0	0	0	0	0	0	0	0	0	0	0	0	0	0	0	0	0	0.768204391590137	0	0.789670201783753	0	0	0	0	0	0	0	0	0	0	0	0	0	0	0	0	0	0	0	0	0	0	0	0	0	0	0	0	0	0	0	0	0	0	0	0
