0	0	0	0	0	0	0	0	0	0	0	0	0	0	0	0	0	0	0	0	0	0	0	0	0	0	0	0	0	0	0	0	0	0	0	0	0	0	0	0	0	0	0	0	0	0	0	0	0	0	0.679855924534524	0	0	0	0	0	0	0	0	0	0	0	0	0	0	0	0	0	0	0	0	0.869222041226392	0.787856486462464	0	0	0	0	0	0	0	0	0.887472331166991	0	0	0	0	0	0	0.772965226764753	0
0	0	0	0	0	0	0	0	0	0	0	0	0.863739346772878	0	0	0	0	0	0.811018704144499	0	0	0	0	0.961516909073731	0	0	0	0	0	0	0	0	0.881789475788544	0	0	0	0	0	0.630369499570386	0	0.991337605807991	0	0	0	0	0	0	0	0	0	0	0	0	0	0	0	0	0	0	0	0	0	0	0	0	0	0	0	0	0	0	0	0	0	0	0	0	0	0	0	0	0	0	0	0	0	0	0	0	0
0	0	0	0.961968153232107	0	0	0	0	0	0	0.870337749881277	0	0	0	0	0	0	0	0	0	0	0	0	0	0.893171819029763	0	0	0	0	0	0	0	0	0	0	0	0	0	0	0	0	0.949002024631295	0	0	0	0	0	0	0	0	0	0	0	0	0	0	0	0	0	0	0	0	0	0	0	0	0	0	0	0	0	0	0	0	0	0	0	0	0	0	0	0	0	0	0	0	0	0	0	0
0	0	0.961968153232107	0	0	0	0	0	0	0	0	0	0	0	0	0	0	0	0	0	0	0	0	0	0	0	0	0	0	0	0	0	0	0	0	0	0.802649680380487	0	0	0	0	0	0	0	0	0	0	0	0	0	0.859788360807003	0	0	0	0	0	0	0	0	0	0	0	0	0	0	0	0	0	0	0	0	0	0	0	0	0.876717212300735	0	0.888846701329924	0	0	0	0	0	0.949300779326657	0	0	0	0	0	0
0	0	0	0	0	0	0.98198343518543	0	0	0	0	0	0	0	0	0	0	0	0	0	0	0	0	0	0	0	0	0	0	0	0	0	0.896389930129034	0	0	0	0	0	0	0	0	0	0	0	0	0.63681444004334	0	0	0	0	0	0	0	0	0	0	0	0	0	0	0	0	0	0	0	0	0	0	0	0	0	0.970912359695833	0	0	0	0	0	0	0	0.938559929563329	0	0	0	0	0	0	0	0	0	0
0	0	0	0	0	0	0	0	0	0	0	0	0	0	0	0	0	0	0	0	0	0	0	0	0	0	0	0	0	0	0	0	0.714340281177895	0	0	0	0	0	0	0	0	0	0	0	0	0	0	0	0	0	0	0	0	0	0	0	0	0	0	0	0	0	0	0	0	0	0	0	0	0	0	0.909556053804496	0	0	0	0	0	0	0	0	0	0	0	0	0	0	0	0	0	0
0	0	0	0	0.98198343518543	0	0	0	0	0	0	0	0	0	0	0	0	0	0	0	0	0	0	0	0	0	0	0	0	0	0	0	0	0	0	0	0	0	0	0	0	0	0	0	0	0	0	0	0.681890733617099	0	0	0	0	0	0	0	0	0	0	0	0	0	0	0	0.745071243730343	0	0	0	0	0	0	0	0	0	0	0	0	0	0	0	0	0	0	0	0	0	0	0	0	0
0	0	0	0	0	0	0	0	0	0.835074639148001	0	0	0	0	0	0	0	0	0	0	0	0	0	0	0	0	0	0	0	0	0	0	0	0	0	0	0	0	0	0	0	0	0	0	0	0	0	0	0	0	0	0	0	0	0	0	0	0	0	0	0	0	0.972902253772751	0	0	0	0	0	0	0	0	0	0	0	0	0	0	0	0	0	0	0	0	0	0	0	0	0	0	0
0	0	0	0	0	0	0	0	0	0	0	0	0	0	0	0	0	0	0	0	0	0	0	0	0	0	0	0	0	0	0	0	0	0	0	0	0	0	0	0	0	0	0	0	0	0.998798025391231	0	0	0	0	0	0	0	0	0	0	0	0	0	0	0	0	0	0	0	0	0	0	0	0	0	0	0.796045576075309	0	0	0	0	0	0	0	0	0	0	0	0	0	0	0	0	0
0	0	0	0	0	0	0	0.835074639148001	0	0	0	0	0	0	0	0	0	0	0	0	0	0	0	0	0.955695711334675	0	0	0	0	0	0	0	0	0	0	0	0	0	0	0	0	0	0	0	0	0	0	0.59514915645083	0	0	0	0	0	0.8038040610336	0	0	0	0	0	0	0	0	0	0	0	0	0	0	0	0	0	0	0	0	0	0	0	0	0.730073191009159	0	0	0	0	0	0	0	0	0	0	0
0	0	0.870337749881277	0	0	0	0	0	0	0	0	0	0	0	0	0.794812982441163	0	0	0	0	0	0	0	0	0	0	0	0	0	0	0	0	0	0	0	0	0	0	0	0	0	0	0	0	0	0	0	0	0	0	0	0	0	0	0	0	0	0	0	0	0	0	0	0	0	0	0	0	0	0	0	0	0	0	0	0	0	0	0	0	0	0	0	0	0	0	0	0	0	0
0	0	0	0	0	0	0	0	0	0	0	0	0	0	0	0	0	0	0	0	0	0	0	0	0	0	0	0	0	0	0	0	0	0	0	0	0	0	0	0	0	0	0	0	0	0	0	0	0	0	0	0	0.716337435152444	0	0	0	0	0.621834465547533	0	0	0.848798372652714	0	0	0	0	0.997599288506499	0	0	0.934776714694227	0	0	0	0	0	0	0	0	0	0	0	0	0	0	0	0	0	0	0	0	0
0	0.863739346772878	0	0	0	0	0	0	0	0	0	0	0	0	0	0	0	0	0	0	0	0	0	0	0	0	0	0	0	0.711964119830964	0	0	0	0	0	0	0	0	0	0	0	0	0	0	0	0	0	0	0	0	0	0.768897109049812	0	0	0	0	0	0	0	0	0	0	0	0	0	0	0	0	0	0	0	0	0	0	0	0	0	0	0	0	0	0	0	0	0.724737533309624	0	0	0	0	0
0	0	0	0	0	0	0	0	0	0	0	0	0	0	0	0	0	0	0	0	0	0	0	0	0	0	0	0	0	0.793308407664544	0	0	0	0	0	0	0	0	0	0	0	0	0	0	0	0	0	0	0	0	0	0	0	0	0	0	0	0	0	0	0	0	0	0	0	0	0	0	0	0	0	0	0.720475647407808	0	0	0	0	0	0	0	0	0	0.965033183227462	0	0	0	0	0	0	0
0	0	0	0	0	0	0	0	0	0	0	0	0	0	0	0	0.955722950607347	0	0	0	0	0	0	0	0	0	0	0	0	0	0	0	0	0	0	0	0	0	0	0	0	0	0	0	0	0	0	0	0	0	0	0	0	0	0	0	0	0	0	0	0	0	0	0	0	0	0	0	0	0	0	0.79247613601001	0	0	0	0	0	0	0	0	0	0	0	0	0	0	0	0	0	0
0	0	0	0	0	0	0	0	0	0	0.794812982441163	0	0	0	0	0	0	0.927052805906907	0	0	0	0	0	0	0	0	0	0	0	0	0	0	0	0	0	0	0.621556790332324	0	0	0	0	0	0	0	0	0	0	0	0	0	0	0	0	0	0	0	0	0	0	0	0	0	0	0	0	0	0	0	0.957566078868041	0	0	0	0	0	0	0	0	0	0	0	0	0	0	0	0	0	0	0	0	0
0	0	0	0	0	0	0	0	0	0	0	0	0	0	0.955722950607347	0	0	0.923487557205626	0	0	0	0	0	0	0	0	0	0	0	0	0	0	0	0	0	0	0	0	0	0	0	0	0	0	0	0	0	0	0	0	0	0	0	0	0	0	0	0	0	0	0	0	0	0	0	0	0	0	0	0	0	0	0	0	0	0	0	0	0	0	0	0	0	0	0.805169563402691	0	0	0	0	0
0	0	0	0	0	0	0	0	0	0	0	0	0	0	0	0.927052805906907	0.923487557205626	0	0	0	0	0	0	0	0	0	0.966158266167704	0	0	0	0	0	0	0	0	0	0	0	0	0.644380484640294	0	0	0	0	0	0	0	0	0	0	0	0	0	0	0	0	0	0	0	0	0	0	0	0	0	0	0	0	0	0	0	0	0	0	0	0	0	0	0	0	0	0	0	0	0	0	0	0	0	0
0	0.811018704144499	0	0	0	0	0	0	0	0	0	0	0	0	0	0	0	0	0	0	0	0.87547838025293	0	0	0	0	0	0	0	0	0	0	0	0	0	0	0	0	0	0	0	0	0	0	0	0	0	0	0	0	0	0	0	0	0	0	0	0	0	0	0	0	0	0	0	0	0	0	0	0	0	0	0	0	0	0	0	0	0	0	0	0	0	0	0	0	0	0	0	0
0	0	0	0	0	0	0	0	0	0	0	0	0	0	0	0	0	0	0	0	0	0	0.924213424374737	0	0	0	0.582826433986033	0	0	0	0	0	0	0	0	0	0	0	0	0	0	0	0	0	0.976348923332432	0	0	0	0.871125864489662	0	0	0	0	0	0	0	0	0	0	0	0	0	0	0.979743894690608	0	0	0	0	0	0	0	0	0	0	0	0	0	0	0	0	0	0	0	0	0	0	0	0	0	0
0	0	0	0	0	0	0	0	0	0	0	0	0	0	0	0	0	0	0	0	0	0	0	0	0	0	0	0	0	0	0	0	0	0	0	0	0.763822350786661	0	0	0	0	0	0	0	0	0	0	0	0	0	0	0	0	0	0	0	0	0	0	0	0.976579094872131	0	0	0	0	0	0	0	0	0	0	0	0	0	0	0	0	0	0	0	0	0	0	0	0	0	0	0	0	0
0	0	0	0	0	0	0	0	0	0	0	0	0	0	0	0	0	0	0.87547838025293	0	0	0	0	0.712627981991853	0	0	0	0	0	0	0	0	0	0	0	0	0	0	0	0	0	0	0	0	0	0	0	0	0	0	0	0	0	0	0	0	0	0	0	0	0	0	0	0	0	0	0	0	0	0	0	0	0	0	0	0	0	0	0	0.822491370038934	0	0	0	0	0	0	0	0	0	0.991224194032644
0	0	0	0	0	0	0	0	0	0	0	0	0	0	0	0	0	0	0	0.924213424374737	0	0	0	0	0	0	0	0	0	0	0.935738141395626	0	0	0	0	0	0	0	0	0	0	0	0	0	0	0	0	0	0	0	0	0	0	0	0	0	0	0	0	0	0	0	0	0	0	0	0	0	0	0	0	0	0	0.936938015597103	0	0	0	0	0	0	0	0	0	0	0	0	0	0	0	0
0	0.961516909073731	0	0	0	0	0	0	0	0	0	0	0	0	0	0	0	0	0	0	0	0.712627981991853	0	0	0	0	0	0	0	0	0	0	0	0	0	0	0	0	0	0	0	0	0	0	0	0	0	0	0	0	0	0	0	0	0	0	0	0	0	0	0	0.891790989234737	0	0	0	0	0	0	0	0	0	0	0	0	0	0	0.795381420462314	0	0	0	0	0	0	0.941509451210439	0	0	0	0	0	0
0	0	0.893171819029763	0	0	0	0	0	0	0.955695711334675	0	0	0	0	0	0	0	0	0	0	0	0	0	0	0	0	0	0	0	0	0	0	0	0	0	0	0	0	0	0	0	0	0	0	0	0	0	0	0	0	0	0	0	0	0	0	0	0	0	0	0	0	0	0	0	0	0	0	0	0	0	0	0	0	0	0	0	0	0	0	0	0	0	0	0	0.640834783824056	0.943555389550675	0	0	0
0	0	0	0	0	0	0	0	0	0	0	0	0	0	0	0	0	0	0	0	0	0	0	0	0	0	0.819894530323785	0	0	0	0.790715286045158	0	0	0	0	0	0	0	0	0	0	0	0	0	0	0	0	0	0	0	0	0	0	0	0	0	0	0	0	0	0.65534906886885	0	0	0	0	0	0	0	0	0	0	0	0	0	0	0	0	0	0	0	0	0	0	0	0	0	0	0	0	0
0	0	0	0	0	0	0	0	0	0	0	0	0	0	0	0	0	0.966158266167704	0	0.582826433986033	0	0	0	0	0	0.819894530323785	0	0.856580290166624	0	0	0	0	0	0	0	0	0	0	0	0	0	0	0	0	0	0	0	0	0	0	0	0	0	0	0	0	0	0	0	0	0	0	0	0	0	0	0	0	0	0	0	0	0	0	0	0	0	0	0	0	0	0	0	0	0	0	0	0	0	0
0	0	0	0	0	0	0	0	0	0	0	0	0	0	0	0	0	0	0	0	0	0	0	0	0	0	0.856580290166624	0	0	0	0	0	0	0	0	0	0	0	0	0	0	0	0	0	0	0	0	0	0	0	0	0	0	0.992040138558799	0	0	0	0	0	0	0	0	0	0	0	0	0.827043112412799	0	0	0	0	0	0	0.980639592899186	0	0	0	0.951320696642532	0	0	0	0	0.994304695836239	0	0	0	0	0	0	0
0	0	0	0	0	0	0	0	0	0	0	0	0	0	0	0	0	0	0	0	0	0	0	0	0	0	0	0	0	0	0	0	0	0	0	0	0	0	0	0	0	0	0	0	0	0	0	0	0	0	0	0.989355680838994	0	0	0	0	0	0	0	0	0	0	0	0	0	0	0	0	0	0	0	0	0	0	0	0.870659293897611	0	0	0	0	0	0	0	0	0	0	0	0.80680066040935	0	0
0	0	0	0	0	0	0	0	0	0	0	0	0.711964119830964	0.793308407664544	0	0	0	0	0	0	0	0	0	0	0	0	0	0	0	0	0	0	0	0	0	0	0	0	0	0	0	0	0	0	0	0	0	0	0	0	0	0	0	0.747821632482101	0	0	0	0	0	0	0	0	0	0	0	0.996038530299405	0	0	0	0	0	0	0	0	0	0	0	0	0	0	0	0	0	0	0	0	0	0	0	0
0	0	0	0	0	0	0	0	0	0	0	0	0	0	0	0	0	0	0	0	0	0	0.935738141395626	0	0	0.790715286045158	0	0	0	0	0	0	0	0	0.890629419086079	0	0	0	0	0	0	0	0	0	0	0	0	0	0	0	0	0	0	0	0	0	0	0	0	0	0	0	0	0	0	0	0	0	0	0	0	0	0	0	0	0	0	0	0	0	0	0	0.941790819195004	0	0	0	0	0	0	0
0	0	0	0	0	0	0	0	0	0	0	0	0	0	0	0	0	0	0	0	0	0	0	0	0	0	0	0	0	0	0	0	0	0	0.99508631041271	0	0	0	0	0	0	0	0	0	0	0	0	0	0	0	0	0	0	0	0	0	0	0	0	0	0	0	0.606814186651974	0	0	0	0	0	0	0	0	0	0	0	0	0.966704210926345	0	0	0	0	0	0	0	0	0	0	0	0	0.862730111285283	0
0	0.881789475788544	0	0	0.896389930129034	0.714340281177895	0	0	0	0	0	0	0	0	0	0	0	0	0	0	0	0	0	0	0	0	0	0	0	0	0	0	0	0.699801501711893	0	0	0	0	0	0	0	0	0	0	0	0	0	0	0	0	0	0	0	0	0	0	0	0	0	0	0	0	0	0	0	0	0	0	0	0	0	0	0	0	0	0	0	0	0	0	0	0.926185035597406	0	0	0	0	0	0	0	0
0	0	0	0	0	0	0	0	0	0	0	0	0	0	0	0	0	0	0	0	0	0	0	0	0	0	0	0	0	0	0	0	0.699801501711893	0	0	0	0	0	0	0	0	0	0	0	0	0	0	0	0	0	0	0	0.987204509705462	0	0	0	0	0	0	0	0	0	0	0	0	0	0	0	0	0	0	0	0	0	0	0	0	0	0	0	0	0	0	0	0	0	0	0	0	0
0	0	0	0	0	0	0	0	0	0	0	0	0	0	0	0	0	0	0	0	0	0	0	0	0	0	0	0	0	0	0.890629419086079	0.99508631041271	0	0	0	0	0.985254818559954	0	0	0	0	0	0	0	0	0	0	0	0	0	0	0	0	0	0	0	0	0	0	0	0	0	0	0	0	0	0	0	0	0	0	0	0	0	0	0	0	0.674534179009102	0	0	0.859201744465035	0	0	0	0	0	0	0	0	0
0	0	0	0	0	0	0	0	0	0	0	0	0	0	0	0	0	0	0	0	0	0	0	0	0	0	0	0	0	0	0	0	0	0	0	0	0.999628983145113	0.901102036047804	0	0	0	0	0	0	0	0	0	0	0	0	0	0	0	0	0.998675110970534	0.791911061528105	0	0	0	0	0	0	0	0	0	0	0	0	0	0	0	0	0	0	0	0	0.828591156490483	0	0	0	0	0	0	0	0	0	0	0	0	0
0	0	0	0.802649680380487	0	0	0	0	0	0	0	0	0	0	0	0.621556790332324	0	0	0	0	0.763822350786661	0	0	0	0	0	0	0	0	0	0	0	0	0	0.985254818559954	0.999628983145113	0	0	0	0	0	0	0	0	0	0	0	0	0	0	0	0	0	0	0	0	0	0	0	0.919749982109463	0	0	0.902120702367693	0	0	0	0	0	0	0	0	0	0	0	0	0	0	0	0	0	0	0	0	0	0	0	0	0	0	0
0	0	0	0	0	0	0	0	0	0	0	0	0	0	0	0	0	0	0	0	0	0	0	0	0	0	0	0	0	0	0	0	0	0	0	0.901102036047804	0	0	0	0.674708656034398	0	0	0	0	0	0	0	0	0	0	0	0	0	0	0	0.794423086095633	0	0	0	0	0	0	0	0	0	0	0	0	0	0	0	0	0	0	0	0	0	0	0	0	0	0	0	0	0	0.733193777907199	0	0	0	0
0	0.630369499570386	0	0	0	0	0	0	0	0	0	0	0	0	0	0	0	0	0	0	0	0	0	0	0	0	0	0	0	0	0	0	0	0	0	0	0	0	0	0	0	0	0	0	0	0	0	0	0	0	0	0	0	0	0	0	0	0	0	0	0	0	0	0	0	0	0	0	0	0	0	0	0	0	0	0	0	0	0	0	0	0	0	0.866520946583203	0	0.890411264862451	0	0	0	0
0	0	0	0	0	0	0	0	0	0	0	0	0	0	0	0	0	0.644380484640294	0	0	0	0	0	0	0	0	0	0	0	0	0	0	0	0	0	0	0	0.674708656034398	0	0	0	0	0	0	0	0	0	0	0	0	0	0	0	0	0.613271226617615	0	0.867494212347319	0	0	0	0	0	0	0	0	0	0	0	0.569184660046653	0	0	0.685492747988266	0	0	0	0	0	0	0	0	0	0	0	0	0.865027954414972	0	0	0	0	0
0	0.991337605807991	0	0	0	0	0	0	0	0	0	0	0	0	0	0	0	0	0	0	0	0	0	0	0	0	0	0	0	0	0	0	0	0	0	0	0	0	0	0	0	0.57747051739144	0	0	0	0	0	0	0	0	0	0	0	0	0	0	0	0	0	0	0	0	0	0	0	0	0	0	0	0	0	0	0	0	0	0	0	0	0	0	0	0	0	0	0	0	0	0	0	0
0	0	0.949002024631295	0	0	0	0	0	0	0	0	0	0	0	0	0	0	0	0	0	0	0	0	0	0	0	0	0	0	0	0	0	0	0	0	0	0	0	0	0	0.57747051739144	0	0	0	0	0.800551894085793	0	0	0	0	0	0	0	0	0	0	0	0	0	0.799580481966855	0	0	0	0	0	0	0	0	0	0	0	0	0	0	0	0	0	0	0	0	0	0	0	0	0	0	0	0	0	0
0	0	0	0	0	0	0	0	0	0	0	0	0	0	0	0	0	0	0	0	0	0	0	0	0	0	0	0	0	0	0	0	0	0	0	0	0	0	0	0	0	0	0	0.876172307898127	0	0	0	0	0	0	0	0	0	0	0	0	0	0	0	0	0	0	0	0	0	0	0	0	0	0	0	0	0	0	0	0	0	0	0	0	0.86997566433835	0	0	0.650163139351195	0	0	0	0	0	0
0	0	0	0	0	0	0	0	0	0	0	0	0	0	0	0	0	0	0	0	0	0	0	0	0	0	0	0	0	0	0	0	0	0	0	0	0	0	0	0	0	0	0.876172307898127	0	0	0	0	0	0	0	0	0	0	0.679677122162946	0	0	0	0	0	0	0	0	0	0.95203062190546	0	0	0	0.695268842755163	0	0	0	0	0	0	0	0	0	0	0	0	0	0	0	0	0	0	0	0	0	0
0	0	0	0	0	0	0	0	0	0	0	0	0	0	0	0	0	0	0	0.976348923332432	0	0	0	0	0	0	0	0	0	0	0	0	0	0	0	0	0	0	0	0	0	0	0	0	0	0	0	0	0	0	0	0	0	0	0	0	0	0	0	0	0	0	0	0	0	0	0	0	0	0	0	0.789911674426162	0	0	0	0	0	0.56683358662567	0	0	0	0	0	0	0	0	0	0	0	0
0	0	0	0	0.63681444004334	0	0	0	0.998798025391231	0	0	0	0	0	0	0	0	0	0	0	0	0	0	0	0	0	0	0	0	0	0	0	0	0	0	0	0	0	0	0	0	0.800551894085793	0	0	0	0	0	0	0	0	0	0	0	0	0	0	0	0	0	0	0	0	0	0	0	0	0	0	0	0	0	0	0	0	0	0	0	0	0	0	0	0	0	0.566763972788231	0	0	0	0	0	0
0	0	0	0	0	0	0	0	0	0	0	0	0	0	0	0	0	0	0	0	0	0	0	0	0	0	0	0	0	0	0	0	0	0	0	0	0	0	0	0	0	0	0	0	0	0	0	0.784104178060966	0	0	0	0	0	0	0	0	0	0	0	0	0	0	0	0	0	0	0	0	0	0	0	0	0	0	0	0	0	0	0	0	0	0	0	0	0	0.936140858269148	0	0	0	0
0	0	0	0	0	0	0	0	0	0.59514915645083	0	0	0	0	0	0	0	0	0	0	0	0	0	0	0	0	0	0	0	0	0	0	0	0	0	0	0	0	0	0	0	0	0	0	0	0	0.784104178060966	0	0	0	0	0	0	0	0	0	0	0	0	0	0	0	0	0	0	0	0.789625071557715	0	0	0	0	0	0	0	0	0	0	0	0.782059572954833	0	0	0	0	0	0	0	0	0	0	0
0	0	0	0	0	0	0.681890733617099	0	0	0	0	0	0	0	0	0	0	0	0	0.871125864489662	0	0	0	0	0	0	0	0	0	0	0	0	0	0	0	0	0	0	0	0	0	0	0	0	0	0	0	0	0	0	0	0	0	0	0	0.962730644946228	0	0	0	0	0	0	0	0	0	0	0	0	0	0	0	0	0	0	0.575984942762478	0	0	0	0	0	0	0	0	0	0	0	0	0	0	0
0	0	0	0	0	0	0	0	0	0	0	0	0	0	0	0	0	0	0	0	0	0	0	0	0	0	0	0	0	0	0	0	0	0	0	0	0	0	0	0	0	0	0	0	0	0	0	0	0	0	0.828145813627749	0	0	0	0	0	0	0	0	0	0.835196190123065	0	0	0	0	0	0	0	0	0	0.950606814733764	0	0	0	0	0	0	0	0	0	0	0	0	0	0	0	0	0.885308580441624	0	0
0.679855924534524	0	0	0.859788360807003	0	0	0	0	0	0	0	0	0	0	0	0	0	0	0	0	0	0	0	0	0	0	0	0	0	0	0	0	0	0	0	0	0	0	0	0	0	0	0	0	0	0	0	0	0	0.828145813627749	0	0.950634984550989	0.631610408331177	0	0	0	0	0	0	0	0	0	0	0	0	0	0	0	0	0	0	0	0	0	0	0	0	0	0	0	0	0	0	0	0	0	0	0	0	0
0	0	0	0	0	0	0	0	0	0	0	0	0.768897109049812	0	0	0	0	0	0	0	0	0	0	0	0	0	0	0	0.989355680838994	0	0	0	0	0	0	0	0	0	0	0	0	0	0	0	0	0	0	0	0	0	0.950634984550989	0	0	0	0	0	0	0	0	0	0	0	0	0	0.682566683217832	0	0.837548292024285	0	0	0	0	0	0	0	0	0	0	0	0	0	0	0	0.652528694329977	0	0	0	0	0	0	0
0	0	0	0	0	0	0	0	0	0	0	0.716337435152444	0	0	0	0	0	0	0	0	0	0	0	0	0	0	0	0	0	0	0	0	0	0.987204509705462	0	0	0	0	0	0	0	0	0	0	0	0	0	0	0	0	0.631610408331177	0	0	0	0	0	0	0.771380630435295	0	0	0	0.873025219184039	0	0	0	0	0	0	0	0	0	0	0	0	0	0	0	0	0	0	0	0	0	0	0	0	0	0	0	0
0	0	0	0	0	0	0	0	0	0.8038040610336	0	0	0	0	0	0	0	0	0	0	0	0	0	0	0	0	0	0.992040138558799	0	0.747821632482101	0	0	0	0	0	0	0	0	0	0	0	0	0	0.679677122162946	0	0	0	0	0	0	0	0	0	0	0	0	0	0	0	0	0	0	0	0	0	0	0	0.930662355261055	0	0	0	0	0	0	0	0	0	0	0	0	0	0	0	0	0	0	0	0	0	0
0	0	0	0	0	0	0	0	0	0	0	0	0	0	0	0	0	0	0	0	0	0	0	0	0	0	0	0	0	0	0	0	0	0	0	0.998675110970534	0	0	0	0.613271226617615	0	0	0	0	0	0	0	0	0	0	0	0	0	0	0	0	0	0	0	0	0	0	0	0	0	0	0	0	0	0	0	0	0	0	0	0	0.715463653335215	0	0	0	0	0	0	0	0	0	0	0	0	0
0	0	0	0	0	0	0	0	0	0	0	0	0	0	0	0	0	0	0	0	0	0	0	0	0	0	0	0	0	0	0	0	0	0	0	0.791911061528105	0	0.794423086095633	0	0	0	0	0	0	0	0	0	0	0.962730644946228	0	0	0	0	0	0	0	0	0	0	0	0	0	0.741447119137958	0	0.934943149039318	0	0	0	0	0	0.95340114412279	0	0	0	0	0	0	0	0	0	0	0	0	0	0	0	0	0	0	0
0	0	0	0	0	0	0	0	0	0	0	0	0	0	0	0	0	0	0	0	0	0	0	0	0	0	0	0	0	0	0	0	0	0	0	0	0	0	0	0.867494212347319	0	0	0	0	0	0	0	0	0	0	0	0	0	0	0	0	0	0	0	0	0	0	0	0	0	0	0	0	0	0	0	0	0	0	0	0	0	0	0	0	0	0	0.841037870658668	0	0	0	0	0	0	0
0	0	0	0	0	0	0	0	0	0	0	0.621834465547533	0	0	0	0	0	0	0	0	0	0	0	0	0	0	0	0	0	0	0	0	0	0	0	0	0	0	0	0	0	0	0	0	0	0	0	0	0	0	0	0	0.771380630435295	0	0	0	0	0	0.604284434188627	0	0	0	0	0	0	0	0	0	0	0	0	0	0	0	0	0	0	0	0	0	0	0	0	0	0	0	0	0	0	0
0	0	0	0	0	0	0	0	0	0	0	0	0	0	0	0	0	0	0	0	0	0	0	0	0	0	0	0	0	0	0	0	0	0	0	0	0	0	0	0	0	0	0	0	0	0	0	0	0	0	0	0	0	0	0	0	0	0.604284434188627	0	0	0.909990433291582	0	0	0	0	0	0	0	0	0	0	0	0.792563622540058	0	0	0	0	0	0	0	0	0	0	0	0	0	0	0	0	0
0	0	0	0	0	0	0	0	0	0	0	0	0	0	0	0	0	0	0	0	0	0	0	0	0	0	0	0	0	0	0	0	0	0	0	0	0.919749982109463	0	0	0	0	0.799580481966855	0	0	0	0	0	0	0	0	0	0	0	0	0	0	0	0	0	0	0	0	0	0	0	0	0	0	0	0	0	0	0	0	0	0	0	0	0	0	0	0	0	0	0	0	0	0	0	0
0	0	0	0	0	0	0	0	0	0	0	0.848798372652714	0	0	0	0	0	0	0	0	0.976579094872131	0	0	0	0	0.65534906886885	0	0	0	0	0	0	0	0	0	0	0	0	0	0	0	0	0	0	0	0	0	0	0	0.835196190123065	0	0	0	0	0	0	0	0	0.909990433291582	0	0	0	0.829051959014911	0	0	0	0	0	0	0	0	0	0	0	0	0	0	0	0.799009230694802	0	0	0	0	0	0	0	0	0	0	0
0	0	0	0	0	0	0	0	0	0	0	0	0	0	0	0	0	0	0	0	0	0	0	0.891790989234737	0	0	0	0	0	0	0	0	0	0	0	0	0	0	0	0	0	0	0	0	0	0	0	0	0	0	0	0	0.873025219184039	0	0	0	0	0	0	0	0	0	0	0	0	0	0	0	0	0	0	0	0	0.967183352422319	0	0	0	0	0	0	0	0	0	0	0	0	0	0	0	0
0	0	0	0	0	0	0	0.972902253772751	0	0	0	0	0	0	0	0	0	0	0	0	0	0	0	0	0	0	0	0	0	0	0	0.606814186651974	0	0	0	0	0.902120702367693	0	0	0	0	0	0	0	0	0	0	0	0	0	0	0	0	0	0	0.741447119137958	0	0	0	0	0.829051959014911	0	0	0	0	0	0	0	0	0	0	0	0	0	0	0	0	0	0	0	0	0	0	0	0	0	0	0	0	0
0	0	0	0	0	0	0	0	0	0	0	0	0	0	0	0	0	0	0	0.979743894690608	0	0	0	0	0	0	0	0	0	0	0	0	0	0	0	0	0	0	0	0	0	0	0	0.95203062190546	0	0	0	0	0	0	0	0	0	0	0	0	0	0	0	0	0	0	0	0	0	0	0	0	0	0	0	0.699000095246992	0	0	0	0	0	0	0	0	0	0	0	0	0	0	0	0	0	0
0	0	0	0	0	0	0.745071243730343	0	0	0	0	0	0	0	0	0	0	0	0	0	0	0	0	0	0	0	0	0	0	0	0	0	0	0	0	0	0	0	0	0	0	0	0	0	0	0	0	0	0	0	0	0.682566683217832	0	0	0	0.934943149039318	0	0	0	0	0	0	0	0	0	0	0	0	0	0	0	0	0	0.773912589142267	0	0	0	0	0	0	0	0	0	0	0	0	0	0	0	0
0	0	0	0	0	0	0	0	0	0	0	0.997599288506499	0	0	0	0	0	0	0	0	0	0	0	0	0	0	0	0	0	0.996038530299405	0	0	0	0	0	0	0	0	0	0	0	0	0	0	0	0	0	0	0	0	0	0	0	0	0	0	0	0	0	0	0	0	0	0	0	0	0	0	0	0	0.546706578632887	0	0	0	0	0	0	0	0	0	0	0	0	0	0	0	0	0	0	0
0	0	0	0	0	0	0	0	0	0	0	0	0	0	0	0	0	0	0	0	0	0	0	0	0	0	0	0.827043112412799	0	0	0	0	0	0	0	0	0	0	0	0	0	0	0	0	0	0	0	0.789625071557715	0	0	0	0.837548292024285	0	0	0	0	0	0	0	0	0	0	0	0	0	0	0	0	0	0	0	0	0	0	0.660552692538598	0	0	0	0	0	0	0	0.800744812113696	0	0	0	0	0	0	0
0	0	0	0	0	0	0	0	0	0	0	0	0	0	0	0	0	0	0	0	0	0	0	0	0	0	0	0	0	0	0	0	0	0	0	0	0	0	0	0	0	0	0	0.695268842755163	0	0	0	0	0	0	0	0	0	0.930662355261055	0	0	0	0	0	0	0	0	0	0	0	0	0	0	0.666799572034027	0	0	0	0	0	0	0	0	0	0	0	0	0	0	0	0	0	0	0	0	0
0	0	0	0	0	0	0	0	0	0	0	0.934776714694227	0	0	0	0.957566078868041	0	0	0	0	0	0	0	0	0	0	0	0	0	0	0	0	0	0	0	0	0	0	0	0.569184660046653	0	0	0	0	0	0	0	0	0	0	0	0	0	0	0	0	0	0	0	0	0	0	0	0	0	0	0	0.666799572034027	0	0	0	0	0	0	0	0	0	0	0	0	0	0	0	0	0	0	0	0	0	0
0	0	0	0	0	0	0	0	0	0	0	0	0	0	0	0	0	0	0	0	0	0	0	0	0	0	0	0	0	0	0	0	0	0	0	0	0	0	0	0	0	0	0	0	0	0	0	0	0	0	0	0	0	0	0	0	0	0	0	0	0	0	0	0	0	0	0	0	0	0	0.704042274894415	0	0	0	0	0	0	0	0	0	0.824917138475179	0	0	0	0	0	0	0	0	0
0	0	0	0	0	0	0	0	0	0	0	0	0	0	0	0	0	0	0	0	0	0	0	0	0	0	0	0	0	0	0	0	0	0	0	0	0	0	0	0	0	0	0	0	0	0	0	0	0	0.950606814733764	0	0	0	0	0	0.95340114412279	0	0	0	0	0	0	0	0	0	0.546706578632887	0	0	0	0.704042274894415	0	0	0	0	0	0	0	0	0	0	0	0	0	0	0	0	0	0	0	0
0.869222041226392	0	0	0	0.970912359695833	0.909556053804496	0	0	0	0	0	0	0	0	0.79247613601001	0	0	0	0	0	0	0	0	0	0	0	0	0	0	0	0	0	0	0	0	0	0	0	0	0.685492747988266	0	0	0	0	0.789911674426162	0	0	0	0	0	0	0	0	0	0	0	0	0	0	0	0	0	0	0.699000095246992	0	0	0	0	0	0	0	0	0	0	0	0	0	0	0	0	0.947250281078213	0	0	0	0	0	0	0	0	0
0.787856486462464	0	0	0	0	0	0	0	0.796045576075309	0	0	0	0	0.720475647407808	0	0	0	0	0	0	0	0	0	0	0	0	0	0	0	0	0	0	0	0	0	0	0	0	0	0	0	0	0	0	0	0	0	0	0	0	0	0	0	0	0	0	0	0	0.792563622540058	0	0	0	0	0	0	0	0	0	0	0	0	0	0	0	0.750526447852578	0	0	0	0	0	0	0	0	0	0	0	0	0	0	0
0	0	0	0	0	0	0	0	0	0	0	0	0	0	0	0	0	0	0	0	0	0	0.936938015597103	0	0	0	0	0.980639592899186	0	0	0	0	0	0	0	0	0	0	0	0	0	0	0	0	0	0	0	0	0	0	0	0	0	0	0	0	0	0	0	0	0	0.967183352422319	0	0	0.773912589142267	0	0	0	0	0	0	0	0	0	0	0	0	0	0	0	0	0	0	0	0	0	0	0.962830075887344	0	0
0	0	0	0	0	0	0	0	0	0	0	0	0	0	0	0	0	0	0	0	0	0	0	0	0	0	0	0	0	0	0	0	0	0	0	0	0	0	0	0	0	0	0	0	0	0	0	0	0.575984942762478	0	0	0	0	0	0	0	0	0	0	0	0	0	0	0	0	0	0.660552692538598	0	0	0	0	0	0.750526447852578	0	0	0	0	0	0	0	0	0	0	0	0	0	0.603411770980432	0	0	0
0	0	0	0.876717212300735	0	0	0	0	0	0	0	0	0	0	0	0	0	0	0	0	0	0	0	0	0	0	0	0	0.870659293897611	0	0	0.966704210926345	0	0	0	0	0	0	0	0	0	0	0	0	0	0	0	0	0	0	0	0	0	0	0	0	0	0	0	0	0	0	0	0	0	0	0	0	0	0	0	0	0	0	0	0	0	0	0	0	0	0.93685858199065	0	0	0	0	0	0	0	0
0	0	0	0	0	0	0	0	0	0	0	0	0	0	0	0	0	0	0	0	0	0	0	0.795381420462314	0	0	0	0	0	0	0	0	0	0	0	0.828591156490483	0	0	0	0	0	0	0	0	0	0	0	0	0	0	0	0	0	0	0.715463653335215	0	0	0	0	0	0	0	0	0	0	0	0	0	0	0	0	0	0	0	0	0	0	0	0	0	0	0	0	0	0	0	0	0	0	0
0	0	0	0.888846701329924	0	0	0	0	0	0	0	0	0	0	0	0	0	0	0	0	0	0	0	0	0	0	0	0.951320696642532	0	0	0	0	0	0	0.674534179009102	0	0	0	0	0	0	0	0	0	0.56683358662567	0	0	0	0	0	0	0	0	0	0	0	0	0	0	0	0	0	0	0	0	0	0	0	0	0	0	0	0	0	0	0	0	0	0	0	0	0	0	0	0	0	0	0	0	0
0	0	0	0	0	0	0	0	0	0.730073191009159	0	0	0	0	0	0	0	0	0	0	0	0	0	0	0	0	0	0	0	0	0	0	0	0	0	0	0	0	0	0	0	0	0	0	0	0	0	0.782059572954833	0	0	0	0	0	0	0	0	0	0	0	0	0.799009230694802	0	0	0	0	0	0	0	0	0	0	0	0	0	0	0	0	0	0	0	0.871262212815613	0	0	0	0	0	0	0	0.911518691034625	0.808540021799232
0	0	0	0	0.938559929563329	0	0	0	0	0	0	0	0	0	0	0	0	0	0	0	0	0.822491370038934	0	0	0	0	0	0	0	0	0	0	0	0	0	0	0	0	0	0	0	0	0	0	0	0	0	0	0	0	0	0	0	0	0	0	0	0	0	0	0	0	0	0	0	0	0	0	0	0	0	0	0	0	0	0	0	0	0	0	0	0	0	0	0	0	0.641440473996348	0	0	0
0	0	0	0	0	0	0	0	0	0	0	0	0	0	0	0	0	0	0	0	0	0	0	0	0	0	0	0	0	0	0	0	0	0	0.859201744465035	0	0	0	0	0	0	0	0.86997566433835	0	0	0	0	0	0	0	0	0	0	0	0	0	0	0	0	0	0	0	0	0	0	0	0	0	0	0.824917138475179	0	0.947250281078213	0	0	0	0	0	0	0.871262212815613	0	0	0	0	0	0	0	0	0	0	0
0.887472331166991	0	0	0	0	0	0	0	0	0	0	0	0	0	0	0	0	0	0	0	0	0	0	0	0	0	0	0	0	0	0	0	0.926185035597406	0	0	0	0	0	0	0	0	0	0	0	0	0	0	0	0	0	0	0	0	0	0	0	0	0	0	0	0	0	0	0	0	0	0	0	0	0	0	0	0	0	0	0.93685858199065	0	0	0	0	0	0	0	0	0	0	0	0	0	0
0	0	0	0	0	0	0	0	0	0	0	0	0	0.965033183227462	0	0	0	0	0	0	0	0	0	0	0	0	0	0.994304695836239	0	0	0.941790819195004	0	0	0	0	0	0	0	0	0	0	0	0	0	0	0	0	0	0	0	0	0.652528694329977	0	0	0	0	0.841037870658668	0	0	0	0	0	0	0	0	0	0.800744812113696	0	0	0	0	0	0	0	0	0	0	0	0	0	0	0	0	0	0	0	0	0	0	0
0	0	0	0.949300779326657	0	0	0	0	0	0	0	0	0	0	0	0	0	0	0	0	0	0	0	0.941509451210439	0	0	0	0	0	0	0	0	0	0	0	0	0	0	0.866520946583203	0	0	0	0.650163139351195	0	0	0.566763972788231	0	0	0	0	0	0	0	0	0	0	0	0	0	0	0	0	0	0	0	0	0	0	0	0	0	0	0	0	0	0	0	0	0	0	0	0	0	0	0	0	0	0	0	0
0	0	0	0	0	0	0	0	0	0	0	0	0.724737533309624	0	0	0	0.805169563402691	0	0	0	0	0	0	0	0	0	0	0	0	0	0	0	0	0	0	0	0	0	0	0.865027954414972	0	0	0	0	0	0	0	0	0	0	0	0	0	0	0	0	0	0	0	0	0	0	0	0	0	0	0	0	0	0	0	0	0	0	0	0	0	0	0	0	0	0	0	0	0	0.759567460364022	0.854314770660373	0	0	0
0	0	0	0	0	0	0	0	0	0	0	0	0	0	0	0	0	0	0	0	0	0	0	0	0.640834783824056	0	0	0	0	0	0	0	0	0	0	0	0	0.733193777907199	0.890411264862451	0	0	0	0	0	0	0	0.936140858269148	0	0	0	0	0	0	0	0	0	0	0	0	0	0	0	0	0	0	0	0	0	0	0	0	0	0	0	0	0	0	0	0	0	0	0	0	0	0.759567460364022	0	0	0	0	0.989662882375126
0	0	0	0	0	0	0	0	0	0	0	0	0	0	0	0	0	0	0	0	0	0	0	0	0.943555389550675	0	0	0	0	0	0	0	0	0	0	0	0	0	0	0	0	0	0	0	0	0	0	0	0	0	0	0	0	0	0	0	0	0	0	0	0	0	0	0	0	0	0	0	0	0	0	0	0	0	0.603411770980432	0	0	0	0	0.641440473996348	0	0	0	0	0.854314770660373	0	0	0	0	0
0	0	0	0	0	0	0	0	0	0	0	0	0	0	0	0	0	0	0	0	0	0	0	0	0	0	0	0	0.80680066040935	0	0	0	0	0	0	0	0	0	0	0	0	0	0	0	0	0	0	0	0	0.885308580441624	0	0	0	0	0	0	0	0	0	0	0	0	0	0	0	0	0	0	0	0	0	0	0	0.962830075887344	0	0	0	0	0	0	0	0	0	0	0	0	0	0	0	0
0.772965226764753	0	0	0	0	0	0	0	0	0	0	0	0	0	0	0	0	0	0	0	0	0	0	0	0	0	0	0	0	0	0	0.862730111285283	0	0	0	0	0	0	0	0	0	0	0	0	0	0	0	0	0	0	0	0	0	0	0	0	0	0	0	0	0	0	0	0	0	0	0	0	0	0	0	0	0	0	0	0	0	0	0.911518691034625	0	0	0	0	0	0	0	0	0	0	0
0	0	0	0	0	0	0	0	0	0	0	0	0	0	0	0	0	0	0	0	0	0.991224194032644	0	0	0	0	0	0	0	0	0	0	0	0	0	0	0	0	0	0	0	0	0	0	0	0	0	0	0	0	0	0	0	0	0	0	0	0	0	0	0	0	0	0	0	0	0	0	0	0	0	0	0	0	0	0	0	0	0.808540021799232	0	0	0	0	0	0	0.989662882375126	0	0	0	0
