0	0	0	0	0	0	0	0	0	0	0	0	0	0	0	0	0	0	0	0.696053356642049	0	0	0	0	0	0	0	0	0	0	0	0	0	0	0	0	0	0	0	0	0	0	0	0	0	0	0	0	0	0	0	0	0.59604372548493	0	0	0	0	0	0	0	0	0	0	0	0.610622395409979	0	0	0	0	0	0	0	0	0	0	0	0	0	0	0	0	0	0	0	0	0	0	0	0	0
0	0	0	0	0	0	0	0	0	0.838312567600169	0	0	0	0	0	0	0	0	0	0	0	0	0	0	0	0	0	0	0	0	0	0	0	0	0	0	0	0	0	0	0	0	0	0	0.970492892335399	0	0	0	0	0	0	0	0	0	0	0	0	0	0	0	0	0	0	0	0	0	0	0.97132711682921	0	0	0	0	0	0	0	0	0	0	0	0	0	0	0	0	0	0	0	0	0	0
0	0	0	0.872693784780142	0	0	0	0	0	0	0	0	0	0	0	0	0	0	0	0	0	0	0	0	0	0	0.710412990293453	0	0	0.51873192169263	0	0	0	0	0	0	0.90488834955329	0	0.695067404524063	0	0	0	0	0	0	0	0	0	0	0	0	0	0.994217988381473	0	0	0	0	0	0	0	0	0	0	0	0	0	0	0	0	0.730884980581771	0	0	0	0	0	0	0	0	0	0	0	0	0	0	0	0	0	0	0	0
0	0	0.872693784780142	0	0	0.710980493276443	0	0	0	0	0	0	0	0	0	0	0	0	0	0	0	0	0	0	0	0	0.857447112012674	0	0	0	0	0	0	0	0	0	0	0	0	0	0	0	0	0.956919927994518	0	0	0	0	0	0	0	0	0	0	0	0	0	0	0	0	0	0	0	0	0	0	0	0	0	0	0	0	0.820493634088671	0	0	0	0	0	0	0	0	0	0	0	0	0	0	0	0	0
0	0	0	0	0	0	0	0	0	0	0.989706140254518	0	0	0	0	0	0	0	0.790777771263519	0	0	0	0	0	0	0	0	0	0	0	0	0	0	0	0	0	0	0	0	0	0	0	0	0	0	0	0	0	0	0	0	0	0	0	0	0	0	0	0	0	0	0	0	0	0	0	0	0	0	0	0	0	0	0	0	0	0	0	0	0	0	0	0	0	0	0	0	0	0	0
0	0	0	0.710980493276443	0	0	0	0.85986534853696	0	0	0	0	0	0	0	0	0	0	0	0	0	0	0	0	0	0	0	0	0	0	0	0	0	0	0	0	0	0.857809351811044	0	0	0	0	0	0	0	0	0	0	0	0	0	0	0	0	0	0	0	0	0	0	0	0	0	0	0	0	0	0.899311933004537	0	0	0	0	0	0	0	0	0	0	0	0	0.98004487801139	0	0	0	0	0	0	0	0	0
0	0	0	0	0	0	0	0	0	0	0	0	0	0	0	0	0	0	0	0	0	0	0	0	0	0	0	0	0	0	0	0	0	0	0	0	0	0	0	0	0	0	0	0	0	0	0	0	0	0	0	0	0.711378897085545	0.608365962563852	0	0	0	0	0	0	0	0	0	0	0	0	0	0	0	0	0	0	0	0	0	0	0	0	0	0	0	0	0	0	0	0	0	0	0	0
0	0	0	0	0	0.85986534853696	0	0	0	0	0	0	0	0	0	0.93695248167716	0	0	0	0	0	0	0	0	0	0	0.824164449534997	0	0	0	0	0	0	0	0	0	0	0	0	0	0.877363235207369	0	0	0	0	0	0	0	0	0	0	0	0	0	0	0	0	0	0	0	0	0	0.781762592556573	0	0	0	0	0	0	0.722094302889291	0	0	0	0	0	0	0	0	0	0	0	0	0	0	0	0	0	0	0	0
0	0	0	0	0	0	0	0	0	0	0	0	0	0	0	0	0	0	0	0	0	0	0	0	0	0	0	0	0	0	0	0	0	0.85600967994731	0	0	0	0	0	0	0	0	0	0	0	0	0	0	0	0	0	0	0	0	0	0	0	0	0	0	0	0	0	0.928824125661929	0	0	0	0	0	0	0	0	0	0	0	0	0	0	0	0	0	0	0	0	0	0	0.88880749108682	0	0	0
0	0.838312567600169	0	0	0	0	0	0	0	0	0	0.753774661545009	0	0	0	0	0	0	0	0	0	0	0	0	0	0	0	0	0	0	0	0	0	0	0	0	0	0	0	0	0	0	0	0	0	0	0	0	0	0	0	0	0	0	0	0	0	0	0	0	0	0.848275281153128	0	0	0	0	0	0	0	0	0	0	0	0	0	0	0	0	0	0	0	0	0	0.725273681432895	0	0	0	0	0	0
0	0	0	0	0.989706140254518	0	0	0	0	0	0	0	0	0	0	0	0	0	0	0	0	0	0	0	0	0	0	0	0	0	0	0	0.910673976156743	0	0	0	0	0	0	0	0	0.747131786620858	0	0	0	0.877628166254428	0	0	0	0	0	0	0	0	0	0	0	0	0	0	0	0	0	0	0	0	0	0	0	0	0	0.909847719274729	0	0	0	0	0	0	0	0	0	0	0	0	0	0	0	0	0	0
0	0	0	0	0	0	0	0	0	0.753774661545009	0	0	0.956722924381354	0	0	0	0	0	0	0	0	0	0	0	0	0	0	0	0	0	0	0	0	0	0	0	0	0	0	0	0	0	0	0	0	0	0	0	0	0	0	0	0	0	0	0	0	0	0	0	0	0	0	0	0	0	0	0	0	0	0	0	0	0	0	0	0	0	0	0	0	0	0.909960046807445	0	0	0	0	0.87311901050817	0	0
0	0	0	0	0	0	0	0	0	0	0	0.956722924381354	0	0.884800016351835	0.709280090231259	0	0	0	0	0	0	0	0	0	0	0	0	0	0	0	0	0	0	0	0	0	0	0	0	0	0	0	0	0	0	0	0	0	0	0	0	0	0	0	0	0	0	0	0	0	0	0	0	0	0	0	0	0	0	0	0	0	0	0	0	0	0	0	0	0	0	0	0	0	0	0	0	0	0	0
0	0	0	0	0	0	0	0	0	0	0	0	0.884800016351835	0	0	0	0	0	0	0	0	0	0	0	0	0	0	0	0	0.719553909428185	0	0	0	0	0	0	0	0	0	0	0	0	0	0	0	0	0	0	0	0	0	0	0	0	0	0	0	0	0	0	0	0	0	0	0	0	0	0	0	0	0	0	0	0	0	0	0	0	0	0	0	0	0.995049467985393	0	0	0	0	0	0	0
0	0	0	0	0	0	0	0	0	0	0	0	0.709280090231259	0	0	0.869916277357764	0	0	0	0	0	0	0	0	0	0	0	0	0	0	0	0	0	0	0	0	0	0	0	0	0.894853600491261	0	0	0	0	0	0	0	0	0	0	0	0	0	0	0.753609670198782	0	0	0	0	0	0	0	0	0	0	0	0	0	0	0	0	0	0	0	0	0	0	0	0	0	0	0	0	0	0	0	0	0	0
0	0	0	0	0	0	0	0.93695248167716	0	0	0	0	0	0	0.869916277357764	0	0	0	0	0	0	0	0	0	0	0	0	0	0	0	0	0	0	0	0	0	0	0	0	0	0	0	0	0	0	0	0	0	0	0	0	0	0	0	0	0	0	0	0	0	0.902246460872945	0	0	0	0	0	0	0	0	0	0	0	0.899339833693594	0	0	0	0	0	0	0	0	0.866561586877992	0	0	0	0	0	0	0	0
0	0	0	0	0	0	0	0	0	0	0	0	0	0	0	0	0	0	0	0	0	0	0	0	0	0	0	0	0	0	0	0	0	0	0	0	0	0.5758376388834	0	0	0	0	0	0	0	0	0	0	0	0	0	0	0	0	0	0	0	0	0	0	0	0	0	0	0	0	0	0	0	0	0	0	0	0	0	0	0	0.986123715758613	0	0	0	0	0	0.912547458678586	0	0	0	0	0	0
0	0	0	0	0	0	0	0	0	0	0	0	0	0	0	0	0	0	0.693442883685545	0	0	0	0	0	0	0	0	0	0	0	0	0	0	0	0	0	0	0	0	0	0	0	0	0	0	0	0	0	0	0.945610352059618	0	0	0	0	0	0.708103141063468	0	0	0.992155791410232	0	0	0	0	0	0	0	0	0	0	0	0.930351944427699	0	0	0.871535980737372	0	0	0	0	0	0	0	0	0	0	0	0	0	0	0	0
0	0	0	0	0.790777771263519	0	0	0	0	0	0	0	0	0	0	0	0	0.693442883685545	0	0	0.7493449582516	0	0	0	0	0	0	0	0	0	0	0	0	0	0	0	0	0	0	0	0	0	0	0	0	0	0	0	0	0	0	0	0	0	0	0	0	0	0.777463525270522	0	0.785124827045637	0	0	0	0	0	0	0	0	0	0	0	0	0	0	0	0	0	0	0	0	0	0.837241953432603	0	0	0	0	0	0	0
0.696053356642049	0	0	0	0	0	0	0	0	0	0	0	0	0	0	0	0	0	0	0	0	0	0	0	0	0	0	0	0	0	0	0	0	0	0	0	0	0	0	0	0	0.949686867288021	0	0	0	0	0	0	0	0	0	0	0	0	0	0	0	0	0	0	0	0	0	0	0.985377051213235	0	0	0	0	0	0	0	0	0	0	0	0	0	0	0	0	0	0	0	0	0	0	0	0	0
0	0	0	0	0	0	0	0	0	0	0	0	0	0	0	0	0	0	0.7493449582516	0	0	0	0	0	0	0	0	0	0	0	0	0	0	0	0	0	0	0	0	0	0	0	0	0	0	0	0	0	0	0	0	0	0	0	0	0	0	0	0	0	0	0	0	0	0	0	0	0	0	0	0	0	0	0	0	0	0	0	0	0.632431761376339	0	0	0	0	0	0	0	0.782516753158775	0	0
0	0	0	0	0	0	0	0	0	0	0	0	0	0	0	0	0	0	0	0	0	0	0	0	0	0	0	0	0	0	0	0	0	0	0	0	0	0	0	0	0	0	0	0.927708777678571	0	0	0	0	0	0	0	0	0	0	0	0	0	0	0	0	0	0	0	0	0	0	0	0	0	0	0	0	0	0.808251330657053	0	0	0	0	0	0	0	0	0	0	0	0	0	0	0	0
0	0	0	0	0	0	0	0	0	0	0	0	0	0	0	0	0	0	0	0	0	0	0	0.799650302880023	0.813897040998664	0	0	0	0	0	0	0	0	0	0	0	0	0	0	0	0	0	0	0	0	0	0	0	0	0	0	0	0	0	0	0	0	0	0	0	0	0	0	0	0	0	0	0	0	0	0	0.895271569507982	0	0	0	0	0	0	0	0	0	0	0	0	0	0	0	0	0	0
0	0	0	0	0	0	0	0	0	0	0	0	0	0	0	0	0	0	0	0	0	0	0.799650302880023	0	0	0	0	0	0	0	0	0	0	0	0	0	0	0	0	0	0	0	0	0	0	0	0	0	0	0	0	0	0	0	0	0	0	0	0	0	0	0	0	0	0	0	0	0	0	0	0	0	0	0	0	0	0	0	0	0	0.874943824897451	0	0	0	0	0	0.606042870251983	0	0	0
0	0	0	0	0	0	0	0	0	0	0	0	0	0	0	0	0	0	0	0	0	0	0.813897040998664	0	0	0	0	0	0	0	0	0	0	0	0.979396334679252	0	0	0	0	0	0	0	0	0	0	0	0	0	0	0	0	0	0	0	0	0	0	0	0	0	0	0	0	0	0	0	0	0	0	0	0	0	0	0	0	0	0	0	0	0	0	0	0	0	0	0.700992423588327	0	0	0	0
0	0	0	0	0	0	0	0	0	0	0	0	0	0	0	0	0	0	0	0	0	0	0	0	0	0	0	0	0	0	0	0	0	0	0	0	0	0	0	0	0	0	0	0.742086874826092	0	0	0.886104733529974	0	0.981805417950952	0	0	0	0	0	0	0	0	0	0	0	0	0	0	0	0	0	0	0	0	0	0	0	0	0	0	0	0	0	0	0	0.782430599126681	0	0	0	0	0	0	0	0	0
0	0	0.710412990293453	0.857447112012674	0	0	0	0.824164449534997	0	0	0	0	0	0	0	0	0	0	0	0	0	0	0	0	0	0	0	0	0	0	0.566066295012014	0	0	0	0	0	0	0	0	0	0	0	0	0	0	0	0	0	0	0	0	0	0	0	0	0	0	0	0	0	0	0	0	0	0	0	0	0	0	0	0	0	0	0	0	0	0	0	0	0	0	0	0	0	0	0	0	0	0	0
0	0	0	0	0	0	0	0	0	0	0	0	0	0	0	0	0	0	0	0	0	0	0	0	0	0	0	0	0	0	0	0.812003367412353	0	0	0	0	0	0	0.867108965782631	0	0	0	0	0.606213402432437	0	0	0	0	0	0	0	0	0	0	0	0	0	0	0	0	0	0	0	0	0	0	0	0	0	0	0	0	0	0	0	0	0	0	0	0	0	0	0	0	0	0	0	0	0	0
0	0	0	0	0	0	0	0	0	0	0	0	0	0	0	0	0	0	0	0	0	0	0	0	0	0	0	0	0	0	0	0	0	0	0	0	0	0	0	0	0	0	0	0	0.915169012693027	0	0	0	0	0	0	0.854329119622337	0.88955290322272	0	0	0	0	0	0	0	0	0.900019047571679	0	0	0	0	0	0	0	0	0	0	0	0	0	0	0	0	0	0	0	0	0	0	0	0	0	0	0	0
0	0	0.51873192169263	0	0	0	0	0	0	0	0	0	0	0.719553909428185	0	0	0	0	0	0	0	0	0	0	0	0	0	0	0	0	0.86711348551711	0	0	0	0	0	0	0	0	0	0	0	0.944359322538868	0.928589554436196	0	0	0	0	0	0	0	0	0	0	0	0	0	0	0	0	0	0	0	0	0	0	0	0	0	0	0	0	0	0.891686310990847	0	0	0	0	0	0	0	0	0	0	0	0	0	0	0	0
0	0	0	0	0	0	0	0	0	0	0	0	0	0	0	0	0	0	0	0	0	0	0	0	0	0	0.566066295012014	0	0	0.86711348551711	0	0	0	0	0	0.71981066810187	0	0	0	0	0	0	0	0	0	0	0	0	0	0	0	0	0	0	0	0	0	0	0	0	0	0	0	0	0	0	0	0	0	0	0	0	0	0	0	0	0	0	0	0	0	0	0	0	0	0	0	0	0	0
0	0	0	0	0	0	0	0	0	0	0	0	0	0	0	0	0	0	0	0	0	0	0	0	0	0	0	0.812003367412353	0	0	0	0	0	0	0	0	0	0	0.618910263876531	0	0	0	0	0	0	0	0	0	0	0	0	0	0	0	0	0	0	0	0	0	0	0	0	0	0	0	0	0	0	0	0	0	0	0	0	0	0	0	0	0.846468194061304	0	0	0	0	0	0	0	0	0	0
0	0	0	0	0	0	0	0	0	0	0.910673976156743	0	0	0	0	0	0	0	0	0	0	0	0	0	0	0	0	0	0	0	0	0	0	0	0	0	0	0	0	0	0	0	0	0.875122037858742	0	0	0	0	0	0	0	0	0	0	0	0	0	0	0	0	0	0	0	0	0	0	0	0	0	0	0	0	0	0	0	0.741624261309908	0	0	0	0	0	0	0	0	0	0	0	0	0	0
0	0	0	0	0	0	0	0	0.85600967994731	0	0	0	0	0	0	0	0	0	0	0	0	0	0	0	0	0	0	0	0	0	0	0	0	0	0	0	0	0	0	0	0	0	0	0	0	0	0	0	0	0	0	0	0	0	0	0	0	0	0	0	0	0	0	0	0	0	0.76031557142276	0	0	0	0	0	0	0	0	0	0	0.926473303851119	0	0	0	0	0	0	0	0	0	0	0	0
0	0	0	0	0	0	0	0	0	0	0	0	0	0	0	0	0	0	0	0	0	0	0	0	0.979396334679252	0	0	0	0	0	0	0	0	0	0	0.994296549747715	0	0	0	0	0	0	0.926883368848595	0	0	0	0	0	0.895245521662538	0	0	0	0	0	0	0	0	0	0.631237620296945	0	0	0	0	0	0	0	0	0	0	0	0	0	0	0	0	0	0	0	0	0	0	0	0	0	0	0	0	0	0	0
0	0	0	0	0	0	0	0	0	0	0	0	0	0	0	0	0	0	0	0	0	0	0	0	0	0	0	0	0	0	0.71981066810187	0	0	0	0.994296549747715	0	0	0	0	0.884557204331923	0	0	0	0	0	0	0	0	0	0	0	0	0	0.749185834630145	0	0	0	0	0	0	0	0	0	0	0	0	0	0	0	0	0	0.738492346372772	0	0	0	0	0	0	0	0	0	0	0	0	0	0	0	0	0	0
0	0	0.90488834955329	0	0	0	0	0	0	0	0	0	0	0	0	0	0	0	0	0	0	0	0	0	0	0	0	0	0	0	0	0	0	0	0	0	0	0	0	0	0	0	0	0	0	0	0	0	0.864315333553305	0	0	0	0	0	0	0	0	0	0	0	0	0	0	0	0	0	0	0	0	0	0	0	0.687694088963435	0	0	0	0	0	0	0	0	0	0	0	0	0	0	0	0	0
0	0	0	0	0	0.857809351811044	0	0	0	0	0	0	0	0	0	0	0.5758376388834	0	0	0	0	0	0	0	0	0	0	0	0	0	0	0	0	0	0	0	0	0	0	0	0	0	0	0	0	0	0	0	0	0	0	0	0.853432760556217	0	0	0	0	0	0	0	0	0	0	0	0	0	0	0	0	0	0	0	0	0	0	0	0.771152677968999	0	0	0	0	0	0	0	0	0	0	0	0	0
0	0	0.695067404524063	0	0	0	0	0	0	0	0	0	0	0	0	0	0	0	0	0	0	0	0	0	0	0	0	0.867108965782631	0	0	0	0.618910263876531	0	0	0	0	0	0	0	0	0	0	0	0	0	0	0	0	0	0	0	0	0	0	0	0	0	0	0	0	0	0	0	0	0	0	0	0	0	0	0	0	0	0	0	0	0	0	0	0	0	0	0	0	0	0	0	0	0	0
0	0	0	0	0	0	0	0	0	0	0	0	0	0	0	0	0	0	0	0	0	0	0	0	0	0	0	0	0	0	0	0	0	0	0	0.884557204331923	0	0	0	0	0.652022105685337	0	0	0	0	0	0	0	0	0	0	0	0	0	0	0	0	0.893762959768461	0	0	0	0	0	0	0	0	0	0	0	0	0	0	0	0	0	0	0.706347806972189	0	0	0	0	0	0	0	0	0	0	0	0	0
0	0	0	0	0	0	0	0.877363235207369	0	0	0	0	0	0	0.894853600491261	0	0	0	0	0	0	0	0	0	0	0	0	0	0	0	0	0	0	0	0	0	0	0	0	0.652022105685337	0	0	0	0	0	0	0	0	0	0	0	0	0	0	0	0	0	0	0	0	0	0	0	0	0	0	0	0	0	0	0	0	0	0	0	0	0	0	0	0	0	0	0	0	0	0	0	0	0	0
0	0	0	0	0	0	0	0	0	0	0.747131786620858	0	0	0	0	0	0	0	0	0.949686867288021	0	0	0	0	0	0	0	0	0	0	0	0	0	0	0	0	0	0	0	0	0	0	0	0	0	0.696223026519968	0	0	0	0	0	0	0	0	0	0	0	0	0	0	0	0	0	0	0	0	0	0	0	0	0	0	0	0	0	0	0.904606952512883	0	0	0	0	0	0.872003021324028	0	0	0	0	0	0	0
0	0	0	0	0	0	0	0	0	0	0	0	0	0	0	0	0	0	0	0	0	0	0	0	0	0	0	0	0	0.944359322538868	0	0	0	0	0.926883368848595	0	0	0	0	0	0	0	0	0	0	0	0	0	0	0	0	0	0	0	0	0	0	0	0	0	0	0	0	0	0	0	0	0	0	0	0	0	0	0	0	0	0	0	0	0.863803156679459	0	0	0	0	0	0	0	0	0	0
0	0	0	0.956919927994518	0	0	0	0	0	0	0	0	0	0	0	0	0	0	0	0	0	0.927708777678571	0	0	0	0.742086874826092	0	0.606213402432437	0	0.928589554436196	0	0	0.875122037858742	0	0	0	0	0	0	0	0	0	0	0	0	0	0	0	0	0	0	0	0	0	0	0	0	0	0	0	0	0	0.892234385244948	0	0	0	0	0	0	0	0	0	0	0	0	0	0	0	0	0	0	0	0.746550789455781	0	0	0	0	0	0	0
0	0.970492892335399	0	0	0	0	0	0	0	0	0	0	0	0	0	0	0	0	0	0	0	0	0	0	0	0	0	0	0.915169012693027	0	0	0	0	0	0	0	0	0	0	0	0	0	0	0	0	0.880178769080742	0.555726579627223	0	0	0	0	0.776472663482578	0	0	0	0	0	0	0	0	0	0	0	0	0	0	0	0	0	0	0	0	0	0	0	0	0	0	0	0	0	0.986805200937161	0	0	0	0	0	0	0	0
0	0	0	0	0	0	0	0	0	0	0.877628166254428	0	0	0	0	0	0	0	0	0	0	0	0	0	0	0	0	0	0	0	0	0	0	0	0	0	0	0	0	0	0	0.696223026519968	0	0	0.880178769080742	0	0	0	0	0	0	0	0	0	0	0	0	0	0	0	0	0	0	0	0.640573970439838	0	0	0	0	0	0	0	0	0	0	0	0	0	0	0	0	0	0	0	0	0	0	0	0.985715797363826	0
0	0	0	0	0	0	0	0	0	0	0	0	0	0	0	0	0	0	0	0	0	0	0	0	0	0.886104733529974	0	0	0	0	0	0	0	0	0	0	0	0	0	0	0	0	0	0	0.555726579627223	0	0	0.955910347820794	0	0	0	0	0	0	0	0	0	0	0	0	0	0	0	0	0	0	0	0	0	0	0	0	0	0	0	0	0	0	0	0	0	0	0	0	0	0	0	0	0	0
0	0	0	0	0	0	0	0	0	0	0	0	0	0	0	0	0	0	0	0	0	0	0	0	0	0	0	0	0	0	0	0	0	0	0	0	0	0	0	0	0	0	0	0	0	0	0.955910347820794	0	0	0	0	0	0	0	0	0	0	0	0	0	0	0.611698727486045	0	0	0	0	0	0	0	0	0	0	0	0	0	0	0	0	0	0.827031015742709	0	0	0	0	0	0	0	0	0	0
0	0	0	0	0	0	0	0	0	0	0	0	0	0	0	0	0	0	0	0	0	0	0	0	0	0.981805417950952	0	0	0	0	0	0	0	0	0.895245521662538	0	0.864315333553305	0	0	0	0	0	0	0	0	0	0	0	0	0	0	0	0	0	0.985514220857767	0	0	0	0	0	0	0	0	0	0	0	0	0	0	0	0	0	0	0	0	0	0	0	0	0	0	0	0	0	0	0	0.936056779912277	0	0	0
0	0	0	0	0	0	0	0	0	0	0	0	0	0	0	0	0	0.945610352059618	0	0	0	0	0	0	0	0	0	0	0	0	0	0	0	0	0	0	0	0	0	0	0	0	0	0	0	0	0	0	0	0	0	0	0	0	0	0	0	0	0	0	0	0	0	0.833708287176208	0	0	0	0	0	0	0	0	0.987979192481291	0	0	0	0	0	0	0	0	0	0	0	0	0	0	0	0	0
0	0	0	0	0	0	0	0	0	0	0	0	0	0	0	0	0	0	0	0	0	0	0	0	0	0	0	0	0	0	0	0	0	0	0	0	0	0	0	0	0	0	0	0	0	0	0	0	0	0	0	0	0	0	0	0	0.913503543283256	0	0	0	0.916681679492144	0	0	0	0	0	0	0	0	0	0	0	0	0	0	0	0	0	0	0	0	0	0	0	0	0	0	0	0	0
0	0	0	0	0	0	0	0	0	0	0	0	0	0	0	0	0	0	0	0	0	0	0	0	0	0	0	0	0.854329119622337	0	0	0	0	0	0	0	0	0	0	0	0	0	0	0	0.776472663482578	0	0	0	0	0	0	0	0	0	0	0	0	0	0	0	0	0	0	0	0	0	0	0	0	0	0	0	0	0	0	0	0	0	0	0	0	0	0	0	0	0	0	0	0	0
0.59604372548493	0	0.994217988381473	0	0	0	0.711378897085545	0	0	0	0	0	0	0	0	0	0	0	0	0	0	0	0	0	0	0	0	0	0.88955290322272	0	0	0	0	0	0	0	0	0.853432760556217	0	0	0	0	0	0	0	0	0	0	0	0	0	0	0	0	0	0	0	0	0	0	0	0	0	0	0	0	0	0	0	0	0	0	0	0	0	0	0	0	0	0	0	0	0	0	0	0	0.722450729850163	0	0	0
0	0	0	0	0	0	0.608365962563852	0	0	0	0	0	0	0	0	0	0	0	0	0	0	0	0	0	0	0	0	0	0	0	0	0	0	0	0	0.749185834630145	0	0	0	0	0	0	0	0	0	0	0	0	0	0	0	0	0	0	0.95610453962493	0	0	0	0	0	0.739342252448611	0	0	0	0	0	0	0	0	0	0	0	0	0	0	0	0	0	0	0	0	0	0	0	0	0	0	0	0	0
0	0	0	0	0	0	0	0	0	0	0	0	0	0	0	0	0	0	0	0	0	0	0	0	0	0	0	0	0	0	0	0	0	0	0	0	0	0	0	0	0	0	0	0	0	0	0	0	0.985514220857767	0	0	0	0	0.95610453962493	0	0	0	0	0	0	0	0	0.745291590700644	0	0	0	0	0	0	0	0	0	0	0.939817547982857	0	0	0	0	0	0	0	0	0	0	0	0	0	0	0	0
0	0	0	0	0	0	0	0	0	0	0	0	0	0	0.753609670198782	0	0	0.708103141063468	0	0	0	0	0	0	0	0	0	0	0	0	0	0	0	0	0	0	0	0	0	0	0	0	0	0	0	0	0	0	0	0	0	0	0	0	0	0	0	0.923341467508807	0	0	0	0	0	0	0	0	0	0	0	0	0	0	0	0	0	0	0	0	0	0	0	0	0	0	0	0	0	0	0	0
0	0	0	0	0	0	0	0	0	0	0	0	0	0	0	0	0	0	0	0	0	0	0	0	0	0	0	0	0	0	0	0	0	0	0	0	0	0	0	0	0	0	0	0	0	0	0	0	0	0	0.913503543283256	0	0	0	0	0	0	0	0	0	0	0	0.667109061081862	0.839669008690241	0	0	0	0	0	0.897705838805561	0	0	0	0	0	0	0	0	0	0	0	0	0	0	0	0.639360179111234	0	0	0	0
0	0	0	0	0	0	0	0	0	0	0	0	0	0	0	0	0	0	0	0	0	0	0	0	0	0	0	0	0	0	0	0	0	0	0	0	0	0	0	0.893762959768461	0	0	0	0	0	0	0	0	0	0	0	0	0	0	0	0.923341467508807	0	0	0	0.914569105022151	0	0	0	0	0	0	0	0	0	0	0.768151433985091	0	0	0	0	0	0	0	0	0	0	0	0	0	0	0	0	0	0	0
0	0	0	0	0	0	0	0	0	0	0	0	0	0	0	0	0	0.992155791410232	0.777463525270522	0	0	0	0	0	0	0	0	0	0	0	0	0	0	0	0.631237620296945	0	0	0	0	0	0	0	0	0	0	0	0	0	0	0	0	0	0	0	0	0	0	0	0	0	0	0	0	0	0	0	0	0	0	0	0	0	0	0	0	0	0	0	0	0	0	0	0	0	0	0	0	0	0	0
0	0	0	0	0	0	0	0	0	0	0	0	0	0	0	0	0	0	0	0	0	0	0	0	0	0	0	0	0	0	0	0	0	0	0	0	0	0	0	0	0	0	0	0	0	0	0	0	0	0	0	0	0	0	0	0	0	0.914569105022151	0	0	0.949710350423693	0.888159789317734	0	0	0	0	0	0	0	0	0	0	0	0	0	0	0	0	0	0	0	0	0	0	0	0	0	0	0	0
0	0	0	0	0	0	0	0	0	0	0	0	0	0	0	0.902246460872945	0	0	0.785124827045637	0	0	0	0	0	0	0	0	0	0	0	0	0	0	0	0	0	0	0	0	0	0	0	0	0	0	0	0	0	0	0	0.916681679492144	0	0	0.739342252448611	0	0	0	0	0	0.949710350423693	0	0	0	0	0	0	0	0	0	0	0	0	0	0	0	0	0	0	0	0	0	0	0	0	0	0	0	0	0	0
0	0	0	0	0	0	0	0	0	0.848275281153128	0	0	0	0	0	0	0	0	0	0	0	0	0	0	0	0	0	0	0.900019047571679	0	0	0	0	0	0	0	0	0	0	0	0	0	0	0	0	0	0	0.611698727486045	0	0	0	0	0	0	0	0	0	0	0	0.888159789317734	0	0	0	0	0	0	0.743218517098141	0	0	0	0	0	0	0	0	0	0	0	0	0	0	0	0	0	0	0	0	0.620278983905803	0.786051461076524	0
0	0	0	0	0	0	0	0.781762592556573	0	0	0	0	0	0	0	0	0	0	0	0	0	0	0	0	0	0	0	0	0	0	0	0	0	0	0	0	0	0	0	0	0	0	0	0.892234385244948	0	0	0	0	0	0	0	0	0	0	0.745291590700644	0	0.667109061081862	0	0	0	0	0	0	0	0	0	0	0	0	0	0	0	0	0	0	0	0	0	0	0	0	0	0	0	0	0	0	0	0	0
0	0	0	0	0	0	0	0	0.928824125661929	0	0	0	0	0	0	0	0	0	0	0	0	0	0	0	0	0	0	0	0	0	0	0	0	0	0	0	0	0	0	0	0	0	0	0	0	0	0	0	0	0.833708287176208	0	0	0	0	0	0	0.839669008690241	0	0	0	0	0	0	0	0	0.810301663028751	0	0	0	0	0	0	0	0	0.849135608184029	0	0	0	0	0	0	0	0	0	0	0	0	0	0	0
0.610622395409979	0	0	0	0	0	0	0	0	0	0	0	0	0	0	0	0	0	0	0.985377051213235	0	0	0	0	0	0	0	0	0	0	0	0	0	0	0	0	0	0	0	0	0	0	0	0	0	0.640573970439838	0	0	0	0	0	0	0	0	0	0	0	0	0	0	0	0	0	0	0	0	0	0	0	0	0	0	0	0	0	0	0	0	0	0.858629616653	0	0	0	0	0	0	0	0	0	0
0	0	0	0	0	0	0	0	0	0	0	0	0	0	0	0	0	0	0	0	0	0	0	0	0	0	0	0	0	0	0	0	0	0	0	0	0	0	0	0	0	0	0	0	0	0	0	0	0	0	0	0	0	0	0	0	0	0	0	0	0	0	0	0.810301663028751	0	0	0	0	0	0	0	0	0	0	0	0	0	0	0	0	0	0	0	0.798952286419035	0.821659940553533	0	0	0	0	0
0	0	0	0	0	0	0	0	0	0	0	0	0	0	0	0	0	0	0	0	0	0	0	0	0	0	0	0	0	0	0	0	0	0.76031557142276	0	0	0	0	0	0	0	0	0	0	0	0	0	0	0	0	0	0	0	0	0	0	0	0	0	0	0	0.743218517098141	0	0	0	0	0	0	0.970086851714527	0	0	0	0.798652471293974	0	0	0	0	0	0	0	0	0.84335651059883	0	0	0	0	0	0	0	0
0	0.97132711682921	0	0	0	0.899311933004537	0	0	0	0	0	0	0	0	0	0	0	0	0	0	0	0	0	0	0	0	0	0	0	0	0	0	0	0	0	0	0	0	0	0	0	0	0	0	0	0	0	0	0	0	0	0	0	0	0	0	0	0	0	0	0	0	0	0	0	0	0	0	0	0	0	0	0	0	0	0	0	0	0	0	0	0	0	0	0	0	0	0	0	0
0	0	0	0	0	0	0	0	0	0	0	0	0	0	0	0	0	0	0	0	0	0	0	0	0	0	0	0	0	0	0	0	0	0	0	0	0	0	0	0	0	0	0	0	0	0	0	0	0	0	0	0	0	0	0	0	0	0	0	0	0	0	0	0	0	0	0.970086851714527	0	0	0.671107351331915	0.981455865970522	0	0	0	0	0	0	0.792743342943664	0	0	0	0	0	0	0	0	0	0	0	0.819997645035449
0	0	0.730884980581771	0	0	0	0	0.722094302889291	0	0	0	0	0	0	0	0	0	0	0	0	0	0	0	0	0	0	0	0	0	0	0	0	0	0	0	0	0	0	0	0	0	0	0	0	0	0	0	0	0	0	0	0	0	0	0	0	0.897705838805561	0	0	0	0	0	0	0	0	0	0	0	0.671107351331915	0	0	0	0	0	0	0	0	0	0	0	0	0	0	0	0	0	0	0	0.894546336238482	0
0	0	0	0	0	0	0	0	0	0	0	0	0	0	0	0	0	0.930351944427699	0	0	0	0	0	0	0	0	0	0	0	0	0	0	0	0	0	0	0	0	0	0	0	0	0	0	0	0	0	0	0	0	0	0	0	0	0	0	0	0.768151433985091	0	0	0	0	0	0	0	0	0	0	0.981455865970522	0	0	0	0	0	0	0	0	0	0	0	0	0	0	0	0	0	0	0	0	0
0	0	0	0	0	0	0	0	0	0	0.909847719274729	0	0	0	0	0	0	0	0	0	0	0	0.895271569507982	0	0	0	0	0	0	0	0	0	0	0	0	0.738492346372772	0	0	0	0	0	0	0	0	0	0	0	0	0	0	0	0	0	0	0	0	0	0	0	0	0	0	0	0	0	0	0	0	0	0	0	0	0	0	0	0	0	0	0	0	0	0	0	0	0	0	0	0	0	0
0	0	0	0.820493634088671	0	0	0	0	0	0	0	0	0	0	0	0.899339833693594	0	0	0	0	0	0	0	0	0	0	0	0	0	0	0	0	0	0	0	0	0.687694088963435	0	0	0	0	0	0	0	0	0	0	0	0	0.987979192481291	0	0	0	0	0	0	0	0	0	0	0	0	0	0	0	0	0.798652471293974	0	0	0	0	0	0	0	0	0	0	0	0	0	0	0	0	0	0.680802014687882	0	0	0	0	0
0	0	0	0	0	0	0	0	0	0	0	0	0	0	0	0	0	0.871535980737372	0	0	0	0.808251330657053	0	0	0	0	0	0	0	0.891686310990847	0	0	0	0	0	0	0	0	0	0	0	0	0	0	0	0	0	0	0	0	0	0	0	0	0.939817547982857	0	0	0	0	0	0	0	0	0	0	0	0	0	0	0	0	0	0	0	0	0	0	0	0	0	0	0	0	0	0	0	0	0	0	0
0	0	0	0	0	0	0	0	0	0	0	0	0	0	0	0	0	0	0	0	0	0	0	0	0	0	0	0	0	0	0	0	0	0	0	0	0	0	0	0	0	0	0	0	0	0	0	0	0	0	0	0	0	0	0	0	0	0	0	0	0	0	0	0.849135608184029	0	0	0	0	0	0	0	0	0	0	0	0	0	0	0	0	0	0	0	0	0	0	0	0.958041457707827	0	0
0	0	0	0	0	0	0	0	0	0	0	0	0	0	0	0	0	0	0	0	0	0	0	0	0	0	0	0	0	0	0	0	0.741624261309908	0	0	0	0	0	0	0	0	0	0	0	0	0	0	0	0	0	0	0	0	0	0	0	0	0	0	0	0	0	0	0	0	0	0	0	0	0	0	0	0	0	0	0	0	0.585555417130773	0	0	0	0	0	0	0	0	0	0	0	0
0	0	0	0	0	0	0	0	0	0	0	0	0	0	0	0	0	0	0	0	0	0	0	0	0	0	0	0	0	0	0	0	0	0	0	0	0	0.771152677968999	0	0.706347806972189	0	0.904606952512883	0	0	0	0	0	0	0	0	0	0	0	0	0	0	0	0	0	0	0	0	0	0	0	0	0	0	0	0	0	0	0	0	0	0	0	0	0	0	0	0	0	0	0	0	0	0	0	0
0	0	0	0	0	0	0	0	0	0	0	0	0	0	0	0	0.986123715758613	0	0	0	0	0	0	0	0	0	0	0	0	0	0	0	0	0.926473303851119	0	0	0	0	0	0	0	0	0	0	0	0	0	0	0	0	0	0	0	0	0	0	0	0	0	0	0	0	0	0	0	0	0	0	0.792743342943664	0	0	0	0	0	0	0.585555417130773	0	0	0.773853693321116	0	0.844212865914038	0	0	0	0	0	0	0	0	0
0	0	0	0	0	0	0	0	0	0	0	0	0	0	0	0	0	0	0	0	0	0	0	0	0	0	0	0	0	0	0	0	0	0	0	0	0	0	0	0	0	0	0	0	0	0	0	0	0	0	0	0	0	0	0	0	0	0	0	0	0	0	0	0	0	0	0	0	0	0	0	0	0	0	0	0	0	0.773853693321116	0	0.951620301789951	0.945326135551892	0	0	0	0	0	0	0	0	0
0	0	0	0	0	0	0	0	0	0	0	0	0	0	0	0	0	0	0	0	0.632431761376339	0	0	0	0	0	0	0	0	0	0	0.846468194061304	0	0	0	0	0	0	0	0	0	0	0.863803156679459	0	0	0	0	0.827031015742709	0	0	0	0	0	0	0	0	0	0	0	0	0	0	0	0	0.858629616653	0	0	0	0	0	0	0	0	0	0	0	0	0	0.951620301789951	0	0	0	0	0	0	0	0	0	0	0.862884052590627
0	0	0	0	0	0.98004487801139	0	0	0	0	0	0	0	0	0	0	0	0	0	0	0	0	0	0.874943824897451	0	0.782430599126681	0	0	0	0	0	0	0	0	0	0	0	0	0	0	0	0	0	0	0	0	0	0	0	0	0	0	0	0	0	0	0	0	0	0	0	0	0	0	0	0	0	0	0	0	0	0	0	0	0	0	0	0.844212865914038	0.945326135551892	0	0	0	0	0	0	0	0	0	0	0
0	0	0	0	0	0	0	0	0	0	0	0	0	0	0	0.866561586877992	0	0	0	0	0	0	0	0	0	0	0	0	0	0	0	0	0	0	0	0	0	0	0	0	0	0	0	0	0.986805200937161	0	0	0	0	0	0	0	0	0	0	0	0	0	0	0	0	0	0	0	0	0	0.84335651059883	0	0	0	0	0	0	0	0	0	0	0	0	0	0	0	0	0	0	0	0	0	0.643179436313342	0
0	0	0	0	0	0	0	0	0	0	0	0.909960046807445	0	0.995049467985393	0	0	0	0	0.837241953432603	0	0	0	0	0	0	0	0	0	0	0	0	0	0	0	0	0	0	0	0	0	0	0.872003021324028	0	0.746550789455781	0	0	0	0	0	0	0	0	0	0	0	0	0	0	0	0	0	0	0	0	0	0	0	0	0	0	0	0	0	0	0	0	0	0	0	0	0	0	0	0	0	0.819829203664612	0	0	0	0
0	0	0	0	0	0	0	0	0	0.725273681432895	0	0	0	0	0	0	0.912547458678586	0	0	0	0	0	0	0	0	0	0	0	0	0	0	0	0	0	0	0	0	0	0	0	0	0	0	0	0	0	0	0	0	0	0	0	0	0	0	0	0	0	0	0	0	0	0	0	0	0.798952286419035	0	0	0	0	0	0	0	0	0	0	0	0	0	0	0	0	0	0	0	0	0	0	0	0
0	0	0	0	0	0	0	0	0	0	0	0	0	0	0	0	0	0	0	0	0	0	0	0	0	0	0	0	0	0	0	0	0	0	0	0	0	0	0	0	0	0	0	0	0	0	0	0	0	0	0	0	0	0	0	0	0	0	0	0	0	0	0	0	0	0.821659940553533	0	0	0	0	0	0	0.680802014687882	0	0	0	0	0	0	0	0	0	0	0	0	0	0.856058594905684	0	0	0
0	0	0	0	0	0	0	0	0	0	0	0	0	0	0	0	0	0	0	0	0	0	0	0	0.700992423588327	0	0	0	0	0	0	0	0	0	0	0	0	0	0	0	0	0	0	0	0	0	0	0	0	0	0	0	0	0	0	0	0.639360179111234	0	0	0	0	0	0	0	0	0	0	0	0	0	0	0	0	0	0	0	0	0	0	0	0	0	0.819829203664612	0	0	0	0	0	0	0.566948126861149
0	0	0	0	0	0	0	0	0.88880749108682	0	0	0	0	0	0	0	0	0	0	0	0	0	0	0.606042870251983	0	0	0	0	0	0	0	0	0	0	0	0	0	0	0	0	0	0	0	0	0	0	0	0	0.936056779912277	0	0	0	0.722450729850163	0	0	0	0	0	0	0	0	0	0	0	0	0	0	0	0	0	0	0	0	0	0	0	0	0	0	0	0	0	0	0	0.856058594905684	0	0	0	0	0
0	0	0	0	0	0	0	0	0	0	0	0.87311901050817	0	0	0	0	0	0	0	0	0.782516753158775	0	0	0	0	0	0	0	0	0	0	0	0	0	0	0	0	0	0	0	0	0	0	0	0	0	0	0	0	0	0	0	0	0	0	0	0	0	0	0	0	0.620278983905803	0	0	0	0	0	0	0	0	0	0	0	0	0.958041457707827	0	0	0	0	0	0	0	0	0	0	0	0	0	0.717805775471358	0
0	0	0	0	0	0	0	0	0	0	0	0	0	0	0	0	0	0	0	0	0	0	0	0	0	0	0	0	0	0	0	0	0	0	0	0	0	0	0	0	0	0	0	0	0	0.985715797363826	0	0	0	0	0	0	0	0	0	0	0	0	0	0	0	0.786051461076524	0	0	0	0	0	0	0	0.894546336238482	0	0	0	0	0	0	0	0	0	0	0	0.643179436313342	0	0	0	0	0	0.717805775471358	0	0
0	0	0	0	0	0	0	0	0	0	0	0	0	0	0	0	0	0	0	0	0	0	0	0	0	0	0	0	0	0	0	0	0	0	0	0	0	0	0	0	0	0	0	0	0	0	0	0	0	0	0	0	0	0	0	0	0	0	0	0	0	0	0	0	0	0	0	0	0.819997645035449	0	0	0	0	0	0	0	0	0	0	0.862884052590627	0	0	0	0	0	0.566948126861149	0	0	0	0
