0	0	0	0	0	0	0	0	0	0	0	0	0	0	0	0	0	0	0	0.956659439191527	0	0	0	0	0	0	0	0	0	0	0	0	0	0	0	0	0	0	0	0	0	0	0	0	0.611223814878256	0	0	0	0	0	0	0	0	0	0	0	0	0	0	0	0	0	0	0	0	0	0	0	0	0.971592893759749	0	0	0	0	0	0	0	0	0	0	0	0	0	0	0	0	0	0	0.949312892406119	0
0	0	0	0	0	0	0	0	0	0	0	0	0	0	0	0	0	0	0	0	0	0	0	0	0	0	0	0	0.841893256835287	0	0	0	0	0	0	0	0	0	0	0	0.991799807609185	0	0	0	0	0	0	0	0	0	0	0	0	0	0	0	0	0	0	0	0	0	0	0	0	0	0	0	0	0.857590482964501	0	0	0	0	0	0.875568502776424	0	0	0	0	0	0.960613685815016	0	0	0	0	0	0	0	0
0	0	0	0	0	0	0	0	0	0	0	0	0	0	0	0	0	0	0	0	0	0	0	0	0	0	0	0	0	0	0	0	0	0	0	0	0	0	0	0	0	0	0	0	0	0	0	0	0	0.923328301338504	0	0	0	0	0	0	0	0	0	0	0	0	0	0	0	0	0	0	0	0	0	0	0	0	0	0	0	0	0.90373767765595	0	0.671635882058432	0	0	0	0	0	0	0	0	0
0	0	0	0	0	0	0	0	0	0	0	0	0	0	0	0	0	0.857209476321382	0	0	0.59961412443083	0	0	0	0	0	0	0	0	0	0	0	0	0	0	0	0	0	0	0	0	0	0	0.793492484591808	0	0	0	0.756432029977239	0	0	0	0	0	0	0	0	0	0.869634416382787	0	0	0	0	0	0	0	0	0	0	0	0	0	0	0	0	0	0	0	0	0.802052766506315	0	0	0	0	0	0	0	0	0	0	0
0	0	0	0	0	0	0	0	0	0	0	0	0	0.906516805794764	0	0	0	0	0	0	0	0	0	0	0	0	0	0	0	0	0	0	0	0	0	0	0	0	0	0	0	0.965778697445192	0	0	0	0	0.64563033464154	0	0	0	0	0	0	0	0	0	0	0	0	0	0	0	0	0	0	0	0.842037307150565	0	0	0	0.948544305532724	0	0	0	0	0	0	0	0	0	0	0	0	0	0	0	0	0	0	0
0	0	0	0	0	0	0	0	0	0	0	0	0	0	0	0	0	0	0	0	0	0	0	0	0	0	0	0	0	0	0.852685854098215	0	0.803250461729824	0	0	0	0	0	0	0	0	0	0	0	0	0	0	0	0	0	0	0	0	0	0	0	0	0	0	0	0	0	0	0	0	0	0	0	0	0	0	0	0	0	0	0	0	0	0	0	0	0	0	0	0	0	0.664174406242432	0	0	0
0	0	0	0	0	0	0	0	0	0	0	0	0	0	0	0	0	0	0	0	0	0	0	0	0	0	0	0	0	0	0.796477277746949	0.610459624817987	0	0	0	0	0	0	0.833796961501434	0	0	0	0	0	0	0	0	0	0	0	0	0	0	0	0	0	0	0	0	0	0	0	0	0	0	0	0	0	0	0	0	0	0	0	0	0	0	0.781186464958656	0	0	0	0	0.619644076324811	0	0	0	0	0.886905092860427	0	0
0	0	0	0	0	0	0	0	0	0	0	0	0	0	0	0.623754274539382	0	0	0	0	0	0	0	0	0	0	0	0	0	0	0	0	0	0	0	0	0	0	0	0	0	0	0	0	0	0	0	0	0	0	0	0	0	0	0	0	0	0.92998697573227	0	0	0	0	0	0.82895811916295	0	0	0	0	0	0	0	0	0	0	0	0	0	0	0	0	0	0	0	0	0.881279454331908	0	0	0	0	0
0	0	0	0	0	0	0	0	0	0	0.924201740869056	0	0	0	0	0	0	0	0	0	0	0	0	0	0	0	0	0	0	0	0	0	0	0	0	0	0	0	0	0	0	0	0	0	0	0	0	0	0	0	0	0	0	0	0	0	0	0	0	0.72883496935999	0	0	0	0	0	0	0	0	0	0	0	0	0	0	0	0	0	0	0	0	0	0	0	0	0	0	0	0	0	0
0	0	0	0	0	0	0	0	0	0	0	0	0	0	0	0	0	0	0.953525984558456	0	0	0	0	0	0.770125778634496	0.873788189856869	0	0	0	0	0	0	0	0	0	0	0	0	0	0	0	0	0	0	0	0	0.754475955380157	0	0	0	0	0	0	0	0	0	0	0	0	0	0	0	0	0	0	0	0	0	0	0	0	0	0	0	0	0	0	0	0	0	0	0	0	0	0	0	0	0	0	0
0	0	0	0	0	0	0	0	0.924201740869056	0	0	0	0	0	0	0	0	0	0	0	0	0	0	0	0	0	0	0	0	0	0	0	0	0	0	0	0	0	0	0	0	0	0.703052016517164	0	0	0	0	0	0	0	0	0	0	0	0	0	0	0	0	0	0	0	0	0	0	0	0	0	0	0	0	0	0	0	0	0	0	0	0.82315743690416	0	0	0	0.908377486401773	0	0	0	0	0	0	0
0	0	0	0	0	0	0	0	0	0	0	0	0	0	0	0	0	0	0	0	0	0	0	0	0	0	0	0	0.864950851515119	0	0	0	0	0	0	0	0	0	0	0	0	0	0	0	0	0	0	0	0.78018984538878	0	0	0	0	0	0	0	0	0	0	0	0	0	0	0	0	0	0	0	0	0	0	0	0	0	0	0	0	0	0	0	0	0	0	0	0	0	0	0	0	0
0	0	0	0	0	0	0	0	0	0	0	0	0	0	0	0	0	0	0	0	0	0	0	0	0	0	0	0	0	0	0	0	0	0	0	0.905215095761555	0	0	0.916656641714836	0	0	0	0	0	0	0	0	0	0	0	0	0	0	0	0	0	0	0	0.975354524717182	0	0	0	0	0	0	0	0	0	0	0	0	0	0	0	0	0	0	0	0	0	0	0	0	0	0	0	0	0	0	0
0	0	0	0	0.906516805794764	0	0	0	0	0	0	0	0	0	0	0	0	0	0	0	0	0	0	0	0	0	0	0	0	0	0	0.676326574728302	0	0	0	0	0	0	0	0	0	0	0	0	0	0	0	0	0	0	0	0	0	0	0	0	0	0	0	0	0	0	0	0	0	0	0	0	0	0	0	0	0	0	0	0	0	0	0	0	0	0	0	0	0	0	0	0	0	0
0	0	0	0	0	0	0	0	0	0	0	0	0	0	0	0	0	0	0	0	0	0	0	0	0	0	0	0	0	0	0	0.907726525517466	0	0	0	0	0	0	0	0	0	0	0	0	0	0	0	0	0	0	0.964681906781567	0	0	0	0	0	0	0	0	0	0	0	0	0	0	0	0	0	0	0	0	0	0	0	0	0	0	0	0	0	0	0	0	0	0	0	0	0	0	0
0	0	0	0	0	0	0	0.623754274539382	0	0	0	0	0	0	0	0	0	0	0	0	0	0	0	0	0	0	0	0	0	0	0	0	0	0	0	0	0	0	0	0	0	0	0	0	0	0	0	0	0.917501487430711	0	0	0	0	0	0	0	0	0	0.837851777743784	0	0	0	0.952981167969658	0	0	0	0	0	0	0	0	0	0	0	0	0	0	0	0	0	0	0	0	0	0	0	0	0	0	0
0	0	0	0	0	0	0	0	0	0	0	0	0	0	0	0	0	0	0	0	0	0	0	0	0	0	0	0	0	0	0	0	0	0	0	0	0	0	0	0	0.810319108505279	0	0	0	0	0	0	0	0	0	0	0	0	0.775337660582716	0	0	0	0	0	0	0	0	0	0	0	0	0.974567297077761	0	0	0	0	0	0	0	0	0	0	0	0	0	0	0	0	0	0	0	0	0	0	0
0	0	0	0.857209476321382	0	0	0	0	0	0	0	0	0	0	0	0	0	0	0	0	0	0	0	0	0	0	0	0	0	0	0	0	0	0	0	0	0.873055527746562	0	0	0	0	0	0	0	0	0	0	0	0	0	0	0	0	0	0	0	0	0	0	0	0	0	0	0	0	0	0	0	0	0	0	0	0	0	0	0	0	0	0	0	0	0	0	0	0	0	0	0	0	0
0	0	0	0	0	0	0	0	0	0.953525984558456	0	0	0	0	0	0	0	0	0	0	0	0	0	0	0	0	0	0	0	0	0	0	0	0	0.929086984304377	0	0	0	0	0	0	0	0	0	0	0	0	0	0	0	0	0	0	0	0	0.897419540646871	0	0	0	0	0	0.874647309734826	0	0	0	0	0	0	0	0	0.696549803251093	0	0	0	0	0	0	0	0	0	0	0	0	0	0	0.836101711381366	0	0	0	0
0.956659439191527	0	0	0	0	0	0	0	0	0	0	0	0	0	0	0	0	0	0	0	0	0	0	0	0	0	0	0	0.696958288102543	0	0	0	0	0	0	0	0	0	0	0	0	0	0	0	0	0	0	0	0	0	0	0	0	0	0	0.961981283297759	0	0	0	0.956440912572576	0.694246060267404	0	0	0	0	0	0	0	0	0	0	0	0	0	0	0	0	0	0	0	0	0	0	0	0	0	0	0	0	0
0	0	0	0.59961412443083	0	0	0	0	0	0	0	0	0	0	0	0	0	0	0	0	0	0	0.579518676154886	0.728725764825429	0	0	0	0	0	0	0	0	0	0	0	0	0	0	0	0	0	0	0	0	0	0	0	0	0	0	0	0	0	0	0	0	0	0	0	0	0	0	0	0	0	0	0	0	0	0	0	0	0	0	0	0	0	0	0	0	0	0	0	0	0	0	0	0	0	0
0	0	0	0	0	0	0	0	0	0	0	0	0	0	0	0	0	0	0	0	0	0	0	0	0	0	0	0	0	0	0	0	0.971459799957448	0	0	0	0	0	0.917577599211184	0	0	0	0	0	0	0	0	0	0	0	0.807665554888293	0	0	0	0	0	0	0	0	0	0	0	0	0.744510490077887	0	0	0	0	0	0	0	0	0	0	0	0	0	0	0	0	0	0	0	0	0	0	0	0	0	0
0	0	0	0	0	0	0	0	0	0	0	0	0	0	0	0	0	0	0	0	0.579518676154886	0	0	0	0	0	0	0	0	0	0	0	0	0	0	0	0	0	0	0	0.853220642678717	0	0	0	0	0	0	0	0	0	0	0	0	0	0	0	0	0	0	0	0	0	0	0	0	0	0	0	0	0	0.575153970762995	0	0	0	0	0	0	0	0	0	0	0.731540579119506	0	0	0	0	0	0	0	0
0	0	0	0	0	0	0	0	0	0	0	0	0	0	0	0	0	0	0	0	0.728725764825429	0	0	0	0	0	0	0	0	0	0	0	0	0	0	0	0	0	0	0	0	0	0	0	0	0	0	0	0	0	0	0	0	0	0	0	0	0	0	0	0	0	0	0	0	0	0	0	0	0	0	0	0	0	0	0	0	0	0	0	0	0	0	0	0	0.723102409164419	0	0	0	0
0	0	0	0	0	0	0	0	0	0.770125778634496	0	0	0	0	0	0	0	0	0	0	0	0	0	0	0	0	0	0	0	0	0.903258307300805	0	0	0	0	0	0	0	0	0	0	0	0	0	0	0	0	0	0	0.807581797643488	0	0	0	0	0	0	0	0	0	0	0	0	0	0	0	0	0	0	0	0	0	0.651845756606294	0	0	0	0.982279852881069	0	0	0	0	0	0	0	0	0	0	0	0	0	0
0	0	0	0	0	0	0	0	0	0.873788189856869	0	0	0	0	0	0	0	0	0	0	0	0	0	0	0	0	0	0.952589843324324	0	0	0	0	0	0	0	0	0	0	0	0	0	0	0	0	0	0	0	0	0	0	0	0	0	0	0	0	0	0	0	0	0	0	0	0	0	0	0	0	0	0	0	0	0	0.98524776876812	0	0	0	0	0	0	0	0	0	0	0	0	0	0	0	0
0	0	0	0	0	0	0	0	0	0	0	0	0	0	0	0	0	0	0	0	0	0	0	0	0	0	0	0	0	0	0	0	0	0	0	0	0	0	0	0	0	0	0	0	0	0	0	0	0	0.879023903842989	0	0	0	0	0	0	0	0	0.995107495828872	0	0	0	0	0	0	0	0	0	0	0	0	0	0	0	0	0	0	0	0	0	0	0	0	0	0	0	0	0	0	0
0	0	0	0	0	0	0	0	0	0	0	0	0	0	0	0	0	0	0	0	0	0	0	0	0	0.952589843324324	0	0	0.927913074336828	0.800993235367025	0	0	0	0	0	0	0	0	0	0	0	0	0	0	0	0	0	0	0	0	0	0	0	0	0	0	0	0	0	0.991048565396949	0	0	0	0	0	0	0	0	0	0	0	0	0	0	0	0	0	0	0	0	0	0	0	0	0	0	0	0	0	0
0	0.841893256835287	0	0	0	0	0	0	0	0	0	0.864950851515119	0	0	0	0	0	0	0	0.696958288102543	0	0	0	0	0	0	0	0.927913074336828	0	0	0	0	0	0	0	0	0	0	0	0	0	0	0	0	0	0	0	0	0	0	0	0	0	0	0.906933078520404	0	0	0	0	0	0	0	0	0	0	0	0	0	0	0	0	0	0	0	0	0	0	0.814241896830628	0	0	0	0	0	0	0	0	0	0	0	0
0	0	0	0	0	0	0	0	0	0	0	0	0	0	0	0	0	0	0	0	0	0	0	0	0	0	0	0.800993235367025	0	0	0	0	0	0	0	0	0	0	0	0	0	0	0	0	0	0.949735783952988	0	0	0	0	0	0	0	0	0	0	0	0	0	0	0	0	0	0.936472626494722	0	0.924735880146262	0	0	0	0	0	0	0	0	0	0	0	0	0	0.855270162248544	0	0	0	0	0	0	0	0	0	0
0	0	0	0	0	0.852685854098215	0.796477277746949	0	0	0	0	0	0	0	0	0	0	0	0	0	0	0	0	0	0.903258307300805	0	0	0	0	0	0	0	0	0	0	0	0.656014273298775	0	0	0	0	0	0	0	0	0	0	0	0	0	0	0	0	0	0	0	0	0	0	0	0	0	0	0	0	0	0	0	0	0	0	0	0	0	0	0	0	0	0	0	0	0	0	0	0.676578983803845	0	0	0	0	0
0	0	0	0	0	0	0.610459624817987	0	0	0	0	0	0	0.676326574728302	0.907726525517466	0	0	0	0	0	0	0	0	0	0	0	0	0	0	0	0	0	0	0	0	0	0	0	0	0	0	0	0	0	0	0	0	0	0	0	0	0	0	0	0	0	0	0	0	0	0	0	0	0	0	0	0	0	0	0	0	0	0	0.972147900652811	0	0	0	0	0	0	0	0	0	0	0	0	0	0	0	0
0	0	0	0	0	0.803250461729824	0	0	0	0	0	0	0	0	0	0	0	0	0	0	0	0.971459799957448	0	0	0	0	0	0	0	0	0	0	0	0	0	0	0	0	0	0	0	0	0	0	0	0	0	0	0	0	0	0	0	0	0	0	0.995709181552417	0	0	0	0	0	0	0	0	0	0.821161993692297	0	0	0	0	0	0	0	0	0	0	0	0	0	0	0	0	0	0	0	0	0	0.894411860020072	0
0	0	0	0	0	0	0	0	0	0	0	0	0	0	0	0	0	0	0	0	0	0	0	0	0	0	0	0	0	0	0	0	0	0	0	0	0	0	0	0	0	0	0	0	0	0	0.952061286109578	0	0	0	0	0	0	0	0	0	0	0	0	0	0	0.960597455267853	0.678210819240891	0	0	0	0	0	0	0	0	0	0	0	0	0	0	0	0	0.896673429524379	0	0	0.788214037177868	0	0	0	0	0	0	0
0	0	0	0	0	0	0	0	0	0	0	0	0	0	0	0	0	0	0.929086984304377	0	0	0	0	0	0	0	0	0	0	0	0	0	0	0	0	0.849065628064104	0.878514957327668	0	0	0	0	0	0	0	0	0	0	0	0	0	0	0	0	0	0	0	0	0	0	0	0	0	0	0	0	0	0	0	0	0	0	0	0	0	0	0	0	0	0	0	0	0	0	0	0	0	0	0	0	0
0	0	0	0	0	0	0	0	0	0	0	0	0.905215095761555	0	0	0	0	0	0	0	0	0	0	0	0	0	0	0	0	0	0	0	0	0	0.849065628064104	0	0	0.727708300843068	0	0	0	0	0.813012848471764	0	0	0	0	0	0	0	0	0	0	0	0	0	0	0	0	0	0	0	0	0	0	0	0	0	0	0	0	0	0	0.91352220250865	0	0	0	0	0	0	0	0	0	0	0	0	0	0	0	0
0	0	0	0	0	0	0	0	0	0	0	0	0	0	0	0	0	0.873055527746562	0	0	0	0	0	0	0	0	0	0	0	0	0.656014273298775	0	0	0	0.878514957327668	0	0	0	0	0	0	0	0	0	0	0	0.793670661293411	0	0	0	0	0	0	0	0	0	0	0	0	0	0	0	0	0	0	0	0	0	0	0	0	0	0	0	0	0	0	0	0	0	0	0	0	0	0	0	0	0	0	0.829096115337352
0	0	0	0	0	0	0	0	0	0	0	0	0	0	0	0	0	0	0	0	0	0	0	0	0	0	0	0	0	0	0	0	0	0	0	0.727708300843068	0	0	0	0	0.68280481154307	0	0	0	0	0	0	0	0	0	0	0	0	0	0	0	0	0	0	0	0	0	0	0	0.696669488432927	0	0	0	0	0	0	0	0	0.720112651878211	0	0	0	0	0	0	0	0	0	0	0	0	0	0	0	0
0	0	0	0	0	0	0.833796961501434	0	0	0	0	0	0.916656641714836	0	0	0	0	0	0	0	0	0.917577599211184	0	0	0	0	0	0	0	0	0	0	0	0	0	0	0	0	0	0	0	0	0	0	0	0	0	0	0	0	0	0	0	0	0	0	0	0	0	0	0	0.755912818950846	0	0	0	0	0	0	0	0	0	0	0	0	0	0	0	0.988944115508197	0	0	0	0	0	0	0	0	0	0	0	0
0	0	0	0	0	0	0	0	0	0	0	0	0	0	0	0	0	0	0	0	0	0	0	0	0	0	0	0	0	0	0	0	0	0	0	0	0	0	0	0	0	0	0	0	0	0	0	0.909927479827058	0.913561722197837	0	0	0	0	0.853890726441463	0	0	0	0	0	0	0	0	0	0	0	0.965104058397783	0	0	0	0	0	0	0	0	0	0	0	0	0	0	0	0	0	0	0	0	0	0	0	0
0	0.991799807609185	0	0	0	0	0	0	0	0	0	0	0	0	0	0	0.810319108505279	0	0	0	0	0	0.853220642678717	0	0	0	0	0	0	0	0	0	0	0	0	0	0	0.68280481154307	0	0	0	0.910338466618095	0	0	0	0	0	0	0	0	0	0	0	0	0	0	0	0	0	0	0	0	0.600499374348291	0	0	0	0	0	0	0	0	0	0	0	0	0	0	0	0	0	0	0	0	0	0	0	0	0	0	0
0	0	0	0	0.965778697445192	0	0	0	0	0	0	0	0	0	0	0	0	0	0	0	0	0	0	0	0	0	0	0	0	0	0	0	0	0	0	0	0	0	0	0	0.910338466618095	0	0	0	0	0	0	0	0	0	0	0	0	0	0	0	0.889020403528428	0	0	0	0	0	0	0	0	0	0	0	0	0	0	0	0	0.714391147574687	0	0	0	0	0	0	0	0	0	0	0	0	0	0	0	0
0	0	0	0	0	0	0	0	0	0	0.703052016517164	0	0	0	0	0	0	0	0	0	0	0	0	0	0	0	0	0	0	0	0	0	0	0	0	0.813012848471764	0	0	0	0	0	0	0	0	0	0	0	0	0	0	0	0	0	0	0	0	0	0	0	0	0	0	0	0	0	0	0	0	0	0	0	0	0	0	0	0	0.758126029146921	0	0	0	0	0	0	0	0	0	0	0	0	0
0	0	0	0.793492484591808	0	0	0	0	0	0	0	0	0	0	0	0	0	0	0	0	0	0	0	0	0	0	0	0	0	0	0	0	0	0	0	0	0	0	0	0	0	0	0	0	0.817292321306561	0.855763735922267	0	0	0	0	0	0	0.798438007939248	0	0	0	0	0	0	0	0	0	0	0	0	0	0	0	0	0	0	0	0	0	0	0	0	0	0	0	0	0	0	0	0	0	0	0	0	0
0.611223814878256	0	0	0	0	0	0	0	0	0	0	0	0	0	0	0	0	0	0	0	0	0	0	0	0	0	0	0	0	0	0	0	0	0	0	0	0	0	0	0	0	0	0	0.817292321306561	0	0	0	0	0	0	0	0	0	0	0	0	0	0	0	0	0	0	0	0	0	0	0	0.924623392780029	0	0	0	0	0	0	0	0	0	0	0	0	0.714598862993866	0	0	0	0	0	0	0	0	0
0	0	0	0	0	0	0	0	0	0	0	0	0	0	0	0	0	0	0	0	0	0	0	0	0	0	0	0	0	0.949735783952988	0	0	0	0	0	0	0	0	0	0	0	0	0	0.855763735922267	0	0	0	0	0	0	0	0	0	0	0	0	0	0	0	0	0	0	0	0	0	0	0	0	0	0	0	0	0	0	0	0	0	0	0	0	0.978096276674544	0	0	0	0	0	0	0	0	0
0	0	0	0	0.64563033464154	0	0	0	0	0.754475955380157	0	0	0	0	0	0	0	0	0	0	0	0	0	0	0	0	0	0	0	0	0	0	0	0.952061286109578	0	0	0.793670661293411	0	0	0	0	0	0	0	0	0	0	0	0	0	0	0	0	0	0	0	0	0	0	0	0	0	0	0	0	0	0	0	0	0	0	0	0	0	0	0	0	0	0	0	0	0	0	0	0	0	0	0	0	0
0	0	0	0.756432029977239	0	0	0	0	0	0	0	0	0	0	0	0	0	0	0	0	0	0	0	0	0	0	0	0	0	0	0	0	0	0	0	0	0	0	0	0.909927479827058	0	0	0	0	0	0	0	0	0	0.889863199685596	0	0	0	0	0	0	0	0	0	0	0	0	0	0	0	0	0	0	0	0	0	0	0	0	0	0	0	0	0	0.856978473376952	0	0	0	0	0	0	0	0	0	0
0	0	0	0	0	0	0	0	0	0	0	0.78018984538878	0	0	0	0.917501487430711	0	0	0	0	0	0	0	0	0	0	0	0	0	0	0	0	0	0	0	0	0	0	0	0.913561722197837	0	0	0	0	0	0	0	0	0	0	0	0.974708345475718	0	0	0	0	0.92753630950902	0	0	0	0	0	0	0	0	0	0	0	0	0	0	0	0	0	0	0	0	0	0	0	0	0	0	0	0	0	0	0	0	0
0	0	0.923328301338504	0	0	0	0	0	0	0	0	0	0	0	0	0	0	0	0	0	0	0	0	0	0.807581797643488	0	0.879023903842989	0	0	0	0	0	0	0	0	0	0	0	0	0	0	0	0	0	0	0	0	0.889863199685596	0	0	0.950918897281753	0	0	0	0	0	0	0	0	0	0	0	0	0	0	0	0	0	0	0	0	0	0	0	0	0	0	0	0	0	0	0	0	0	0	0	0	0	0	0
0	0	0	0	0	0	0	0	0	0	0	0	0	0	0.964681906781567	0	0	0	0	0	0	0.807665554888293	0	0	0	0	0	0	0	0	0	0	0	0	0	0	0	0	0	0	0	0	0	0	0	0	0	0	0	0.950918897281753	0	0	0	0	0	0	0	0	0	0	0	0	0.653783123948165	0	0	0	0	0	0	0	0	0	0	0	0	0	0	0	0	0	0	0	0	0	0	0	0	0	0	0
0	0	0	0	0	0	0	0	0	0	0	0	0	0	0	0	0	0	0	0	0	0	0	0	0	0	0	0	0	0	0	0	0	0	0	0	0	0	0	0	0	0	0	0	0	0	0	0	0.974708345475718	0	0	0	0	0	0.917697114682346	0	0	0	0	0	0	0	0	0	0	0	0	0	0	0	0	0	0.896522491074018	0	0	0	0	0	0	0	0	0	0	0	0	0	0	0	0	0
0	0	0	0	0	0	0	0	0	0	0	0	0	0	0	0	0	0	0	0	0	0	0	0	0	0	0	0	0	0	0	0	0	0	0	0	0	0	0	0	0	0	0	0.798438007939248	0	0	0	0	0	0	0	0	0	0	0.944009298193497	0	0	0	0	0	0	0	0	0	0	0	0	0	0	0	0	0	0	0	0	0	0	0	0	0	0	0	0	0	0	0	0	0	0	0
0	0	0	0	0	0	0	0	0	0	0	0	0	0	0	0	0.775337660582716	0	0	0	0	0	0	0	0	0	0	0	0	0	0	0	0	0	0	0	0	0	0	0.853890726441463	0	0	0	0	0	0	0	0	0	0	0	0	0	0	0	0	0	0	0	0	0	0	0	0	0	0	0	0	0	0	0	0	0	0	0	0	0	0	0	0	0	0	0.822919835221462	0	0	0	0	0.772609677448512	0	0
0	0	0	0	0	0	0	0	0	0	0	0	0	0	0	0	0	0	0	0	0	0	0	0	0	0	0	0	0.906933078520404	0	0	0	0	0	0	0	0	0	0	0	0	0	0	0	0	0	0	0	0	0	0	0.917697114682346	0.944009298193497	0	0	0	0	0	0	0.577592817123884	0	0	0	0	0	0	0	0	0	0	0	0	0	0	0	0	0	0	0	0	0	0	0	0	0	0	0	0	0	0
0	0	0	0	0	0	0	0	0	0	0	0	0	0	0	0	0	0	0.897419540646871	0.961981283297759	0	0	0	0	0	0	0	0	0	0	0	0	0	0	0	0	0	0	0	0	0	0	0	0	0	0	0	0	0	0	0	0	0	0	0	0	0	0.793515640385549	0	0	0	0	0	0	0	0	0	0	0.98635070830601	0	0	0	0	0	0.847149857872476	0	0	0	0	0	0	0	0	0	0	0	0	0	0	0
0	0	0	0	0	0	0	0	0	0	0	0	0	0	0	0	0	0	0	0	0	0	0	0	0	0	0	0	0	0	0	0	0.995709181552417	0	0	0	0	0	0	0	0	0.889020403528428	0	0	0	0	0	0	0.92753630950902	0	0	0	0	0	0	0	0	0.921128246308855	0	0	0	0	0	0	0	0	0	0	0	0	0	0	0	0	0	0	0	0	0	0	0	0	0	0	0	0.735836733712225	0	0	0	0
0	0	0	0.869634416382787	0	0	0	0.92998697573227	0	0	0	0	0	0	0	0	0	0	0	0	0	0	0	0	0	0	0	0	0	0	0	0	0	0	0	0	0	0	0	0	0	0	0	0	0	0	0	0	0	0	0	0	0	0	0	0.793515640385549	0.921128246308855	0	0	0	0	0	0	0	0	0	0	0	0	0	0	0	0.830167659645862	0	0	0	0	0	0	0	0	0	0	0.575820615343754	0	0	0	0	0	0
0	0	0	0	0	0	0	0	0	0	0	0	0.975354524717182	0	0	0.837851777743784	0	0	0	0	0	0	0	0	0	0	0.995107495828872	0	0	0	0	0	0	0	0	0	0	0	0	0	0	0	0	0	0	0	0	0	0	0	0	0	0	0	0	0	0	0	0	0.943289988402787	0	0	0	0	0	0	0	0	0	0	0	0	0	0	0.898513352446628	0	0	0	0	0	0	0	0	0	0	0	0	0	0	0
0	0	0	0	0	0	0	0	0.72883496935999	0	0	0	0	0	0	0	0	0	0	0.956440912572576	0	0	0	0	0	0	0	0.991048565396949	0	0	0	0	0	0	0	0	0	0	0	0	0	0	0	0	0	0	0	0	0	0	0	0	0	0	0.577592817123884	0	0	0	0.943289988402787	0	0	0	0	0	0	0	0	0	0	0	0	0	0	0	0	0	0	0	0	0	0	0.977085204627339	0	0	0	0	0	0	0	0
0	0	0	0	0	0	0	0	0	0	0	0	0	0	0	0	0	0	0	0.694246060267404	0	0	0	0	0	0	0	0	0	0	0	0	0	0	0	0	0	0	0	0	0	0	0	0	0	0	0	0	0	0	0	0	0	0	0	0	0	0	0	0	0	0	0	0	0.831171600931719	0	0	0	0	0	0	0	0	0	0	0	0	0	0	0	0	0	0	0	0	0	0	0	0	0
0	0	0	0	0	0	0	0	0	0	0	0	0	0	0	0	0	0	0.874647309734826	0	0	0	0	0	0	0	0	0	0	0	0	0	0	0.960597455267853	0	0	0	0	0.755912818950846	0	0	0	0	0	0	0	0	0	0	0	0	0	0	0	0	0	0	0	0	0	0	0	0	0	0	0	0	0	0	0	0	0	0	0	0	0	0	0	0	0.757895240400507	0	0	0	0	0	0	0	0	0	0
0	0	0	0	0	0	0	0	0	0	0	0	0	0	0	0.952981167969658	0	0	0	0	0	0	0	0	0	0	0	0	0	0	0	0	0	0.678210819240891	0	0	0	0	0	0	0.600499374348291	0	0	0	0	0	0	0	0	0	0.653783123948165	0	0	0	0	0	0	0	0	0	0	0	0	0	0	0	0	0	0	0	0	0	0	0	0	0	0	0	0	0	0	0	0	0	0	0	0	0	0	0
0	0	0	0	0	0	0	0.82895811916295	0	0	0	0	0	0	0	0	0	0	0	0	0	0.744510490077887	0	0	0	0	0	0	0	0.936472626494722	0	0	0	0	0	0	0	0	0	0	0	0	0	0	0	0	0	0	0	0	0	0	0	0	0	0	0	0	0	0	0	0	0	0	0	0	0	0	0	0	0	0	0	0	0	0	0	0	0	0	0	0	0	0	0	0	0	0	0	0
0	0	0	0	0	0	0	0	0	0	0	0	0	0	0	0	0	0	0	0	0	0	0	0	0	0	0	0	0	0	0	0	0	0	0	0	0	0.696669488432927	0	0	0	0	0	0	0	0	0	0	0	0	0	0	0	0	0	0	0	0	0	0	0.831171600931719	0	0	0	0	0	0.939040882346057	0.987576135415908	0	0	0	0	0	0	0	0	0	0	0	0	0	0	0	0	0	0	0	0	0	0
0	0	0	0	0	0	0	0	0	0	0	0	0	0	0	0	0	0	0	0	0	0	0	0	0	0	0	0	0	0.924735880146262	0	0	0	0	0	0	0	0	0	0.965104058397783	0	0	0	0	0	0	0	0	0	0	0	0	0	0	0	0	0	0	0	0	0	0	0	0	0	0	0	0	0.910092396642502	0	0	0	0	0	0	0	0	0	0	0	0	0	0	0	0	0.765908611894066	0	0	0	0
0	0	0	0	0.842037307150565	0	0	0	0	0	0	0	0	0	0	0	0.974567297077761	0	0	0	0	0	0	0	0	0	0	0	0	0	0	0	0.821161993692297	0	0	0	0	0	0	0	0	0	0	0	0	0	0	0	0	0	0	0	0	0	0	0	0	0	0	0	0	0	0	0	0.939040882346057	0	0	0	0	0	0	0.637161437984763	0	0	0	0	0	0	0	0	0	0	0	0	0	0	0	0	0	0
0	0	0	0	0	0	0	0	0	0	0	0	0	0	0	0	0	0	0	0	0	0	0	0	0	0	0	0	0	0	0	0	0	0	0	0	0	0	0	0	0	0	0	0	0.924623392780029	0	0	0	0	0	0	0	0	0	0	0	0	0	0	0	0	0	0	0	0.987576135415908	0	0	0	0	0.837540250641647	0	0	0	0	0	0	0	0	0	0	0.812376743815583	0	0	0	0	0	0	0	0	0
0	0	0	0	0	0	0	0	0	0	0	0	0	0	0	0	0	0	0	0	0	0	0	0	0	0	0	0	0	0	0	0	0	0	0	0	0	0	0	0	0	0	0	0	0	0	0	0	0	0	0	0	0	0	0	0.98635070830601	0	0	0	0	0	0	0	0	0	0.910092396642502	0	0	0	0	0	0	0	0	0.895113174439003	0	0	0	0	0	0	0	0	0	0	0	0	0	0	0
0.971592893759749	0.857590482964501	0	0	0	0	0	0	0	0	0	0	0	0	0	0	0	0	0	0	0	0	0	0	0	0	0	0	0	0	0	0	0	0	0	0	0	0	0	0	0	0	0	0	0	0	0	0	0	0	0	0	0	0	0	0	0	0	0	0	0	0	0	0	0	0	0	0.837540250641647	0	0	0	0.858706685782934	0	0	0	0	0	0	0	0	0	0	0	0	0	0	0	0	0	0
0	0	0	0	0.948544305532724	0	0	0	0	0	0	0	0	0	0	0	0	0	0.696549803251093	0	0	0	0.575153970762995	0	0	0	0	0	0	0	0	0	0	0	0	0	0	0	0	0	0	0	0	0	0	0	0	0	0	0	0	0	0	0	0	0	0	0	0	0	0	0	0	0	0	0	0	0	0	0	0	0.985631830460929	0	0	0	0	0	0	0	0	0	0.758927224276906	0	0	0	0	0	0	0	0
0	0	0	0	0	0	0	0	0	0	0	0	0	0	0	0	0	0	0	0	0	0	0	0	0.651845756606294	0	0	0	0	0	0	0	0	0	0	0	0	0	0	0	0	0	0	0	0	0	0	0	0	0	0	0	0	0	0	0	0	0	0	0	0	0	0	0	0	0	0.637161437984763	0	0	0.858706685782934	0.985631830460929	0	0.828161699888936	0	0	0	0	0	0	0	0	0	0	0	0	0	0	0	0	0
0	0	0	0	0	0	0	0	0	0	0	0	0	0	0	0	0	0	0	0	0	0	0	0	0	0	0	0	0	0	0	0	0	0	0	0	0	0	0	0	0	0	0	0	0	0	0	0	0	0	0	0.896522491074018	0	0	0	0	0	0.830167659645862	0	0	0	0	0	0	0	0	0	0	0	0	0	0.828161699888936	0	0	0	0	0	0	0	0	0	0	0	0	0	0	0	0	0	0
0	0	0	0	0	0	0	0	0	0	0	0	0	0	0	0	0	0	0	0	0	0	0	0	0	0.98524776876812	0	0	0	0	0	0.972147900652811	0	0	0	0.91352220250865	0	0.720112651878211	0	0	0	0.714391147574687	0	0	0	0	0	0	0	0	0	0	0	0	0	0	0	0	0	0	0	0	0	0	0	0	0	0	0	0	0	0	0	0	0	0	0	0	0	0	0	0	0	0	0	0	0	0	0	0
0	0	0	0	0	0	0	0	0	0	0	0	0	0	0	0	0	0	0	0	0	0	0	0	0	0	0	0	0	0	0	0	0	0	0	0	0	0	0	0	0	0	0	0	0	0	0	0	0	0	0	0	0	0	0	0.847149857872476	0	0	0.898513352446628	0	0	0	0	0	0	0	0	0	0.895113174439003	0	0	0	0	0	0	0	0	0	0	0	0	0	0	0	0	0	0	0	0	0
0	0.875568502776424	0	0	0	0	0	0	0	0	0	0	0	0	0	0	0	0	0	0	0	0	0	0	0.982279852881069	0	0	0	0	0	0	0	0	0	0	0	0	0	0	0	0	0	0	0	0	0	0	0	0	0	0	0	0	0	0	0	0	0	0	0	0	0	0	0	0	0	0	0	0	0	0	0	0	0	0	0	0	0	0	0	0	0	0	0	0	0	0	0	0	0
0	0	0	0	0	0	0	0	0	0	0	0	0	0	0	0	0	0	0	0	0	0	0	0	0	0	0	0	0	0	0	0	0	0	0	0	0	0	0	0	0	0	0.758126029146921	0	0	0	0	0	0	0	0	0	0	0	0	0	0	0	0	0	0	0	0	0	0	0	0	0	0	0	0	0	0	0	0	0	0	0	0.960668172484682	0	0	0	0.81453954621109	0	0	0	0	0	0	0
0	0	0	0	0	0	0.781186464958656	0	0	0	0	0	0	0	0	0	0	0	0	0	0	0	0	0	0	0	0	0	0.814241896830628	0	0	0	0	0	0	0	0	0	0.988944115508197	0	0	0	0	0	0	0	0	0	0	0	0	0	0	0	0	0	0	0	0	0	0	0	0	0	0	0	0	0	0	0	0	0	0	0	0	0	0	0	0	0	0	0	0	0	0	0	0	0	0	0
0	0	0.90373767765595	0.802052766506315	0	0	0	0	0	0	0.82315743690416	0	0	0	0	0	0	0	0	0	0	0	0	0	0	0	0	0	0	0	0	0	0	0	0	0	0	0	0	0	0	0	0	0	0	0	0	0	0	0	0	0	0	0	0	0	0	0	0	0	0	0	0	0	0	0	0	0	0	0	0	0	0	0	0	0	0.960668172484682	0	0	0	0	0	0	0	0	0	0	0	0	0
0	0	0	0	0	0	0	0	0	0	0	0	0	0	0	0	0	0	0	0	0	0	0	0	0	0	0	0	0	0.855270162248544	0	0	0	0.896673429524379	0	0	0	0	0	0	0	0	0	0	0	0	0	0.856978473376952	0	0	0	0	0	0	0	0	0	0	0	0	0	0.757895240400507	0	0	0	0	0	0	0	0	0	0	0	0	0	0	0	0	0	0	0	0	0	0	0	0	0	0	0	0
0	0	0.671635882058432	0	0	0	0	0	0	0	0	0	0	0	0	0	0	0	0	0	0	0	0	0	0	0	0	0	0	0	0	0	0	0	0	0	0	0	0	0	0	0	0	0	0.714598862993866	0.978096276674544	0	0	0	0	0	0	0	0	0	0	0	0	0	0	0	0	0	0	0	0	0	0.812376743815583	0	0	0	0	0	0	0	0	0	0	0	0	0	0	0	0	0	0	0	0	0.978178484781334	0
0	0.960613685815016	0	0	0	0	0	0	0	0	0	0	0	0	0	0	0	0	0	0	0	0	0.731540579119506	0	0	0	0	0	0	0	0	0	0	0	0	0	0	0	0	0	0	0	0	0	0	0	0	0	0	0	0	0	0	0	0	0	0	0	0	0.977085204627339	0	0	0	0	0	0	0	0	0	0	0.758927224276906	0	0	0	0	0	0	0	0	0	0	0	0	0	0	0	0	0	0	0
0	0	0	0	0	0	0.619644076324811	0	0	0	0.908377486401773	0	0	0	0	0	0	0	0	0	0	0	0	0	0	0	0	0	0	0	0	0	0	0.788214037177868	0	0	0	0	0	0	0	0	0	0	0	0	0	0	0	0	0	0	0	0.822919835221462	0	0	0	0	0	0	0	0	0	0	0	0	0	0	0	0	0	0	0	0	0	0	0.81453954621109	0	0	0	0	0	0	0	0	0	0	0	0	0
0	0	0	0	0	0	0	0	0	0	0	0	0	0	0	0	0	0	0	0	0	0	0	0	0	0	0	0	0	0	0	0	0	0	0	0	0	0	0	0	0	0	0	0	0	0	0	0	0	0	0	0	0	0	0	0	0	0.575820615343754	0	0	0	0	0	0	0	0	0	0	0	0	0	0	0	0	0	0	0	0	0	0	0	0	0	0	0.781896467429215	0	0	0	0	0
0	0	0	0	0	0	0	0.881279454331908	0	0	0	0	0	0	0	0	0	0	0	0	0	0	0	0	0	0	0	0	0	0	0.676578983803845	0	0	0	0	0	0	0	0	0	0	0	0	0	0	0	0	0	0	0	0	0	0	0	0	0	0	0	0	0	0	0	0	0	0	0	0	0	0	0	0	0	0	0	0	0	0	0	0	0	0	0	0	0.781896467429215	0	0	0.984828366659165	0	0.870482059493398	0
0	0	0	0	0	0	0	0	0	0	0	0	0	0	0	0	0	0	0.836101711381366	0	0	0	0	0.723102409164419	0	0	0	0	0	0	0	0	0	0	0	0	0	0	0	0	0	0	0	0	0	0	0	0	0	0	0	0	0	0	0	0	0.735836733712225	0	0	0	0	0	0	0	0	0.765908611894066	0	0	0	0	0	0	0	0	0	0	0	0	0	0	0	0	0	0	0	0	0.950035393955007	0	0	0
0	0	0	0	0	0.664174406242432	0	0	0	0	0	0	0	0	0	0	0	0	0	0	0	0	0	0	0	0	0	0	0	0	0	0	0	0	0	0	0	0	0	0	0	0	0	0	0	0	0	0	0	0	0	0	0	0	0	0	0	0	0	0	0	0	0	0	0	0	0	0	0	0	0	0	0	0	0	0	0	0	0	0	0	0	0	0	0.984828366659165	0.950035393955007	0	0.994778175798878	0	0.705945689171051
0	0	0	0	0	0	0.886905092860427	0	0	0	0	0	0	0	0	0	0	0	0	0	0	0	0	0	0	0	0	0	0	0	0	0	0	0	0	0	0	0	0	0	0	0	0	0	0	0	0	0	0	0	0	0	0	0.772609677448512	0	0	0	0	0	0	0	0	0	0	0	0	0	0	0	0	0	0	0	0	0	0	0	0	0	0	0	0	0	0	0	0	0.994778175798878	0	0	0
0.949312892406119	0	0	0	0	0	0	0	0	0	0	0	0	0	0	0	0	0	0	0	0	0	0	0	0	0	0	0	0	0	0	0	0.894411860020072	0	0	0	0	0	0	0	0	0	0	0	0	0	0	0	0	0	0	0	0	0	0	0	0	0	0	0	0	0	0	0	0	0	0	0	0	0	0	0	0	0	0	0	0	0	0	0	0.978178484781334	0	0	0	0.870482059493398	0	0	0	0	0.800662501343213
0	0	0	0	0	0	0	0	0	0	0	0	0	0	0	0	0	0	0	0	0	0	0	0	0	0	0	0	0	0	0	0	0	0	0	0	0.829096115337352	0	0	0	0	0	0	0	0	0	0	0	0	0	0	0	0	0	0	0	0	0	0	0	0	0	0	0	0	0	0	0	0	0	0	0	0	0	0	0	0	0	0	0	0	0	0	0	0	0	0.705945689171051	0	0.800662501343213	0
