0	0	0	0	0	0	0	0	0	0	0	0	0	0	0	0	0	0	0	0	0	0	0	0	0	0	0	0	0	0	0	0	0	0	0	0	0	0	0	0	0	0.638378693278794	0	0	0	0	0	0	0	0	0	0.763275600299325	0	0	0	0	0	0	0.952827459382135	0	0	0	0	0	0	0	0	0	0	0	0	0	0	0	0	0	0	0	0	0	0	0	0	0	0	0	0	0	0	0
0	0	0	0	0	0	0	0	0	0	0	0	0	0	0	0	0	0	0	0	0	0	0	0	0	0	0	0	0.706168251843115	0	0	0	0	0	0	0	0	0	0	0	0	0	0	0	0	0	0.707499825520563	0	0.79210305885263	0	0	0	0	0	0	0	0	0	0	0	0	0	0	0	0	0	0	0	0	0	0.9492507817233	0	0	0	0	0	0	0	0	0	0	0	0	0	0	0	0	0	0	0
0	0	0	0	0	0	0	0	0	0	0	0	0	0	0	0	0	0	0	0	0	0	0	0	0	0	0	0	0	0	0	0	0	0	0	0	0	0	0.833386603620742	0	0	0	0.792316990149204	0	0	0	0.933407712314726	0	0	0	0	0	0	0	0	0	0	0	0	0	0	0	0	0	0	0	0	0.833516982395928	0	0	0	0	0	0	0	0	0	0	0	0.874063977985785	0	0	0	0	0	0	0	0	0	0
0	0	0	0	0	0	0	0	0	0	0	0	0	0	0.588260660556027	0	0	0	0	0	0	0	0	0	0	0	0	0	0	0	0	0	0	0	0	0.760199386557571	0	0	0	0	0	0	0	0	0	0	0	0	0	0	0	0	0	0	0	0	0	0	0	0	0	0	0	0	0	0	0	0	0	0	0	0	0	0	0	0	0	0.968934670589572	0	0	0	0	0	0	0	0	0	0	0	0
0	0	0	0	0	0	0	0	0	0	0	0	0	0	0	0	0	0	0	0	0	0	0	0	0	0	0	0	0.721258110427575	0	0	0	0	0	0	0	0	0	0	0	0	0	0	0	0.923489179939113	0	0	0	0	0	0	0	0	0	0	0	0	0	0	0	0	0	0	0	0	0	0	0	0	0	0	0	0	0	0	0.881614753369552	0	0	0	0	0	0	0	0	0.915401735742429	0	0	0	0.921650325979673	0
0	0	0	0	0	0	0	0.909016394008377	0	0	0	0	0	0	0	0	0	0	0	0	0	0	0	0	0	0	0	0	0	0	0	0	0	0	0	0	0	0.747382657159966	0	0	0	0	0	0	0	0	0	0.777658429401254	0	0	0	0	0	0	0	0	0	0	0	0	0	0	0	0	0	0	0	0	0	0	0	0	0	0	0	0	0	0	0	0	0	0	0	0	0	0	0	0	0	0
0	0	0	0	0	0	0	0.656361179541682	0.676542819312979	0	0	0	0	0	0	0	0	0	0	0	0	0	0	0	0	0	0	0	0	0	0	0	0	0	0	0	0	0	0	0	0	0.949177370557142	0.956000010855787	0	0	0	0	0	0	0	0	0	0	0	0	0	0	0	0	0	0	0	0	0	0	0	0	0	0	0	0	0	0	0	0	0	0	0	0	0	0	0	0	0	0	0	0	0	0	0
0	0	0	0	0	0.909016394008377	0.656361179541682	0	0	0	0	0	0	0	0	0	0	0	0	0	0.935880046831471	0	0	0	0	0	0	0	0	0	0	0	0	0	0	0	0	0	0	0	0	0	0	0	0	0	0	0	0.630020855214693	0	0	0	0	0	0	0	0	0.658740739514142	0	0	0	0	0	0	0	0	0.962264596736556	0	0	0	0	0	0	0	0	0	0	0	0	0	0	0	0	0	0	0	0	0	0	0
0	0	0	0	0	0	0.676542819312979	0	0	0	0	0	0	0	0	0	0	0	0	0	0	0	0	0	0	0	0	0	0	0	0	0	0	0	0.885180440817366	0	0	0	0	0	0	0	0	0.683661138829011	0	0	0	0	0	0	0	0	0	0	0	0	0	0	0	0	0	0	0	0	0	0	0	0	0	0	0	0	0	0	0	0.907598262020517	0	0	0	0.999129043261136	0	0	0	0	0	0	0	0	0	0
0	0	0	0	0	0	0	0	0	0	0	0	0	0	0	0	0	0	0	0	0	0	0	0	0	0	0	0	0	0	0	0	0	0	0	0	0	0	0	0	0	0	0	0	0	0	0	0	0	0	0	0	0	0	0	0	0	0	0	0	0	0.899175524554995	0	0	0	0	0	0	0.990117862329806	0.850888034643226	0	0	0.732019857235368	0	0	0	0	0	0	0	0	0.743285650501936	0	0	0	0	0	0	0	0
0	0	0	0	0	0	0	0	0	0	0	0	0	0	0	0	0	0	0	0	0	0	0	0	0	0	0	0	0	0	0	0	0	0	0	0	0	0	0	0	0	0	0	0	0	0	0	0	0	0.995734798169692	0	0	0	0	0	0	0	0	0.848669751377238	0	0	0	0	0	0	0	0	0	0	0	0	0	0	0	0	0	0	0	0	0	0	0	0	0	0	0	0.799248051326231	0	0	0
0	0	0	0	0	0	0	0	0	0	0	0	0.620780807827297	0	0	0	0	0	0	0	0	0	0	0	0	0	0	0.586164600401743	0	0	0	0	0	0	0	0	0	0	0	0	0	0	0	0	0	0	0	0	0	0	0	0	0	0	0	0	0	0	0	0	0	0	0	0	0	0	0	0	0	0	0	0	0	0	0.944759254915658	0	0	0	0	0	0	0	0	0	0	0	0	0	0	0
0	0	0	0	0	0	0	0	0	0	0	0.620780807827297	0	0	0	0	0	0	0	0	0	0	0	0	0	0	0	0	0	0	0	0	0	0	0	0	0	0	0	0	0	0	0	0	0	0	0	0	0	0	0	0	0	0	0	0	0	0	0	0	0.746313349755225	0	0	0	0.729183369120867	0	0	0	0	0	0	0	0	0	0	0	0	0	0	0	0	0	0	0	0	0	0	0	0	0
0	0	0	0	0	0	0	0	0	0	0	0	0	0	0	0	0.656117454131714	0	0	0	0	0	0	0.880205539720318	0	0	0	0	0	0	0	0	0	0	0	0	0	0	0	0	0	0	0	0	0	0	0	0	0	0	0	0	0	0	0	0	0	0	0	0	0	0	0	0	0	0	0	0	0	0	0	0	0	0.784596879294862	0	0	0	0	0	0	0	0	0	0	0	0	0	0	0	0.932488553703927
0	0	0	0.588260660556027	0	0	0	0	0	0	0	0	0	0	0	0	0	0	0	0	0	0	0	0	0	0	0	0	0	0	0	0	0	0	0	0	0	0	0	0	0	0	0	0	0	0	0	0	0	0	0.527073659333785	0	0	0	0	0	0	0	0	0	0	0	0.657276011126354	0	0	0	0	0	0.761232195050558	0	0	0	0	0	0	0	0	0	0	0	0	0	0	0	0	0	0	0	0	0
0	0	0	0	0	0	0	0	0	0	0	0	0	0	0	0	0	0.90308680475896	0	0	0	0	0	0	0	0	0	0	0	0	0	0	0	0	0	0	0	0	0	0	0	0	0	0	0	0	0	0	0	0	0	0	0	0	0	0	0.814969710776535	0	0	0	0	0	0	0	0	0	0	0	0	0	0	0	0	0	0	0	0.966675270352893	0	0	0	0	0	0	0	0	0	0	0	0	0
0	0	0	0	0	0	0	0	0	0	0	0	0	0.656117454131714	0	0	0	0	0	0	0	0	0	0	0	0	0	0	0	0	0	0	0	0	0	0	0	0	0	0	0	0	0	0	0	0	0	0	0	0	0	0	0	0	0	0	0	0	0	0	0	0	0	0	0.835644867378575	0	0	0	0	0	0	0	0	0	0	0	0	0	0	0	0	0	0	0	0	0	0	0	0	0
0	0	0	0	0	0	0	0	0	0	0	0	0	0	0	0.90308680475896	0	0	0	0	0	0	0	0	0	0	0	0	0	0	0	0	0	0	0	0	0	0	0	0	0	0	0	0	0	0	0	0	0	0	0	0	0	0	0	0	0	0	0.697820158562024	0	0	0	0	0	0	0.860645291216861	0	0	0	0	0.899883505267273	0.912597381239607	0	0	0	0	0	0	0	0	0	0	0	0	0	0	0	0.65709954820471	0	0
0	0	0	0	0	0	0	0	0	0	0	0	0	0	0	0	0	0	0	0	0	0	0	0	0	0	0	0	0	0	0	0.793487407507034	0	0	0	0	0	0	0	0	0	0	0	0	0	0	0	0	0	0	0	0	0	0	0	0	0	0	0	0	0	0	0	0	0.812173151932904	0	0	0	0	0	0	0	0	0	0	0.931610987902197	0	0	0	0	0	0	0	0	0	0	0	0	0	0
0	0	0	0	0	0	0	0	0	0	0	0	0	0	0	0	0	0	0	0	0	0.902867187511747	0	0	0	0	0	0	0	0	0.946236283158369	0	0	0	0	0	0	0	0	0	0	0	0	0	0	0	0	0	0	0	0	0	0	0	0	0	0	0	0	0	0	0	0	0	0	0	0	0	0	0	0	0	0	0	0	0	0	0	0.542540686141663	0	0	0	0	0	0	0	0	0	0	0
0	0	0	0	0	0	0	0.935880046831471	0	0	0	0	0	0	0	0	0	0	0	0	0	0	0	0	0	0	0	0	0	0	0	0	0	0	0	0	0	0	0	0	0	0	0	0	0	0.800596774022856	0	0	0	0	0	0	0	0.913294724333406	0	0	0	0	0	0	0	0	0	0	0	0	0.912534812298945	0	0	0	0	0	0	0	0	0	0	0	0	0	0	0	0	0	0	0	0	0	0	0
0	0	0	0	0	0	0	0	0	0	0	0	0	0	0	0	0	0	0	0.902867187511747	0	0	0	0	0	0	0	0	0	0	0	0	0	0	0	0	0	0.790013901135586	0	0	0	0	0	0	0	0	0	0	0	0	0	0	0	0	0	0	0.960704451434896	0	0	0	0	0	0	0	0	0	0.710113834771681	0	0	0	0	0	0	0	0	0	0	0	0	0	0	0	0	0	0	0	0	0	0	0
0	0	0	0	0	0	0	0	0	0	0	0	0	0	0	0	0	0	0	0	0	0	0	0	0.806563815754396	0	0	0	0	0	0	0	0	0	0	0	0	0.999340634276925	0	0	0	0	0	0	0	0	0	0	0	0	0	0	0	0	0	0	0	0	0	0	0	0	0	0	0	0	0	0	0	0	0	0	0	0	0	0	0	0	0	0	0.836548355115554	0	0	0	0	0	0	0	0	0
0	0	0	0	0	0	0	0	0	0	0	0	0	0.880205539720318	0	0	0	0	0	0	0	0	0	0	0	0	0	0	0	0	0	0	0	0	0	0	0	0	0	0	0	0	0	0	0	0	0	0	0	0	0	0	0	0	0	0	0	0	0	0	0	0	0	0	0	0	0	0	0	0	0	0	0	0	0	0	0	0	0	0	0	0.917703793698399	0	0	0	0	0	0	0	0
0	0	0	0	0	0	0	0	0	0	0	0	0	0	0	0	0	0	0	0	0	0	0.806563815754396	0	0	0.753052775322422	0	0	0	0	0	0	0	0	0	0	0.642391873733507	0	0	0	0	0	0	0	0	0	0	0	0	0	0	0	0	0	0	0	0	0	0	0	0	0	0	0	0	0	0.859961917465668	0	0	0.659973328480647	0	0	0	0	0	0	0	0	0	0	0	0	0	0	0	0	0	0	0	0
0	0	0	0	0	0	0	0	0	0	0	0	0	0	0	0	0	0	0	0	0	0	0	0	0.753052775322422	0	0	0.782792465003148	0	0	0	0	0	0	0	0	0	0	0	0	0	0	0	0	0	0	0	0	0	0	0	0	0	0	0	0	0	0	0	0	0	0	0	0	0	0	0	0	0	0	0	0	0	0	0.732901635299911	0	0	0	0	0	0	0	0	0	0	0	0	0	0.843369773036375	0
0	0	0	0	0	0	0	0	0	0	0	0	0	0	0	0	0	0	0	0	0	0	0	0	0	0	0	0	0	0.955993357644168	0	0	0	0	0.889273224007104	0	0	0	0	0	0	0	0	0	0	0	0	0	0	0	0	0	0.870533692882583	0	0	0	0	0	0	0	0	0	0	0	0	0	0	0	0	0	0	0	0	0	0	0	0	0.753002296053324	0	0	0	0	0	0	0	0	0	0	0	0
0	0	0	0	0	0	0	0	0	0	0	0.586164600401743	0	0	0	0	0	0	0	0	0	0	0	0	0	0.782792465003148	0	0	0.920584073059595	0	0	0	0	0	0	0	0	0	0	0	0	0	0	0	0	0	0	0	0	0	0	0	0.978983735313702	0	0	0	0	0	0	0	0	0	0	0	0	0	0	0	0.895199680902498	0	0	0	0	0	0	0	0	0	0	0	0	0	0	0	0	0	0	0	0.650790160112692	0
0	0.706168251843115	0	0	0.721258110427575	0	0	0	0	0	0	0	0	0	0	0	0	0	0	0	0	0	0	0	0	0	0	0.920584073059595	0	0	0	0.901817980463722	0	0	0	0	0	0	0	0	0	0	0	0	0	0	0	0	0	0	0	0	0	0	0	0	0	0	0	0	0	0	0	0	0	0	0	0	0	0	0	0.98140113770896	0	0	0	0	0	0	0	0	0	0.998508169156527	0	0	0	0	0	0	0	0
0	0	0	0	0	0	0	0	0	0	0	0	0	0	0	0	0	0	0	0	0	0	0	0	0	0	0.955993357644168	0	0	0	0	0	0	0	0	0	0	0	0	0	0	0	0	0	0	0	0	0	0	0	0	0	0	0	0	0	0	0	0	0	0	0	0.715842235818981	0	0.724328370038823	0	0	0	0	0	0	0	0	0	0	0	0	0	0	0	0	0.679175597101091	0	0	0	0	0	0	0	0
0	0	0	0	0	0	0	0	0	0	0	0	0	0	0	0	0	0	0	0.946236283158369	0	0	0	0	0	0	0	0	0	0	0	0	0.699957699833601	0	0	0	0	0	0	0	0	0	0	0	0	0	0	0	0	0	0.668981350840657	0	0	0	0	0	0	0	0	0	0	0	0	0	0	0	0	0	0	0	0	0	0	0	0	0	0	0	0	0	0	0	0	0	0	0	0	0	0	0
0	0	0	0	0	0	0	0	0	0	0	0	0	0	0	0	0	0	0.793487407507034	0	0	0	0	0	0	0	0	0	0.901817980463722	0	0	0	0	0	0	0	0	0	0	0	0	0	0	0	0	0	0	0	0	0	0	0	0	0	0	0	0	0	0	0	0	0	0	0	0	0	0	0	0	0	0	0	0	0	0	0	0	0	0	0	0	0	0	0	0.826661375933687	0	0	0	0	0
0	0	0	0	0	0	0	0	0	0	0	0	0	0	0	0	0	0	0	0	0	0	0	0	0	0	0	0	0	0	0.699957699833601	0	0	0	0	0	0	0	0	0	0	0	0	0.818872561902244	0	0	0	0	0	0	0	0.722897231699507	0	0	0	0	0	0	0	0	0	0	0	0	0	0	0	0	0.762016451829414	0	0	0	0	0	0	0	0	0	0	0	0	0	0.666540499440804	0	0	0	0	0	0	0
0	0	0	0	0	0	0	0	0	0	0	0	0	0	0	0	0	0	0	0	0	0	0	0	0	0	0	0	0	0	0	0	0	0	0	0	0	0	0	0	0	0	0	0	0	0	0	0	0	0	0	0	0	0	0	0	0	0	0	0	0	0	0	0	0	0	0	0	0	0	0	0.983824723834303	0	0	0	0	0	0	0	0	0	0.849429960435249	0	0	0	0	0	0	0	0.853157244056357
0	0	0	0	0	0	0	0	0.885180440817366	0	0	0	0	0	0	0	0	0	0	0	0	0	0	0	0	0	0.889273224007104	0	0	0	0	0	0	0	0	0	0	0	0	0	0	0	0	0	0	0	0	0	0	0	0	0	0	0	0	0	0	0	0.940405653129887	0	0	0	0	0.922932993145819	0	0	0	0	0	0	0	0	0	0	0	0	0	0.996027782375241	0	0	0	0	0	0	0	0	0	0	0	0
0	0	0	0.760199386557571	0	0	0	0	0	0	0	0	0	0	0	0	0	0	0	0	0	0	0	0	0	0	0	0	0	0	0	0	0	0	0	0	0	0	0	0	0	0	0	0	0	0	0	0	0	0	0	0	0	0.877724762812188	0	0	0	0	0	0	0	0.946887535251533	0	0	0	0	0.944659651316546	0	0	0	0	0	0	0	0	0	0	0	0	0	0	0	0	0	0	0	0	0	0	0
0	0	0	0	0	0	0	0	0	0	0	0	0	0	0	0	0	0	0	0	0	0	0	0	0.642391873733507	0	0	0	0	0	0	0	0	0	0	0	0	0	0	0	0	0	0	0	0	0	0	0	0	0	0	0	0	0	0	0	0	0	0	0	0	0	0	0	0	0	0	0	0	0	0	0	0.703991849152289	0	0	0	0	0	0	0	0.977284314639142	0	0	0	0	0	0	0	0	0
0	0	0	0	0	0.747382657159966	0	0	0	0	0	0	0	0	0	0	0	0	0	0	0	0.790013901135586	0.999340634276925	0	0	0	0	0	0	0	0	0	0	0	0	0	0	0	0	0	0	0	0.774993006610617	0	0	0	0	0	0	0	0	0	0	0	0.750764759594335	0	0	0	0	0	0.771320337618118	0	0	0	0	0	0	0	0	0	0	0	0	0	0	0	0	0	0	0	0	0	0	0	0	0	0	0	0	0
0	0	0.833386603620742	0	0	0	0	0	0	0	0	0	0	0	0	0	0	0	0	0	0	0	0	0	0	0	0	0	0	0	0	0	0	0	0	0	0	0	0	0	0	0	0	0	0.904556356079854	0	0	0	0	0	0	0	0	0	0	0	0	0	0	0	0	0	0	0	0	0	0	0	0	0	0	0	0	0	0	0	0	0	0	0	0	0	0	0	0	0	0	0	0	0
0	0	0	0	0	0	0	0	0	0	0	0	0	0	0	0	0	0	0	0	0	0	0	0	0	0	0	0	0	0	0	0	0	0	0	0	0	0	0	0	0	0.720408017440978	0	0.811066794978524	0	0	0	0	0	0	0	0	0	0	0.950411693066023	0	0	0	0	0	0	0	0	0	0	0	0	0	0	0	0	0	0	0	0	0	0	0	0	0	0	0	0	0	0	0	0	0	0	0
0	0	0	0	0	0	0	0	0	0	0	0	0	0	0	0	0	0	0	0	0	0	0	0	0	0	0	0	0	0	0	0	0	0	0	0	0	0	0	0	0	0	0.853202213117304	0	0	0	0	0	0	0	0	0	0	0	0	0	0	0	0	0.908355445887941	0	0	0	0	0	0	0	0	0	0.966241434611014	0	0	0	0	0	0	0	0	0	0	0	0	0	0	0	0	0	0	0	0
0.638378693278794	0	0	0	0	0	0.949177370557142	0	0	0	0	0	0	0	0	0	0	0	0	0	0	0	0	0	0	0	0	0	0	0	0	0	0	0	0	0	0	0	0	0.720408017440978	0	0	0	0	0	0	0	0	0	0	0	0	0.714386081077943	0	0	0	0	0	0	0	0	0	0	0	0	0	0	0	0	0	0.941131161362979	0	0	0	0	0	0	0	0	0	0	0	0.649258353481956	0	0	0	0	0	0	0
0	0	0.792316990149204	0	0	0	0.956000010855787	0	0	0	0	0	0	0	0	0	0	0	0	0	0	0	0	0	0	0	0	0	0	0	0	0	0	0	0	0	0	0.774993006610617	0	0	0.853202213117304	0	0	0	0.915576209720012	0	0	0	0	0	0	0	0	0	0	0	0	0	0	0	0	0	0	0	0	0	0	0	0	0	0	0	0	0	0	0	0	0	0	0	0	0	0	0	0	0	0	0	0	0
0	0	0	0	0	0	0	0	0.683661138829011	0	0	0	0	0	0	0	0	0	0	0	0	0	0	0	0	0	0	0	0	0	0	0	0.818872561902244	0	0	0	0	0	0	0.811066794978524	0	0	0	0	0	0	0	0	0	0	0	0	0	0	0	0	0	0	0	0	0	0	0	0	0	0	0	0	0	0	0	0	0	0	0	0	0	0	0	0	0	0	0	0.922979440950099	0	0	0	0.734786971422564	0	0
0	0	0	0	0.923489179939113	0	0	0	0	0	0	0	0	0	0	0	0	0	0	0	0	0	0	0	0	0	0	0	0	0	0	0	0	0	0	0	0	0	0.904556356079854	0	0	0	0.915576209720012	0	0	0	0	0	0	0	0	0	0	0.860493489475514	0	0	0	0	0	0	0	0	0	0	0	0	0	0	0	0	0	0	0	0	0	0	0	0	0	0	0	0	0	0	0	0	0	0	0	0
0	0	0	0	0	0	0	0	0	0	0	0	0	0	0	0	0	0	0	0	0.800596774022856	0	0	0	0	0	0	0	0	0	0	0	0	0	0	0	0	0	0	0	0	0	0	0	0	0	0	0.835851049140928	0	0	0	0	0	0	0	0	0	0	0	0	0	0	0	0	0	0	0	0	0	0	0	0	0	0	0	0	0	0	0	0	0	0	0	0	0	0	0	0	0.567420925425005	0
0	0.707499825520563	0.933407712314726	0	0	0	0	0	0	0	0	0	0	0	0	0	0	0	0	0	0	0	0	0	0	0	0	0	0	0	0	0	0	0	0	0	0	0	0	0	0	0	0	0	0	0	0	0	0	0	0	0	0	0	0	0	0	0	0	0	0	0	0	0	0	0	0	0	0	0	0	0	0	0	0	0.918257352666263	0	0	0	0.76727385015268	0	0	0	0	0	0	0	0	0	0
0	0	0	0	0	0.777658429401254	0	0	0	0	0	0	0	0	0	0	0	0	0	0	0	0	0	0	0	0	0	0	0	0	0	0	0	0	0	0	0	0	0	0	0	0	0	0	0	0.835851049140928	0	0	0	0	0	0	0	0	0	0	0	0	0	0	0.892457381834529	0	0	0	0	0	0	0	0	0	0	0	0	0	0	0	0	0	0.937927273078875	0	0	0	0	0	0	0	0	0	0	0
0	0.79210305885263	0	0	0	0	0	0.630020855214693	0	0	0	0	0	0	0	0	0	0	0	0	0	0	0	0	0	0	0	0	0	0	0	0	0	0	0	0	0	0	0	0	0	0	0	0	0	0	0	0	0	0	0	0	0	0	0	0	0	0	0	0	0	0	0	0	0	0	0	0	0	0	0	0	0	0	0	0	0	0	0	0	0	0	0	0	0	0	0	0	0	0
0	0	0	0	0	0	0	0	0	0	0.995734798169692	0	0	0	0	0	0	0	0	0	0	0	0	0	0	0	0	0	0	0	0	0	0	0	0	0	0	0	0	0	0	0	0	0	0	0	0	0	0	0	0	0	0	0	0	0	0	0	0	0	0	0	0.780734967445639	0	0	0	0	0	0	0	0	0	0	0	0	0	0	0	0	0	0	0	0	0	0	0	0	0	0	0
0	0	0	0	0	0	0	0	0	0	0	0	0	0	0.527073659333785	0	0	0	0	0	0	0	0	0	0	0	0	0	0	0	0.668981350840657	0	0	0	0	0	0	0	0	0	0	0	0	0	0	0	0	0	0	0	0	0	0	0	0	0	0	0	0	0	0	0	0	0	0	0	0	0	0	0	0	0	0	0.982868095489913	0	0	0	0	0	0	0	0	0	0	0.742417678013085	0	0	0.763564726610075	0	0
0.763275600299325	0	0	0	0	0	0	0	0	0	0	0	0	0	0	0	0	0	0	0	0	0	0	0	0	0	0	0	0	0	0	0	0.722897231699507	0	0	0	0	0	0	0	0	0	0	0	0	0	0	0	0	0	0	0	0	0	0	0	0	0	0	0.72320686320239	0	0	0	0	0	0	0	0	0	0	0	0	0	0	0	0	0	0	0	0	0	0	0	0	0	0	0	0	0	0
0	0	0	0	0	0	0	0	0	0	0	0	0	0	0	0	0	0	0	0	0	0	0	0	0	0	0.870533692882583	0.978983735313702	0	0	0	0	0	0	0	0	0	0	0	0	0	0.714386081077943	0	0	0	0	0	0	0	0	0	0	0	0	0	0	0	0	0	0	0	0	0	0.681534166250293	0	0	0	0	0	0	0	0	0	0	0	0	0.877639825254553	0	0	0	0	0	0	0	0	0	0	0	0	0
0	0	0	0	0	0	0	0	0	0	0	0	0	0	0	0	0	0	0	0	0.913294724333406	0	0	0	0	0	0	0	0	0	0	0	0	0	0	0.877724762812188	0	0	0	0	0	0	0	0	0.860493489475514	0	0	0	0	0	0	0	0	0	0	0	0	0	0	0	0	0	0	0	0	0	0	0	0	0	0	0	0	0	0	0	0	0	0.772907613951105	0	0	0	0	0	0	0	0	0	0	0
0	0	0	0	0	0	0	0	0	0	0	0	0	0	0	0	0	0	0	0	0	0	0	0	0	0	0	0	0	0	0	0	0	0	0	0	0	0.750764759594335	0	0.950411693066023	0	0	0	0	0	0	0	0	0	0	0	0	0	0	0	0	0	0	0	0	0	0	0	0	0	0	0	0	0	0	0	0	0	0	0	0	0	0	0.748179306537038	0	0	0	0	0	0	0	0.851604770267738	0	0	0
0	0	0	0	0	0	0	0	0	0	0	0	0	0	0	0	0	0	0	0	0	0	0	0	0	0	0	0	0	0	0	0	0	0	0	0	0	0	0	0	0	0	0	0	0	0	0	0	0	0	0	0	0	0	0	0	0	0	0	0	0	0	0	0	0	0	0	0	0	0	0	0	0	0	0	0	0	0	0	0	0	0	0	0	0	0	0	0	0.688141888220444	0.765572060308719
0	0	0	0	0	0	0	0	0	0	0	0	0	0	0	0.814969710776535	0	0	0	0	0	0.960704451434896	0	0	0	0	0	0	0	0	0	0	0	0	0	0	0	0	0	0	0	0	0	0	0	0	0	0	0	0	0	0	0	0	0	0	0	0	0	0	0	0	0	0	0	0	0	0	0	0	0	0	0	0	0	0.959847039604891	0	0	0	0	0	0	0	0	0	0	0	0	0	0
0	0	0	0	0	0	0	0.658740739514142	0	0	0	0	0	0	0	0	0	0	0	0	0	0	0	0	0	0	0	0	0	0	0	0	0	0	0	0	0	0	0	0	0	0	0	0	0	0	0	0	0	0	0	0	0	0	0	0	0	0	0	0	0	0	0	0	0	0	0	0	0	0	0	0	0	0	0	0	0.727940205824922	0	0.693531495603484	0	0	0	0.906960360134283	0	0	0	0	0	0	0
0.952827459382135	0	0	0	0	0	0	0	0	0	0.848669751377238	0	0	0	0	0	0	0.697820158562024	0	0	0	0	0	0	0	0	0	0	0	0	0	0	0	0	0.940405653129887	0	0	0	0	0	0	0	0	0	0	0	0	0	0	0	0	0	0	0	0	0	0	0	0	0	0	0	0	0	0	0	0	0	0	0	0	0	0	0	0	0	0	0	0	0	0	0	0	0	0	0	0	0	0	0
0	0	0	0	0	0	0	0	0	0	0	0	0	0	0	0	0	0	0	0	0	0	0	0	0	0	0	0	0	0	0	0	0	0	0	0	0	0	0	0	0.908355445887941	0	0	0	0	0	0	0	0	0	0	0.72320686320239	0	0	0	0	0	0	0	0	0	0.880008829653674	0	0	0	0	0	0	0	0	0	0	0	0	0	0	0	0	0	0	0	0	0	0	0	0	0	0.838940800283905	0	0
0	0	0	0	0	0	0	0	0	0	0	0	0.746313349755225	0	0	0	0	0	0	0	0	0	0	0	0	0	0	0	0	0	0	0	0	0	0	0	0	0.771320337618118	0	0	0	0	0	0	0	0	0	0.892457381834529	0	0	0	0	0	0	0	0	0	0	0	0	0	0	0	0	0	0	0	0	0	0	0	0	0	0	0	0	0	0	0	0	0	0	0	0	0	0	0	0	0	0.552324900530309
0	0	0	0	0	0	0	0	0	0.899175524554995	0	0	0	0	0	0	0	0	0	0	0	0	0	0	0	0	0	0	0	0	0	0	0	0	0	0.946887535251533	0	0	0	0	0	0	0	0	0	0	0	0	0	0	0	0	0	0	0	0	0	0	0	0.880008829653674	0	0	0	0	0	0	0	0	0	0	0	0	0	0	0	0	0	0	0	0	0	0	0	0	0	0	0	0	0	0
0	0	0	0	0	0	0	0	0	0	0	0	0	0	0.657276011126354	0	0	0	0	0	0	0	0	0	0	0	0	0	0	0.715842235818981	0	0	0	0	0	0	0	0	0	0	0	0	0	0	0	0	0	0	0	0.780734967445639	0	0	0	0	0	0	0	0	0	0	0	0	0	0	0	0	0	0	0	0	0	0	0	0	0	0	0	0	0	0	0	0	0	0	0	0	0	0.931210767508571	0	0
0	0	0	0	0	0	0	0	0	0	0	0	0	0	0	0	0	0	0	0	0	0	0	0	0	0	0	0	0	0	0	0	0	0	0.922932993145819	0	0	0	0	0	0	0	0	0	0	0	0	0	0	0	0	0	0.681534166250293	0	0	0	0	0	0	0	0	0	0	0	0	0	0	0	0.710757499112768	0	0	0	0	0	0	0	0	0	0	0	0	0	0	0	0	0	0	0	0	0
0	0	0	0	0	0	0	0	0	0	0	0	0.729183369120867	0	0	0	0.835644867378575	0	0.812173151932904	0	0	0	0	0	0	0	0	0	0	0.724328370038823	0	0	0	0	0	0	0	0	0	0	0	0	0	0	0	0	0	0	0	0	0	0	0	0	0	0	0	0	0	0	0	0	0	0	0	0	0	0	0	0	0	0	0	0	0	0	0	0	0	0	0	0	0	0	0	0	0	0.961304728153388	0	0
0	0	0	0	0	0	0	0	0	0	0	0	0	0	0	0	0	0.860645291216861	0	0	0	0	0	0	0	0	0	0	0	0	0	0	0	0	0	0	0	0	0	0	0	0	0	0	0	0	0	0	0	0	0	0	0	0	0	0	0	0	0	0	0	0	0	0	0	0	0	0	0	0	0	0	0	0	0	0	0	0	0	0	0.932295192863002	0	0	0	0	0	0	0	0	0
0	0	0	0	0	0	0	0.962264596736556	0	0	0	0	0	0	0	0	0	0	0	0	0.912534812298945	0.710113834771681	0	0	0.859961917465668	0	0	0	0	0	0	0	0	0	0	0.944659651316546	0	0	0	0	0	0	0	0	0	0	0	0	0	0	0	0	0	0	0	0	0	0	0	0	0	0	0	0	0	0	0	0.83163814315371	0	0	0	0	0	0	0	0	0	0	0	0	0	0	0	0	0	0	0	0	0	0
0	0	0.833516982395928	0	0	0	0	0	0	0	0	0	0	0	0	0	0	0	0	0	0	0	0	0	0	0	0	0	0	0	0	0	0	0	0	0	0	0	0	0	0	0	0	0	0	0	0	0	0	0	0	0	0	0	0	0	0	0	0	0	0	0	0	0	0	0	0.83163814315371	0	0.946280183716128	0	0	0	0	0	0	0	0	0	0	0	0	0	0	0	0	0.960105564666315	0	0	0	0
0	0	0	0	0	0	0	0	0	0.990117862329806	0	0	0	0	0.761232195050558	0	0	0	0	0	0	0	0	0	0	0	0	0.895199680902498	0	0	0	0	0.762016451829414	0	0	0	0	0	0	0	0	0	0	0	0	0	0	0	0	0	0	0	0	0	0	0	0	0	0	0	0	0	0	0.710757499112768	0	0	0	0.946280183716128	0	0	0	0	0	0	0	0	0	0	0	0	0	0	0	0	0	0	0	0	0	0
0	0	0	0	0	0	0	0	0	0.850888034643226	0	0	0	0	0	0	0	0	0	0	0	0	0	0	0.659973328480647	0	0	0	0	0	0	0	0	0	0	0	0	0	0	0	0.966241434611014	0	0	0	0	0	0	0	0	0	0	0	0	0	0	0	0	0	0	0	0	0	0	0	0	0	0	0	0	0	0	0	0	0	0	0	0	0	0	0	0	0	0	0	0	0	0	0	0	0
0	0.9492507817233	0	0	0	0	0	0	0	0	0	0	0	0	0	0	0	0.899883505267273	0	0	0	0	0	0	0	0	0	0	0	0	0	0	0	0	0	0	0	0	0	0	0	0.941131161362979	0	0	0	0	0	0	0	0	0	0	0	0	0	0	0	0	0	0	0	0	0	0	0	0	0	0	0	0	0	0	0	0	0	0	0	0	0	0	0.871964805206284	0	0	0	0	0	0	0	0	0
0	0	0	0	0	0	0	0	0	0	0	0	0	0	0	0	0	0.912597381239607	0	0	0	0	0	0	0	0	0	0	0.98140113770896	0	0	0	0	0.983824723834303	0	0	0	0	0	0	0	0	0	0	0	0	0	0	0	0	0	0	0	0	0	0	0	0	0	0	0	0	0	0	0	0	0	0	0	0	0	0	0	0	0	0	0	0	0	0	0	0	0	0	0	0	0	0	0	0
0	0	0	0	0	0	0	0	0	0.732019857235368	0	0	0	0	0	0	0	0	0	0	0	0	0	0	0	0	0	0	0	0	0	0	0	0	0	0	0.703991849152289	0	0	0	0	0	0	0	0	0	0	0	0	0	0	0	0	0	0	0	0	0	0	0	0	0	0	0	0	0	0	0	0	0	0	0	0	0	0	0	0	0.758785843397382	0	0	0	0	0	0	0	0	0	0	0	0
0	0	0	0	0	0	0	0	0	0	0	0	0	0.784596879294862	0	0	0	0	0	0	0	0	0	0	0	0	0	0	0	0	0	0	0	0	0	0	0	0	0	0	0	0	0	0	0	0	0	0	0	0	0.982868095489913	0	0	0	0	0	0	0	0	0	0	0	0	0	0	0	0	0	0	0	0	0	0	0	0.88219702882407	0.949615668105428	0	0.757189874377451	0	0	0	0	0	0	0	0	0	0	0	0
0	0	0	0	0	0	0	0	0	0	0	0.944759254915658	0	0	0	0	0	0	0	0	0	0	0	0	0	0.732901635299911	0	0	0	0	0	0	0	0	0	0	0	0	0	0	0	0	0	0	0	0	0	0	0	0	0	0	0	0	0	0	0	0	0	0	0	0	0	0	0	0	0	0	0	0	0	0	0	0.88219702882407	0	0.915844274176621	0	0	0	0	0	0	0	0	0	0	0	0	0	0
0	0	0	0	0.881614753369552	0	0	0	0.907598262020517	0	0	0	0	0	0	0	0	0	0.931610987902197	0	0	0	0	0	0	0	0	0	0	0	0	0	0	0	0	0	0	0	0	0	0	0	0	0	0	0	0.918257352666263	0	0	0	0	0	0	0	0	0	0.959847039604891	0	0	0	0	0	0	0	0	0	0	0	0	0	0	0	0	0.949615668105428	0.915844274176621	0	0	0	0	0	0	0	0	0	0	0	0	0	0	0
0	0	0	0	0	0	0	0	0	0	0	0	0	0	0	0.966675270352893	0	0	0	0	0	0	0	0	0	0	0	0	0	0	0	0	0	0	0	0	0	0	0	0	0	0	0	0	0	0	0	0	0	0	0	0	0.877639825254553	0	0	0	0	0.727940205824922	0	0	0	0	0	0	0	0	0	0	0	0	0	0	0	0	0	0	0	0	0	0	0	0	0	0	0	0	0	0	0	0
0	0	0	0.968934670589572	0	0	0	0	0	0	0	0	0	0	0	0	0	0	0	0	0	0	0	0	0	0	0.753002296053324	0	0	0	0	0	0	0	0.996027782375241	0	0	0	0	0	0	0	0	0	0	0	0	0	0	0	0	0	0	0	0	0	0	0	0	0	0	0	0	0	0	0	0	0	0	0	0	0	0.758785843397382	0.757189874377451	0	0	0	0	0	0	0	0	0	0	0	0	0	0	0	0
0	0	0	0	0	0	0	0	0	0	0	0	0	0	0	0	0	0	0	0.542540686141663	0	0	0	0	0	0	0	0	0	0	0	0	0	0	0	0	0	0	0	0	0	0	0	0	0	0	0	0.937927273078875	0	0	0	0	0	0.772907613951105	0.748179306537038	0	0	0.693531495603484	0	0	0	0	0	0	0	0	0	0	0	0	0	0	0	0	0	0	0	0	0	0	0.960363866543898	0	0	0	0	0	0	0	0	0
0	0	0.874063977985785	0	0	0	0	0	0.999129043261136	0	0	0	0	0	0	0	0	0	0	0	0	0	0	0	0	0	0	0	0	0	0	0	0	0	0	0	0	0	0	0	0	0	0	0	0	0	0.76727385015268	0	0	0	0	0	0	0	0	0	0	0	0	0	0	0	0	0	0	0	0	0	0	0	0	0	0	0	0	0	0	0	0	0	0	0	0	0	0	0	0	0	0	0
0	0	0	0	0	0	0	0	0	0	0	0	0	0	0	0	0	0	0	0	0	0	0.836548355115554	0	0	0	0	0	0	0	0	0	0	0	0	0	0.977284314639142	0	0	0	0	0	0	0	0	0	0	0	0	0	0	0	0	0	0	0	0	0	0	0	0	0	0	0	0	0.932295192863002	0	0	0	0	0.871964805206284	0	0	0	0	0	0	0	0.960363866543898	0	0	0	0	0	0	0	0	0	0	0
0	0	0	0	0	0	0	0	0	0.743285650501936	0	0	0	0	0	0	0	0	0	0	0	0	0	0.917703793698399	0	0	0	0	0.998508169156527	0.679175597101091	0	0	0	0.849429960435249	0	0	0	0	0	0	0	0	0	0	0	0	0	0	0	0	0	0	0	0	0	0	0	0	0	0	0	0	0	0	0	0	0	0	0	0	0	0	0	0	0	0	0	0	0	0	0	0	0	0	0	0	0	0	0	0.937425311648816
0	0	0	0	0	0	0	0	0	0	0	0	0	0	0	0	0	0	0	0	0	0	0	0	0	0	0	0	0	0	0	0	0.666540499440804	0	0	0	0	0	0	0	0	0.649258353481956	0	0	0	0	0	0	0	0	0	0	0	0	0	0	0	0.906960360134283	0	0	0	0	0	0	0	0	0	0	0	0	0	0	0	0	0	0	0	0	0	0	0	0	0	0	0	0	0	0	0	0
0	0	0	0	0	0	0	0	0	0	0	0	0	0	0	0	0	0	0	0	0	0	0	0	0	0	0	0	0	0	0	0	0	0	0	0	0	0	0	0	0	0	0	0.922979440950099	0	0	0	0	0	0	0	0	0	0	0	0	0	0	0	0	0	0	0	0	0	0	0	0	0	0	0	0	0	0	0	0	0	0	0	0	0	0	0	0	0.714029285388707	0	0.807537699430485	0	0	0
0	0	0	0	0.915401735742429	0	0	0	0	0	0	0	0	0	0	0	0	0	0	0	0	0	0	0	0	0	0	0	0	0	0	0.826661375933687	0	0	0	0	0	0	0	0	0	0	0	0	0	0	0	0	0	0	0.742417678013085	0	0	0	0	0	0	0	0	0	0	0	0	0	0	0	0	0	0	0	0	0	0	0	0	0	0	0	0	0	0	0	0	0.714029285388707	0	0	0	0	0	0
0	0	0	0	0	0	0	0	0	0	0	0	0	0	0	0	0	0	0	0	0	0	0	0	0	0	0	0	0	0	0	0	0	0	0	0	0	0	0	0	0	0	0	0	0	0	0	0	0	0	0	0	0	0	0	0	0	0	0	0	0	0	0	0	0	0	0	0.960105564666315	0	0	0	0	0	0	0	0	0	0	0	0	0	0	0	0	0	0	0.658990697514669	0	0	0
0	0	0	0	0	0	0	0	0	0	0.799248051326231	0	0	0	0	0	0	0	0	0	0	0	0	0	0	0	0	0	0	0	0	0	0	0	0	0	0	0	0	0	0	0	0	0	0	0	0	0	0	0	0	0	0	0	0.851604770267738	0	0	0	0	0	0	0	0	0	0	0	0	0	0	0	0	0	0	0	0	0	0	0	0	0	0	0	0	0.807537699430485	0	0.658990697514669	0	0	0	0
0	0	0	0	0	0	0	0	0	0	0	0	0	0	0	0	0	0.65709954820471	0	0	0	0	0	0	0	0	0	0	0	0	0	0	0	0	0	0	0	0	0	0	0	0	0	0.734786971422564	0	0	0	0	0	0	0.763564726610075	0	0	0	0	0	0	0	0	0.838940800283905	0	0	0.931210767508571	0	0.961304728153388	0	0	0	0	0	0	0	0	0	0	0	0	0	0	0	0	0	0	0	0	0	0	0	0	0.932425705358098
0	0	0	0	0.921650325979673	0	0	0	0	0	0	0	0	0	0	0	0	0	0	0	0	0	0	0	0	0.843369773036375	0	0.650790160112692	0	0	0	0	0	0	0	0	0	0	0	0	0	0	0	0	0	0.567420925425005	0	0	0	0	0	0	0	0	0	0.688141888220444	0	0	0	0	0	0	0	0	0	0	0	0	0	0	0	0	0	0	0	0	0	0	0	0	0	0	0	0	0	0	0	0	0	0
0	0	0	0	0	0	0	0	0	0	0	0	0	0.932488553703927	0	0	0	0	0	0	0	0	0	0	0	0	0	0	0	0	0	0	0	0.853157244056357	0	0	0	0	0	0	0	0	0	0	0	0	0	0	0	0	0	0	0	0	0	0.765572060308719	0	0	0	0	0.552324900530309	0	0	0	0	0	0	0	0	0	0	0	0	0	0	0	0	0	0	0	0	0.937425311648816	0	0	0	0	0	0.932425705358098	0	0
