0	0	0	0	0	0	0	0	0	0	0	0	0	0	0	0	0	0	0	0	0	0	0	0	0	0	0	0	0	0	0	0	0	0	0	0	0	0	0	0	0	0	0	0	0	0	0	0	0	0	0	0.711528750323206	0	0	0	0	0	0	0	0	0	0	0	0	0	0	0	0	0.957850992458517	0	0	0	0	0	0	0	0.760320266648808	0	0	0	0	0.765645102469385	0	0	0	0	0	0	0	0
0	0	0	0	0	0	0	0	0	0	0	0	0	0	0	0.978378692497309	0	0	0	0	0	0	0	0	0	0	0	0	0	0	0	0	0	0	0	0	0	0	0	0	0	0	0	0	0	0	0	0	0	0	0	0	0	0	0.848254521401999	0	0	0	0	0	0	0	0	0	0	0	0	0	0	0	0	0	0	0	0	0	0	0	0.971664038474884	0	0	0	0	0	0	0	0.835586608790969	0	0	0
0	0	0	0	0	0	0	0	0	0	0	0	0	0	0	0	0	0	0	0	0	0	0	0	0	0	0	0	0	0	0	0	0	0	0	0	0	0	0	0	0	0.701896406331823	0	0	0	0	0	0	0	0	0	0	0	0	0	0	0	0	0	0	0	0	0	0	0.741906011595081	0	0	0	0	0	0	0	0	0	0	0	0	0	0	0	0	0	0	0	0	0	0	0	0	0
0	0	0	0	0	0.992496398266321	0	0	0	0	0	0	0	0	0.795002413706979	0	0.999150253151859	0	0	0	0	0	0	0	0	0	0	0	0	0	0	0	0	0	0	0	0	0	0	0	0	0	0	0.570119819539819	0	0	0.648533558741997	0	0	0	0	0	0	0	0	0	0	0	0	0	0	0	0	0	0	0	0	0	0	0	0	0	0	0	0	0	0	0	0	0	0	0	0	0	0	0	0	0	0	0
0	0	0	0	0	0.85732936717727	0	0	0	0.888900314433217	0	0	0	0	0.958510194420929	0	0	0	0	0	0	0	0	0	0	0	0.82153940042869	0	0	0	0	0	0	0	0	0	0	0	0	0	0	0	0	0	0	0	0	0	0	0	0	0	0	0	0	0	0	0	0	0.950238063334094	0	0	0.868689416034577	0	0	0	0.871553067016424	0	0	0	0	0	0.651745636032795	0	0	0	0	0	0	0	0	0	0	0	0	0	0	0	0	0
0	0	0	0.992496398266321	0.85732936717727	0	0	0	0	0	0	0	0	0	0	0.949161832157568	0	0	0.869336674901651	0	0	0.862921498672488	0	0	0	0	0	0	0	0	0	0	0	0	0	0	0	0	0	0	0	0	0	0	0	0	0	0	0	0	0	0	0	0	0	0	0	0	0	0	0	0	0	0	0	0.60055453750564	0	0	0	0	0	0	0	0	0	0	0	0	0	0	0	0	0	0	0	0	0	0	0	0
0	0	0	0	0	0	0	0	0	0	0	0	0	0	0	0	0	0	0	0	0	0	0	0	0	0	0	0	0	0	0	0	0	0	0	0	0	0	0	0	0	0	0	0	0	0	0	0	0	0	0	0	0	0.655215182660123	0	0	0	0	0	0	0	0	0	0	0	0	0	0	0	0	0	0	0	0	0	0	0	0	0	0	0	0.605362680375502	0	0	0	0	0	0	0	0
0	0	0	0	0	0	0	0	0	0	0	0	0.745256478137359	0	0	0	0	0	0	0	0	0	0	0	0	0	0	0	0	0	0	0	0	0	0	0	0	0	0	0	0	0	0	0	0	0	0	0	0	0	0	0	0	0	0	0	0	0	0	0	0	0	0	0	0	0	0	0.785737716510489	0	0	0	0	0	0	0	0	0	0	0	0	0	0	0	0	0	0	0	0	0	0
0	0	0	0	0	0	0	0	0	0	0	0	0	0	0	0.963314610686788	0	0	0.670912938395895	0	0	0	0	0	0	0	0	0	0	0	0	0	0.787445160361106	0	0	0	0	0	0	0	0	0	0	0	0	0	0	0	0	0	0	0	0	0	0	0	0	0	0	0	0	0	0	0	0	0	0	0	0	0	0	0	0	0	0	0	0	0	0	0	0	0	0	0	0	0	0	0	0	0
0	0	0	0	0.888900314433217	0	0	0	0	0	0	0.877667090844384	0	0	0	0	0	0	0	0	0	0	0	0	0	0	0.848839625728378	0	0	0	0	0	0	0	0	0	0	0.697504259575024	0	0	0	0	0	0	0	0	0	0	0	0	0	0	0	0.952117793356223	0	0	0	0	0	0	0	0	0	0	0	0	0	0	0	0	0	0	0	0	0	0	0	0	0	0	0	0	0	0	0	0	0	0	0	0
0	0	0	0	0	0	0	0	0	0	0	0	0	0	0	0	0	0	0	0	0	0	0	0	0.986231482751641	0	0	0	0	0	0	0	0	0	0	0	0	0	0	0	0	0	0.872939043313047	0	0	0	0	0	0	0	0	0	0	0	0	0	0	0	0	0	0	0	0	0	0	0	0.967105496527734	0	0	0	0	0	0	0	0	0	0	0	0	0	0	0	0	0	0	0	0	0	0	0
0	0	0	0	0	0	0	0	0	0.877667090844384	0	0	0	0.976692851329622	0.980306302510566	0	0	0	0	0	0	0	0	0	0	0	0	0	0	0	0	0	0	0	0	0	0	0	0.775118751015344	0	0	0	0	0	0	0.958344757710348	0	0	0	0	0	0	0	0	0	0	0.878680430910056	0	0	0	0	0	0	0	0	0	0	0.980940173911957	0	0	0	0.704534433470946	0	0	0	0	0	0	0.926829255067105	0	0	0	0	0	0	0	0	0	0	0
0	0	0	0	0	0	0	0.745256478137359	0	0	0	0	0	0	0	0	0	0	0	0	0	0.947685796315516	0	0	0	0	0	0	0	0	0	0	0	0	0	0	0.920955628684268	0	0	0	0	0	0	0	0.735668215931363	0	0	0	0	0	0	0	0	0	0	0	0	0	0	0	0	0	0	0	0	0	0	0	0	0	0	0	0	0	0	0	0	0	0	0	0.659779397093028	0	0	0	0	0	0	0	0	0
0	0	0	0	0	0	0	0	0	0	0	0.976692851329622	0	0	0	0	0	0	0	0	0	0	0	0.866900158589012	0	0	0	0	0	0	0	0	0	0	0	0.565061049558123	0	0	0	0	0	0	0	0	0	0	0	0	0	0	0	0	0	0	0	0	0	0	0	0	0	0	0	0	0	0	0	0	0	0	0	0	0	0	0	0	0	0	0	0	0	0	0	0	0	0.794078917723039	0	0	0	0
0	0	0	0.795002413706979	0.958510194420929	0	0	0	0	0	0	0.980306302510566	0	0	0	0	0	0	0	0	0	0	0	0	0	0	0	0	0	0	0	0	0	0	0	0	0	0	0	0	0	0	0	0	0	0	0	0	0	0	0	0	0	0	0	0	0	0	0	0	0	0	0	0	0	0	0	0	0	0	0	0	0	0	0	0	0	0	0	0	0	0	0	0	0	0	0	0	0	0
0	0.978378692497309	0	0	0	0.949161832157568	0	0	0.963314610686788	0	0	0	0	0	0	0	0	0	0	0	0	0	0	0	0	0	0	0	0	0	0	0	0	0	0	0	0	0	0	0	0	0	0	0	0	0	0	0	0	0	0	0	0	0	0	0	0	0.692503761011533	0	0	0	0	0	0	0	0	0	0	0	0	0	0	0	0	0	0	0	0	0	0	0	0	0	0	0	0	0	0	0	0
0	0	0	0.999150253151859	0	0	0	0	0	0	0	0	0	0	0	0	0	0	0	0	0	0	0.959244195986556	0	0	0	0	0	0	0	0	0	0	0	0	0	0	0	0	0	0.518903828477746	0	0	0	0	0	0	0	0	0	0	0	0	0	0	0	0	0	0	0	0	0	0	0	0	0	0	0	0	0	0	0	0	0	0	0	0	0.790744501737003	0	0	0	0	0	0	0	0	0	0	0	0
0	0	0	0	0	0	0	0	0	0	0	0	0	0	0	0	0	0	0	0.749376801639362	0	0	0	0	0	0	0	0	0	0	0	0	0	0	0	0	0	0	0	0	0	0	0	0.661862580968735	0	0	0	0	0	0	0	0	0	0	0	0	0	0	0	0	0	0	0	0	0	0	0	0	0	0	0	0	0	0	0	0	0	0	0.699338136000846	0	0	0	0	0	0	0	0	0	0	0
0	0	0	0	0	0.869336674901651	0	0	0.670912938395895	0	0	0	0	0	0	0	0	0	0	0	0	0	0	0	0	0	0	0	0	0	0	0	0	0	0	0	0	0	0	0	0	0	0	0	0	0	0	0	0	0	0.763662562203632	0	0.865095043515966	0	0	0	0	0	0	0	0	0	0	0	0	0	0	0	0	0	0	0	0	0	0	0	0	0.926729744578599	0	0	0	0	0	0	0	0	0	0	0	0
0	0	0	0	0	0	0	0	0	0	0	0	0	0	0	0	0	0.749376801639362	0	0	0	0	0	0	0	0	0	0	0	0	0	0	0.718171716068609	0	0	0	0	0	0	0	0	0	0	0	0	0	0	0	0	0	0	0	0	0	0	0	0	0	0	0	0	0	0	0	0.944415731127883	0	0	0	0	0	0	0	0	0	0.596282472598365	0	0	0	0	0	0	0	0	0	0	0	0	0	0	0
0	0	0	0	0	0	0	0	0	0	0	0	0	0	0	0	0	0	0	0	0	0	0	0	0	0	0	0	0	0.722439744641831	0	0	0	0	0	0	0	0.874213180164463	0	0.789606741852694	0	0	0	0	0	0	0	0	0	0	0	0	0	0	0	0	0	0.665117178614162	0	0	0	0	0	0	0	0	0	0	0	0	0	0	0	0	0	0	0	0	0	0	0	0	0	0	0	0	0	0	0	0
0	0	0	0	0	0.862921498672488	0	0	0	0	0	0	0.947685796315516	0	0	0	0	0	0	0	0	0	0	0	0	0	0	0.908771866316298	0	0	0	0	0	0	0	0	0	0	0	0	0	0	0	0	0	0	0	0	0	0	0	0	0	0	0	0	0	0	0.731608555763178	0	0	0	0	0	0	0	0	0	0	0	0	0.828922191128853	0	0	0	0	0	0	0	0	0	0	0	0	0	0	0	0	0	0
0	0	0	0	0	0	0	0	0	0	0	0	0	0	0	0	0.959244195986556	0	0	0	0	0	0	0	0	0	0	0	0	0	0	0	0	0	0	0	0	0	0	0	0	0	0	0	0	0	0	0	0	0	0	0	0	0	0	0	0	0	0	0	0	0	0	0.966019458504828	0	0	0	0	0	0	0	0	0	0	0	0	0	0	0	0	0	0	0	0	0	0	0	0	0	0
0	0	0	0	0	0	0	0	0	0	0	0	0	0.866900158589012	0	0	0	0	0	0	0	0	0	0	0	0	0	0	0	0	0	0	0	0	0	0	0	0	0	0	0	0	0.936021239851856	0	0	0	0	0	0	0	0	0	0	0	0	0.680824424746513	0	0	0	0	0	0	0	0	0	0	0	0	0	0	0.904223212899642	0	0	0	0	0	0	0	0	0	0	0	0	0	0	0	0	0	0	0
0	0	0	0	0	0	0	0	0	0	0.986231482751641	0	0	0	0	0	0	0	0	0	0	0	0	0	0	0	0	0	0	0	0	0	0	0	0	0	0	0	0	0	0	0	0	0	0	0	0	0	0.557827152426813	0	0	0	0	0	0	0	0	0	0	0	0	0	0	0	0	0	0	0	0	0	0	0	0	0	0	0	0	0	0	0	0	0	0	0.916621483749373	0	0	0	0	0	0
0	0	0	0	0	0	0	0	0	0	0	0	0	0	0	0	0	0	0	0	0	0	0	0	0	0	0	0	0.593246887967229	0	0	0	0	0	0	0	0	0	0	0	0	0	0	0	0	0	0	0	0	0	0	0	0	0	0	0	0	0	0.599903173716149	0	0	0	0	0	0	0.839285548407142	0	0	0	0	0	0	0	0	0	0	0	0	0	0	0	0	0	0	0	0	0	0	0	0.688352140996498
0	0	0	0	0.82153940042869	0	0	0	0	0.848839625728378	0	0	0	0	0	0	0	0	0	0	0	0	0	0	0	0	0	0	0	0	0	0	0	0	0	0	0	0	0	0.754013665748491	0	0	0	0	0	0	0	0	0	0	0	0	0	0	0	0	0	0	0	0	0	0	0	0	0	0	0	0	0	0	0	0	0	0	0	0	0	0	0	0	0	0.608334321537036	0	0	0	0	0	0	0	0
0	0	0	0	0	0	0	0	0	0	0	0	0	0	0	0	0	0	0	0	0	0.908771866316298	0	0	0	0	0	0	0.917607723578868	0	0	0	0	0	0	0	0	0	0	0	0.987490562757603	0	0	0	0	0	0	0	0	0	0	0	0	0	0	0	0	0	0	0	0	0	0	0	0	0	0	0	0	0	0	0	0.975155423905478	0	0	0.554899433381807	0	0	0	0	0	0	0	0	0	0	0	0	0	0
0	0	0	0	0	0	0	0	0	0	0	0	0	0	0	0	0	0	0	0	0	0	0	0	0	0.593246887967229	0	0.917607723578868	0	0	0.988225412456697	0	0	0	0.858214536584568	0	0	0	0	0	0	0	0	0	0	0	0	0	0	0	0	0.968209141903424	0	0	0	0	0	0	0	0	0	0	0	0	0	0	0	0	0	0	0	0	0	0	0	0	0	0	0	0	0	0	0	0	0	0	0	0	0	0
0	0	0	0	0	0	0	0	0	0	0	0	0	0	0	0	0	0	0	0	0.722439744641831	0	0	0	0	0	0	0	0	0	0	0.918890700489502	0	0	0	0	0	0	0	0	0	0	0	0	0	0	0	0	0	0	0	0	0	0	0	0	0	0	0	0	0	0	0	0	0	0	0	0	0	0	0	0	0	0.694624604412397	0	0	0	0	0	0	0	0	0	0	0	0	0	0	0	0
0	0	0	0	0	0	0	0	0	0	0	0	0	0	0	0	0	0	0	0	0	0	0	0	0	0	0	0	0.988225412456697	0	0	0	0	0	0	0	0	0	0	0	0	0	0	0	0.849272792069615	0	0	0	0	0	0	0	0	0.907003725406014	0	0	0	0	0	0	0	0	0	0	0	0	0	0	0	0	0	0	0	0	0	0	0	0	0	0	0	0.916272581435867	0	0	0	0	0	0	0	0
0	0	0	0	0	0	0	0	0	0	0	0	0	0	0	0	0	0	0	0	0	0	0	0	0	0	0	0	0	0.918890700489502	0	0	0	0	0	0	0.961322353746607	0	0	0	0	0	0	0	0	0.78626887141864	0	0	0	0.751701547587857	0	0	0	0	0	0	0	0	0	0	0	0	0	0	0	0	0	0	0	0	0	0	0	0	0	0	0	0	0	0	0	0	0	0	0	0	0	0	0	0
0	0	0	0	0	0	0	0	0.787445160361106	0	0	0	0	0	0	0	0	0	0	0.718171716068609	0	0	0	0	0	0	0	0	0	0	0	0	0	0	0	0	0	0	0	0	0	0	0	0	0	0.79807248448692	0	0	0	0	0	0	0	0	0	0	0	0	0	0	0	0	0	0	0	0	0	0	0	0	0	0	0	0	0	0	0	0	0	0	0	0	0	0	0	0	0	0	0	0
0	0	0	0	0	0	0	0	0	0	0	0	0	0	0	0	0	0	0	0	0	0	0	0	0	0	0	0	0	0	0	0	0	0	0	0.906455887379488	0.929483646690125	0	0	0	0	0.905181677568135	0	0	0	0	0	0	0	0	0	0	0	0	0	0	0	0	0	0	0	0	0	0	0	0	0	0	0	0	0	0	0	0	0	0	0	0	0	0	0	0	0	0	0	0	0	0	0	0
0	0	0	0	0	0	0	0	0	0	0	0	0	0	0	0	0	0	0	0	0	0	0	0	0	0	0	0	0.858214536584568	0	0	0	0	0	0	0	0	0	0	0	0	0	0	0	0	0	0	0	0	0	0	0	0	0	0	0	0	0	0	0	0	0	0	0	0	0	0	0	0	0	0	0	0	0	0	0	0	0	0	0	0	0	0	0	0	0	0	0	0.949854396566504	0
0	0	0	0	0	0	0	0	0	0	0	0	0	0.565061049558123	0	0	0	0	0	0	0	0	0	0	0	0	0	0	0	0	0	0	0	0.906455887379488	0	0	0	0	0	0	0	0	0	0	0	0	0.886030980164505	0	0	0	0	0	0	0	0	0	0	0	0	0	0	0	0	0	0	0	0	0	0	0	0.916984347423296	0	0	0	0	0	0	0	0	0	0	0	0	0	0	0	0	0	0	0
0	0	0	0	0	0	0	0	0	0	0	0	0.920955628684268	0	0	0	0	0	0	0	0	0	0	0	0	0	0	0	0	0	0	0.961322353746607	0	0.929483646690125	0	0	0	0	0	0	0	0	0	0	0	0	0	0	0	0	0	0	0	0	0	0	0	0	0	0	0	0	0	0	0	0	0	0	0	0	0	0	0	0	0	0	0	0	0	0	0	0	0	0	0	0	0	0	0	0
0	0	0	0	0	0	0	0	0	0.697504259575024	0	0	0	0	0	0	0	0	0	0	0.874213180164463	0	0	0	0	0	0	0	0	0	0	0	0	0	0	0	0	0	0	0	0	0	0.869001885587062	0	0	0	0	0	0	0	0	0	0	0	0	0	0	0	0	0	0	0	0	0	0	0	0.73409899756701	0	0	0	0	0	0	0	0	0	0	0	0	0	0	0	0	0	0	0	0	0	0	0
0	0	0	0	0	0	0	0	0	0	0	0.775118751015344	0	0	0	0	0	0	0	0	0	0	0	0	0	0	0	0	0	0	0	0	0	0	0	0	0	0	0	0	0	0	0	0	0	0	0	0	0	0	0	0	0	0	0	0.921556256238238	0	0	0	0.793872278757789	0	0	0	0	0	0	0	0	0	0	0	0	0	0	0	0	0	0	0	0	0	0	0	0.664576719277002	0	0	0	0	0	0
0	0	0	0	0	0	0	0	0	0	0	0	0	0	0	0	0	0	0	0	0.789606741852694	0	0	0	0	0	0.754013665748491	0	0	0	0	0	0	0	0	0	0	0	0	0	0	0	0	0	0	0	0	0	0	0	0	0	0	0.605125042866056	0	0	0	0	0	0	0	0	0	0	0	0	0	0	0	0	0	0	0	0	0	0	0	0	0	0	0	0	0	0	0	0	0	0	0	0
0	0	0	0	0	0	0	0	0	0	0	0	0	0	0	0	0.518903828477746	0	0	0	0	0	0	0	0	0	0	0.987490562757603	0	0	0	0	0	0	0	0	0	0	0	0	0	0	0	0	0	0.655080675324284	0	0	0	0	0	0	0	0	0	0	0	0	0	0	0	0	0.952912749438048	0	0.765195419111726	0	0	0	0	0	0	0	0	0	0	0	0	0	0	0	0	0	0	0	0	0	0	0	0	0
0	0	0.701896406331823	0	0	0	0	0	0	0	0	0	0	0	0	0	0	0	0	0	0	0	0	0	0	0	0	0	0	0	0	0	0	0.905181677568135	0	0	0	0	0	0	0	0	0	0.886329400682197	0	0	0	0	0	0	0	0	0	0	0	0	0	0	0	0	0	0	0	0	0	0	0	0	0	0	0	0	0	0	0	0	0	0	0	0	0	0	0	0	0	0	0	0	0.934720552361328	0
0	0	0	0	0	0	0	0	0	0	0.872939043313047	0	0	0	0	0	0	0	0	0	0	0	0	0.936021239851856	0	0	0	0	0	0	0	0	0	0	0	0	0	0.869001885587062	0	0	0	0	0	0	0	0	0	0	0	0	0	0	0	0	0	0	0	0	0	0	0	0	0	0	0	0	0	0	0	0	0	0	0	0	0	0	0	0	0	0	0	0	0	0	0	0	0	0	0	0
0	0	0	0.570119819539819	0	0	0	0	0	0	0	0	0	0	0	0	0	0.661862580968735	0	0	0	0	0	0	0	0	0	0	0	0	0	0	0	0	0	0	0	0	0	0	0	0.886329400682197	0	0	0	0	0	0	0	0	0	0	0	0	0	0	0	0	0	0	0	0	0.869648175739467	0	0	0	0	0	0	0	0	0	0	0	0	0	0.811146259334767	0	0	0	0	0	0	0	0	0	0	0	0	0
0	0	0	0	0	0	0	0	0	0	0	0	0.735668215931363	0	0	0	0	0	0	0	0	0	0	0	0	0	0	0	0	0	0.849272792069615	0	0	0	0	0	0	0	0	0	0	0	0	0	0	0	0	0	0	0	0	0	0	0	0	0	0	0	0	0	0	0	0	0	0	0	0	0	0	0	0	0	0	0.657787514817277	0	0	0	0	0	0	0	0	0	0	0	0	0	0	0	0
0	0	0	0	0	0	0	0	0	0	0	0.958344757710348	0	0	0	0	0	0	0	0	0	0	0	0	0	0	0	0	0	0	0	0.78626887141864	0.79807248448692	0	0	0	0	0	0	0	0.655080675324284	0	0	0	0	0	0	0	0	0	0	0	0	0	0	0	0	0	0	0	0	0	0	0	0	0	0	0	0	0	0	0	0	0	0	0	0	0	0	0	0	0	0	0	0	0	0	0	0	0
0	0	0	0.648533558741997	0	0	0	0	0	0	0	0	0	0	0	0	0	0	0	0	0	0	0	0	0	0	0	0	0	0	0	0	0	0	0	0.886030980164505	0	0	0	0	0	0	0	0	0	0	0	0	0.718973288537237	0	0	0	0	0	0	0	0	0	0	0	0	0	0	0	0	0	0	0	0	0	0	0	0	0	0	0	0	0	0	0	0	0	0	0	0	0	0	0	0	0
0	0	0	0	0	0	0	0	0	0	0	0	0	0	0	0	0	0	0	0	0	0	0	0	0	0	0	0	0	0	0	0	0	0	0	0	0	0	0	0	0	0	0	0	0	0	0	0	0	0.640433554539459	0	0	0	0	0	0	0	0	0	0	0	0	0	0	0	0	0	0	0	0	0	0	0	0	0	0	0	0	0	0	0	0	0	0	0	0	0	0	0.908703463736278	0
0	0	0	0	0	0	0	0	0	0	0	0	0	0	0	0	0	0	0	0	0	0	0	0	0.557827152426813	0	0	0	0	0	0	0	0	0	0	0	0	0	0	0	0	0	0	0	0	0	0.718973288537237	0	0	0.966946517263988	0	0	0	0	0	0	0	0	0	0	0.817969740267893	0	0	0	0	0	0	0	0	0	0	0	0	0	0	0	0	0	0	0	0	0	0	0	0	0	0	0	0	0
0	0	0	0	0	0	0	0	0	0	0	0	0	0	0	0	0	0	0	0	0	0	0	0	0	0	0	0	0	0	0	0.751701547587857	0	0	0	0	0	0	0	0	0	0	0	0	0	0	0	0.640433554539459	0.966946517263988	0	0	0.932966586830457	0	0	0	0	0	0	0	0	0	0.974637043378741	0	0	0	0	0	0	0	0	0.823558374066884	0	0	0	0	0	0	0	0	0	0	0	0	0	0	0	0	0	0	0
0	0	0	0	0	0	0	0	0	0	0	0	0	0	0	0	0	0	0.763662562203632	0	0	0	0	0	0	0	0	0	0	0	0	0	0	0	0	0	0	0	0	0	0	0	0	0	0	0	0	0	0	0	0	0	0	0	0	0	0	0	0	0	0	0	0	0	0	0	0	0	0	0	0	0	0	0	0	0	0	0	0	0.844618466670306	0	0	0	0	0	0	0	0	0	0
0.711528750323206	0	0	0	0	0	0	0	0	0	0	0	0	0	0	0	0	0	0	0	0	0	0	0	0	0	0	0	0.968209141903424	0	0	0	0	0	0	0	0	0	0	0	0	0	0	0	0	0	0	0	0	0.932966586830457	0	0	0	0	0	0	0	0	0	0	0	0	0	0	0	0	0.801251258195611	0	0	0	0	0	0	0	0	0	0	0	0	0	0	0	0	0	0	0	0	0.604781710395039	0	0
0	0	0	0	0	0	0	0	0	0	0	0	0	0	0	0	0	0	0.865095043515966	0	0	0	0	0	0	0	0	0	0	0	0	0	0	0	0	0	0	0	0	0	0	0	0	0	0	0	0	0	0	0	0	0	0	0.820073282989512	0	0	0	0	0	0	0	0	0	0	0	0	0	0	0	0	0	0	0	0	0	0	0	0	0	0	0	0.80169390134885	0	0	0	0	0	0	0	0
0	0	0	0	0	0	0.655215182660123	0	0	0.952117793356223	0	0	0	0	0	0	0	0	0	0	0	0	0	0	0	0	0	0	0	0	0.907003725406014	0	0	0	0	0	0	0	0	0.605125042866056	0	0	0	0	0	0	0	0	0	0	0	0	0.820073282989512	0	0	0	0	0	0	0	0	0	0	0	0	0	0	0	0	0	0	0	0	0	0	0	0	0	0	0.69944299247938	0	0	0	0	0	0	0	0	0	0
0	0.848254521401999	0	0	0	0	0	0	0	0	0	0	0	0	0	0	0	0	0	0	0	0	0	0	0	0	0	0	0	0	0	0	0	0	0	0	0	0	0	0	0	0	0	0	0	0	0	0	0	0	0	0	0	0	0	0	0	0	0	0	0.733436120608517	0	0	0	0	0	0	0	0	0	0	0	0	0.568287723676105	0	0	0	0	0	0	0	0	0	0	0	0	0	0	0	0
0	0	0	0	0	0	0	0	0	0	0	0	0	0	0	0	0	0	0	0	0	0	0	0.680824424746513	0	0	0	0	0	0	0	0	0	0	0	0	0	0	0.921556256238238	0	0	0	0	0	0	0	0	0	0	0	0	0	0	0	0	0	0.709426087915991	0	0	0	0	0	0	0	0.878224951566462	0	0	0.890958021278746	0	0	0	0	0	0	0	0	0	0	0	0	0	0	0	0	0	0	0	0	0	0
0	0	0	0	0	0	0	0	0	0	0	0.878680430910056	0	0	0	0	0	0	0	0	0	0	0	0	0	0	0	0	0	0	0	0	0	0	0	0	0	0	0	0	0	0	0	0	0	0	0	0	0	0	0	0	0	0	0	0.709426087915991	0	0	0.957226005531142	0	0	0	0	0	0	0	0	0	0	0	0	0	0	0	0	0	0	0	0	0	0	0	0	0	0	0	0	0	0	0
0	0	0	0	0	0	0	0	0	0	0	0	0	0	0	0.692503761011533	0	0	0	0	0.665117178614162	0	0	0	0	0	0	0	0	0	0	0	0	0	0	0	0	0	0	0	0	0	0	0	0	0	0	0	0	0	0	0	0	0	0	0	0	0	0	0	0	0	0	0	0	0	0.804735315934244	0	0	0	0	0	0	0	0	0	0	0	0	0	0	0	0	0	0	0	0	0	0	0
0	0	0	0	0	0	0	0	0	0	0	0	0	0	0	0	0	0	0	0	0	0.731608555763178	0	0	0	0.599903173716149	0	0	0	0	0	0	0	0	0	0	0	0	0	0	0	0	0	0	0	0	0	0	0	0	0	0	0	0	0	0	0.957226005531142	0	0	0	0	0	0	0	0	0.520832056985801	0	0	0	0	0	0	0	0.91188832146542	0	0	0	0	0	0	0	0	0	0	0	0	0	0.694358202768381	0	0
0	0	0	0	0.950238063334094	0	0	0	0	0	0	0	0	0	0	0	0	0	0	0	0	0	0	0	0	0	0	0	0	0	0	0	0	0	0	0	0	0	0.793872278757789	0	0	0	0	0	0	0	0	0	0	0	0	0	0	0	0	0	0	0	0	0	0	0	0	0	0	0	0	0	0	0	0	0	0	0	0	0	0	0	0	0	0	0	0	0	0	0	0	0	0	0
0	0	0	0	0	0	0	0	0	0	0	0	0	0	0	0	0	0	0	0	0	0	0	0	0	0	0	0	0	0	0	0	0	0	0	0	0	0	0	0	0	0	0	0	0	0	0	0	0.817969740267893	0	0	0	0	0	0.733436120608517	0	0	0	0	0	0	0	0	0	0	0.755797014191632	0	0	0	0	0	0	0	0	0	0	0	0	0	0	0	0	0	0	0	0	0.651703699999622	0	0	0
0	0	0	0	0	0	0	0	0	0	0	0	0	0	0	0	0	0	0	0	0	0	0	0	0	0	0	0	0	0	0	0	0	0	0	0	0	0	0	0	0	0	0	0	0	0	0	0	0	0.974637043378741	0	0	0	0	0	0	0	0	0	0	0	0	0	0	0	0.937161883152894	0	0	0	0	0	0	0	0	0	0	0	0	0	0	0	0	0	0	0	0	0	0	0	0
0	0	0	0	0.868689416034577	0	0	0	0	0	0	0	0	0	0	0	0	0	0	0	0	0	0	0	0	0	0	0	0	0	0	0	0	0	0	0	0	0	0	0	0.952912749438048	0	0	0.869648175739467	0	0	0	0	0	0	0	0	0	0	0	0	0	0	0	0	0	0	0	0	0	0	0	0	0	0	0	0.749303289787723	0	0	0	0	0	0	0	0	0	0	0	0	0	0	0	0	0	0
0	0	0	0	0	0	0	0	0	0	0	0	0	0	0	0	0	0	0	0	0	0	0.966019458504828	0	0	0	0	0	0	0	0	0	0	0	0	0	0	0	0	0	0	0	0	0	0	0	0	0	0	0	0	0	0	0	0	0	0	0	0	0	0	0	0	0	0	0	0	0	0	0	0	0	0	0	0	0	0	0	0	0	0.99850464249962	0	0	0	0	0.882849059244035	0	0	0	0
0	0	0.741906011595081	0	0	0	0	0	0	0	0	0	0	0	0	0	0	0	0	0.944415731127883	0	0	0	0	0	0	0	0	0	0	0	0	0	0	0	0	0	0	0	0	0.765195419111726	0	0	0	0	0	0	0	0	0	0	0	0	0	0	0.878224951566462	0	0	0	0	0	0	0	0	0	0	0	0	0	0	0	0	0	0	0	0	0	0	0.944050062574837	0	0	0	0	0	0	0	0	0	0	0
0	0	0	0	0	0.60055453750564	0	0	0	0	0	0	0	0	0	0	0	0	0	0	0	0	0	0	0	0.839285548407142	0	0	0	0	0	0	0	0	0	0	0	0	0	0	0	0	0	0	0	0	0	0	0	0	0	0	0	0	0	0	0	0	0.520832056985801	0	0.755797014191632	0.937161883152894	0	0	0	0	0	0	0	0	0	0	0	0	0	0	0	0	0	0	0	0	0.709919358501794	0	0	0	0	0	0	0
0	0	0	0	0.871553067016424	0	0	0	0	0	0.967105496527734	0	0	0	0	0	0	0	0	0	0	0	0	0	0	0	0	0	0	0	0	0	0	0	0	0	0	0.73409899756701	0	0	0	0	0	0	0	0	0	0	0	0	0	0.801251258195611	0	0	0	0	0	0.804735315934244	0	0	0	0	0	0	0	0	0	0	0	0	0	0	0	0	0	0	0	0	0.98904427078194	0	0	0	0	0	0.728676983004519	0	0	0	0	0
0	0	0	0	0	0	0	0.785737716510489	0	0	0	0.980940173911957	0	0	0	0	0	0	0	0	0	0	0	0	0	0	0	0	0	0	0	0	0	0	0	0	0	0	0	0	0	0	0	0	0	0	0	0	0	0	0	0	0	0	0	0.890958021278746	0	0	0	0	0	0	0	0	0	0	0	0	0	0	0	0	0	0	0	0.719714391053706	0	0	0	0	0	0	0	0	0	0	0	0	0	0
0.957850992458517	0	0	0	0	0	0	0	0	0	0	0	0	0	0	0	0	0	0	0	0	0	0	0	0	0	0	0	0	0	0	0	0	0	0	0	0	0	0	0	0	0	0	0	0	0	0	0	0	0	0	0	0	0	0	0	0	0	0	0	0	0	0	0	0	0	0	0	0	0.809901204533321	0	0	0	0	0	0	0	0	0	0	0	0	0	0	0	0	0	0	0	0
0	0	0	0	0	0	0	0	0	0	0	0	0	0	0	0	0	0	0	0	0	0	0	0	0	0	0	0	0	0	0	0	0	0	0	0	0	0	0	0	0	0	0	0	0	0	0	0	0	0	0	0	0	0	0	0	0	0	0	0	0	0	0	0	0	0	0	0	0.809901204533321	0	0.93274683178826	0.876790336391892	0	0	0	0	0	0	0	0	0	0	0	0	0.650354287730236	0	0	0	0	0
0	0	0	0	0	0	0	0	0	0	0	0	0	0	0	0	0	0	0	0	0	0	0	0.904223212899642	0	0	0	0	0	0	0	0	0	0	0	0.916984347423296	0	0	0	0	0	0	0	0	0	0	0	0	0	0.823558374066884	0	0	0	0	0	0	0	0	0	0	0	0	0	0	0	0	0	0	0	0.93274683178826	0	0	0	0	0	0	0	0	0	0	0	0	0	0	0	0	0	0	0	0
0	0	0	0	0	0	0	0	0	0	0	0.704534433470946	0	0	0	0	0	0	0	0	0	0.828922191128853	0	0	0	0	0	0	0	0	0	0	0	0	0	0	0	0	0	0	0	0	0	0	0	0	0	0	0	0	0	0	0	0	0	0	0	0	0	0	0	0	0.749303289787723	0	0	0	0	0	0	0.876790336391892	0	0	0	0	0	0	0	0	0	0	0	0	0	0	0	0	0	0	0	0
0	0	0	0	0.651745636032795	0	0	0	0	0	0	0	0	0	0	0	0	0	0	0	0	0	0	0	0	0	0	0.975155423905478	0	0	0	0	0	0	0	0	0	0	0	0	0	0	0	0	0	0	0	0	0	0	0	0	0	0	0	0	0	0	0	0	0	0	0	0	0	0	0	0	0	0	0	0	0	0	0	0	0	0	0	0	0	0	0	0	0	0	0.939092283333103	0	0	0
0	0	0	0	0	0	0	0	0	0	0	0	0	0	0	0	0	0	0	0	0	0	0	0	0	0	0	0	0	0.694624604412397	0	0	0	0	0	0	0	0	0	0	0	0	0	0	0.657787514817277	0	0	0	0	0	0	0	0	0	0.568287723676105	0	0	0	0.91188832146542	0	0	0	0	0	0	0	0	0	0	0	0	0	0	0	0.941649006032678	0	0	0	0	0	0	0	0	0	0	0	0	0	0	0
0	0	0	0	0	0	0	0	0	0	0	0	0	0	0	0	0	0	0	0.596282472598365	0	0	0	0	0	0	0	0	0	0	0	0	0	0	0	0	0	0	0	0	0	0	0	0	0	0	0	0	0	0	0	0	0	0	0	0	0	0	0	0	0	0	0	0	0	0	0	0	0	0	0	0	0	0.941649006032678	0	0	0	0	0	0	0	0	0	0	0	0	0.85826970915887	0	0	0
0	0	0	0	0	0	0	0	0	0	0	0	0	0	0	0	0	0	0	0	0	0	0	0	0	0	0	0.554899433381807	0	0	0	0	0	0	0	0	0	0	0	0	0	0	0	0	0	0	0	0	0	0	0	0	0	0	0	0	0	0	0	0	0	0	0	0	0	0	0	0.719714391053706	0	0	0	0	0	0	0	0	0.922302537388464	0	0	0	0	0	0	0	0	0	0	0	0	0
0.760320266648808	0	0	0	0	0	0	0	0	0	0	0	0	0	0	0	0	0	0	0	0	0	0	0	0	0	0	0	0	0	0	0	0	0	0	0	0	0	0	0	0	0	0	0.811146259334767	0	0	0	0	0	0	0	0	0	0	0	0	0	0	0	0	0	0	0	0	0	0	0	0	0	0	0	0	0	0	0	0.922302537388464	0	0.833593138483272	0	0	0	0	0	0	0	0	0	0	0	0
0	0	0	0	0	0	0	0	0	0	0	0	0	0	0	0	0.790744501737003	0	0.926729744578599	0	0	0	0	0	0	0	0	0	0	0	0	0	0	0	0	0	0	0	0	0	0	0	0	0	0	0	0	0	0	0	0	0	0	0	0	0	0	0	0	0	0	0	0	0	0	0	0	0	0	0	0	0	0	0	0	0	0.833593138483272	0	0	0	0	0	0	0	0	0	0	0.892459613480382	0	0
0	0.971664038474884	0	0	0	0	0	0	0	0	0	0.926829255067105	0	0	0	0	0	0.699338136000846	0	0	0	0	0	0	0	0	0	0	0	0	0	0	0	0	0	0	0	0	0	0	0	0	0	0	0	0	0	0	0	0	0	0	0	0	0	0	0	0	0	0	0	0	0	0	0.944050062574837	0	0.98904427078194	0	0	0	0	0	0	0	0	0	0	0	0	0	0	0	0	0	0	0	0	0	0	0
0	0	0	0	0	0	0	0	0	0	0	0	0	0	0	0	0	0	0	0	0	0	0	0	0	0	0	0	0	0	0	0	0	0	0	0	0	0	0	0	0	0	0	0	0	0	0	0	0	0	0.844618466670306	0	0	0.69944299247938	0	0	0	0	0	0	0	0	0	0	0	0	0	0	0	0	0	0	0	0	0	0	0	0	0	0	0.984791712144961	0	0	0	0.929586787659748	0	0	0	0	0
0	0	0	0	0	0	0	0	0	0	0	0	0.659779397093028	0	0	0	0	0	0	0	0	0	0	0	0	0	0	0	0	0	0	0	0	0	0	0	0	0	0	0	0	0	0	0	0	0	0	0	0	0	0	0	0	0	0	0	0	0	0	0	0	0	0	0.99850464249962	0	0	0	0	0	0	0	0	0	0	0	0	0	0	0	0.984791712144961	0	0	0.671595488412991	0	0	0	0	0.895816600781118	0	0
0.765645102469385	0	0	0	0	0	0.605362680375502	0	0	0	0	0	0	0	0	0	0	0	0	0	0	0	0	0	0	0	0.608334321537036	0	0	0	0.916272581435867	0	0	0	0	0	0	0	0	0	0	0	0	0	0	0	0	0	0	0	0	0	0.80169390134885	0	0	0	0	0	0	0	0	0	0	0	0	0	0	0	0	0	0	0	0	0	0	0	0	0	0	0	0	0	0	0	0	0.776277211246481	0	0	0.556197800277628	0.890657940982874
0	0	0	0	0	0	0	0	0	0	0	0	0	0	0	0	0	0	0	0	0	0	0	0	0	0	0	0	0	0	0	0	0	0	0	0	0	0	0	0	0	0	0	0	0	0	0	0	0	0	0	0	0	0	0	0	0	0	0	0	0	0	0	0	0	0.709919358501794	0	0	0	0	0	0	0	0	0	0	0	0	0	0	0.671595488412991	0	0	0.944781996945044	0	0	0	0	0	0
0	0	0	0	0	0	0	0	0	0	0	0	0	0	0	0	0	0	0	0	0	0	0	0	0.916621483749373	0	0	0	0	0	0	0	0	0	0	0	0	0	0.664576719277002	0	0	0	0	0	0	0	0	0	0	0	0	0	0	0	0	0	0	0	0	0	0	0	0	0	0	0	0	0	0	0	0	0	0	0	0	0	0	0	0	0	0	0	0.944781996945044	0	0	0	0.679746547004102	0	0	0
0	0	0	0	0	0	0	0	0	0	0	0	0	0	0	0	0	0	0	0	0	0	0	0	0	0	0	0	0	0	0	0	0	0	0	0	0	0	0	0	0	0	0	0	0	0	0	0	0	0	0	0	0	0	0	0	0	0	0	0	0	0	0	0	0	0	0.728676983004519	0	0	0.650354287730236	0	0	0	0	0	0	0	0	0	0.929586787659748	0	0	0	0	0	0	0	0	0	0
0	0	0	0	0	0	0	0	0	0	0	0	0	0.794078917723039	0	0	0	0	0	0	0	0	0	0	0	0	0	0	0	0	0	0	0	0	0	0	0	0	0	0	0	0	0	0	0	0	0	0	0	0	0	0	0	0	0	0	0	0	0	0	0	0	0	0.882849059244035	0	0	0	0	0	0	0	0	0	0	0	0	0	0	0	0	0	0.776277211246481	0	0	0	0	0.604797196989619	0	0	0
0	0.835586608790969	0	0	0	0	0	0	0	0	0	0	0	0	0	0	0	0	0	0	0	0	0	0	0	0	0	0	0	0	0	0	0	0	0	0	0	0	0	0	0	0	0	0	0	0	0	0	0	0	0	0	0	0	0	0	0	0	0	0	0.651703699999622	0	0	0	0	0	0	0	0	0	0	0	0.939092283333103	0	0.85826970915887	0	0	0	0	0	0	0	0	0.679746547004102	0	0.604797196989619	0	0	0.980940093241041	0
0	0	0	0	0	0	0	0	0	0	0	0	0	0	0	0	0	0	0	0	0	0	0	0	0	0	0	0	0	0	0	0	0	0	0	0	0	0	0	0	0	0	0	0	0	0	0	0	0	0	0	0.604781710395039	0	0	0	0	0	0	0.694358202768381	0	0	0	0	0	0	0	0	0	0	0	0	0	0	0	0	0	0	0.892459613480382	0	0	0.895816600781118	0	0	0	0	0	0	0	0	0
0	0	0	0	0	0	0	0	0	0	0	0	0	0	0	0	0	0	0	0	0	0	0	0	0	0	0	0	0	0	0	0	0	0	0.949854396566504	0	0	0	0	0	0	0.934720552361328	0	0	0	0	0	0.908703463736278	0	0	0	0	0	0	0	0	0	0	0	0	0	0	0	0	0	0	0	0	0	0	0	0	0	0	0	0	0	0	0	0	0	0.556197800277628	0	0	0	0	0.980940093241041	0	0	0
0	0	0	0	0	0	0	0	0	0	0	0	0	0	0	0	0	0	0	0	0	0	0	0	0	0.688352140996498	0	0	0	0	0	0	0	0	0	0	0	0	0	0	0	0	0	0	0	0	0	0	0	0	0	0	0	0	0	0	0	0	0	0	0	0	0	0	0	0	0	0	0	0	0	0	0	0	0	0	0	0	0	0	0	0.890657940982874	0	0	0	0	0	0	0	0
