0	0	0	0	0.691637120207429	0	0	0	0	0.856637111914818	0	0.881624310150434	0	0	0	0	0	0	0	0	0	0	0	0	0	0	0	0	0	0	0	0	0	0	0	0	0	0	0	0	0	0	0	0	0	0	0	0	0	0	0	0	0	0	0	0	0	0	0	0	0	0	0	0	0	0	0	0	0	0	0	0	0	0	0	0	0	0	0	0	0	0	0	0	0	0	0	0	0	0.608063567225387
0	0	0	0	0	0	0	0	0	0	0	0	0	0	0	0	0.64436033109356	0	0	0	0	0	0	0	0	0	0	0	0	0	0	0	0	0	0	0	0	0	0	0	0	0	0	0	0	0	0	0	0	0	0	0	0	0	0	0	0	0	0	0	0	0	0	0	0	0	0	0	0	0	0	0	0	0	0	0	0.794678959373605	0	0	0	0	0	0	0	0	0	0	0	0	0
0	0	0	0	0	0	0	0	0	0	0	0	0	0	0	0	0	0	0	0	0	0	0	0	0	0	0	0	0	0	0	0	0	0	0	0	0	0	0.854621185459133	0	0	0	0	0	0	0	0	0	0.810711483475051	0	0	0	0	0	0	0	0	0	0	0	0	0	0	0	0	0	0	0	0	0	0	0	0	0	0	0	0	0	0	0	0	0	0.838647449641618	0	0	0	0	0	0	0
0	0	0	0	0.772060618766682	0	0	0	0	0	0	0	0	0	0	0	0	0	0	0	0	0	0	0	0	0	0	0	0	0	0	0	0	0	0	0	0	0	0	0	0	0	0	0	0	0	0	0	0	0	0	0	0	0	0	0	0	0	0.919876414008722	0	0	0	0	0	0	0	0	0	0	0	0	0	0	0.711015729638287	0	0	0	0	0	0	0	0	0	0	0	0	0	0	0	0
0.691637120207429	0	0	0.772060618766682	0	0	0	0	0	0	0	0	0	0	0	0	0	0	0	0	0	0	0	0	0	0	0	0	0	0	0	0	0	0	0	0	0	0	0	0	0.777207236530254	0	0	0	0	0	0	0	0	0	0	0.909089250459049	0	0	0.952160878561097	0	0	0	0	0	0	0	0	0	0	0	0	0	0	0	0	0	0	0	0	0	0	0	0	0	0	0	0	0	0	0	0	0	0	0
0	0	0	0	0	0	0	0	0	0	0	0	0	0	0	0	0	0	0	0	0	0	0	0	0	0	0.77945794835289	0	0	0	0	0	0	0	0	0	0	0	0	0	0	0	0	0	0	0.977344602370226	0	0	0	0	0	0	0	0	0	0	0	0	0	0	0	0	0	0	0	0	0	0	0	0	0	0	0	0	0	0	0	0	0	0	0	0	0	0	0	0	0	0	0	0
0	0	0	0	0	0	0	0	0	0	0	0	0	0	0	0	0	0	0	0	0	0	0	0	0	0	0	0	0	0	0.956129041845894	0	0	0	0	0	0	0	0	0	0	0	0	0	0	0	0	0	0	0	0	0	0	0	0	0	0	0	0	0	0	0	0	0	0	0	0	0	0	0	0	0	0	0	0	0	0	0	0.948205329400846	0	0	0	0	0	0	0	0	0	0	0
0	0	0	0	0	0	0	0	0	0	0	0	0	0	0	0	0	0	0	0	0	0	0	0	0	0	0	0	0	0	0	0	0	0.9399215361698	0	0	0	0	0	0	0	0	0	0	0	0	0	0	0	0	0	0	0	0	0	0	0	0	0	0	0	0	0	0	0	0	0	0	0	0	0	0	0	0.950012389832327	0	0	0	0	0	0	0	0	0	0	0	0	0	0	0	0
0	0	0	0	0	0	0	0	0	0	0	0	0	0	0	0	0	0	0	0	0	0	0	0	0	0	0	0	0	0	0	0	0	0	0	0	0	0	0	0	0	0.999611292366917	0	0	0	0	0	0	0	0	0	0	0.768605417178313	0	0	0	0	0	0	0	0	0	0	0	0	0	0	0	0	0	0	0	0	0	0	0	0	0	0	0.911571091012297	0	0	0	0	0	0	0	0	0	0
0.856637111914818	0	0	0	0	0	0	0	0	0	0	0	0	0	0.733038770248955	0	0	0	0	0	0	0	0	0	0	0	0	0	0	0	0	0.906812352815752	0	0	0	0	0	0	0	0	0	0	0	0	0	0	0	0	0	0	0	0	0.981198121396218	0	0	0	0	0	0	0	0	0	0	0	0	0	0	0	0	0	0	0	0	0	0	0	0	0.952083468733471	0	0	0	0	0	0	0	0	0	0	0	0
0	0	0	0	0	0	0	0	0	0	0	0	0	0	0.907814764676618	0	0	0	0	0	0	0	0	0	0	0	0	0	0	0	0	0	0	0	0	0	0	0	0	0	0	0	0	0	0	0	0	0	0	0	0	0	0	0	0.693997431607567	0	0	0	0	0	0	0	0	0	0	0	0.970435696014227	0	0	0	0	0	0	0	0	0	0	0	0	0	0	0	0	0	0	0	0	0	0	0
0.881624310150434	0	0	0	0	0	0	0	0	0	0	0	0	0	0	0	0	0	0	0	0	0	0.665698712684015	0.989657342125612	0	0	0	0	0	0	0	0	0	0	0	0	0	0	0	0	0	0	0	0	0	0	0	0	0	0	0	0	0	0	0	0	0	0.678667356753695	0	0	0	0	0	0	0	0	0	0	0	0	0	0	0	0	0	0	0	0	0	0	0	0	0	0	0	0	0	0	0	0
0	0	0	0	0	0	0	0	0	0	0	0	0	0	0	0	0	0	0	0	0	0	0	0	0	0	0	0	0	0.846836970515532	0	0	0	0	0	0	0	0	0	0	0	0	0	0	0	0	0	0	0	0	0	0	0.866900783507052	0	0	0.687020574643992	0	0	0	0	0	0	0	0	0	0	0	0	0	0	0	0	0	0	0	0	0	0	0	0	0	0	0	0	0	0	0	0	0	0.897921042820939
0	0	0	0	0	0	0	0	0	0	0	0	0	0	0	0	0	0	0	0	0	0	0.938445070363226	0	0	0	0.933884585262154	0	0	0	0.980623536673678	0	0	0	0	0	0	0	0	0	0	0	0	0	0	0	0	0	0	0	0	0	0.775749236168202	0	0	0	0	0	0	0	0	0	0	0	0	0	0	0	0	0.661002089313351	0	0	0	0	0	0	0	0	0	0	0	0	0	0	0	0	0	0	0	0
0	0	0	0	0	0	0	0	0	0.733038770248955	0.907814764676618	0	0	0	0	0	0	0	0	0	0	0	0	0	0	0	0	0	0	0	0	0	0.912742424882333	0	0	0	0	0	0	0	0	0	0	0	0	0	0	0	0	0	0	0	0	0	0	0	0	0	0	0	0	0	0	0	0	0.789319931884049	0	0	0	0	0	0	0	0	0	0	0	0	0	0	0	0	0	0	0	0	0	0	0	0
0	0	0	0	0	0	0	0	0	0	0	0	0	0	0	0	0	0	0	0	0	0	0.835955829804048	0	0	0	0	0	0	0	0	0	0	0	0	0	0	0	0	0	0	0	0	0	0	0	0	0	0	0	0	0	0	0	0.855787471762624	0	0	0	0	0	0	0	0	0	0	0	0	0.820869981816967	0	0	0	0	0	0	0	0	0	0	0	0	0	0	0	0	0	0	0	0	0	0
0	0.64436033109356	0	0	0	0	0	0	0	0	0	0	0	0	0	0	0	0	0	0	0	0	0	0	0	0	0	0	0.587845194846126	0	0	0	0.650671426038138	0	0	0	0	0	0	0	0	0	0	0	0	0.607131036142723	0	0	0	0	0	0	0	0	0	0	0	0	0	0	0	0	0	0	0	0	0.830917927298453	0	0	0	0	0	0	0	0	0	0	0	0	0	0	0	0	0	0	0	0	0	0	0
0	0	0	0	0	0	0	0	0	0	0	0	0	0	0	0	0	0	0.70562674573996	0	0	0	0.769977523634582	0	0	0	0	0	0	0	0	0	0	0	0	0	0	0	0	0	0	0	0	0	0	0	0	0	0	0	0	0	0	0	0	0	0	0	0	0	0	0	0	0	0	0	0	0	0	0	0	0	0	0	0	0	0	0	0	0	0	0	0	0	0	0	0	0	0	0
0	0	0	0	0	0	0	0	0	0	0	0	0	0	0	0	0	0.70562674573996	0	0	0	0	0	0	0	0	0	0	0	0	0	0	0	0	0	0	0	0	0.945561555363206	0	0	0	0	0	0	0	0	0	0	0.916271133744479	0	0	0	0	0	0	0	0	0	0	0	0	0.746427706743302	0	0	0	0	0	0	0	0	0	0	0	0	0	0	0	0	0	0	0	0	0.949629127272029	0	0.901838796430096	0.765134851998582	0	0	0
0	0	0	0	0	0	0	0	0	0	0	0	0	0	0	0	0	0	0	0	0	0	0	0	0	0	0	0	0	0	0	0	0	0.814263537152819	0	0	0	0	0	0	0	0	0	0	0	0	0	0	0	0	0.952012044247865	0	0	0	0	0	0	0	0	0.990941543551055	0	0	0	0	0	0	0	0	0	0	0	0	0	0	0	0	0	0	0	0	0	0	0	0	0	0	0	0	0	0
0	0	0	0	0	0	0	0	0	0	0	0	0	0	0	0	0	0	0	0	0	0	0	0	0	0	0	0	0	0	0	0	0	0	0	0	0	0	0	0	0	0	0.842338739565182	0	0	0	0	0	0	0	0	0	0	0	0	0	0	0	0	0.843577585004436	0.875757812621559	0	0	0	0	0	0	0	0	0	0	0	0.88089821466093	0	0	0	0	0	0	0	0	0	0	0	0	0	0	0	0	0
0	0	0	0	0	0	0	0	0	0	0	0	0	0	0	0	0	0	0	0	0	0	0	0	0	0	0	0	0	0	0	0	0	0	0	0	0.972277818553292	0	0	0	0	0	0	0	0	0.683953795232738	0	0	0	0	0	0	0	0	0	0	0	0	0	0.700733060066484	0	0	0	0	0	0	0	0	0	0	0.823064732886366	0	0	0	0	0	0	0	0	0	0	0.540051395490443	0	0	0	0	0.956099361367327	0	0	0
0	0	0	0	0	0	0	0	0	0	0	0.665698712684015	0	0.938445070363226	0	0.835955829804048	0	0.769977523634582	0	0	0	0	0	0.872369433219203	0	0	0	0	0	0	0	0	0	0	0	0.917267826562651	0	0	0	0	0	0	0	0	0	0	0	0	0	0	0	0	0	0	0	0	0	0	0	0	0	0	0	0	0	0	0	0	0	0	0	0	0	0	0	0	0	0	0	0	0	0	0	0	0.909302771456364	0	0	0	0	0
0	0	0	0	0	0	0	0	0	0	0	0.989657342125612	0	0	0	0	0	0	0	0	0	0	0.872369433219203	0	0	0.894873902087421	0	0	0	0	0	0	0	0	0	0	0	0	0.940040210263926	0	0	0	0	0	0	0	0	0	0	0	0.7048559593562	0	0	0	0	0	0	0	0	0	0	0	0	0	0	0	0	0	0	0	0	0	0	0	0	0	0	0	0	0	0	0	0	0	0	0	0	0	0	0
0	0	0	0	0	0	0	0	0	0	0	0	0	0	0	0	0	0	0	0	0	0	0	0	0	0	0	0	0	0	0	0	0	0	0	0	0	0	0	0	0	0	0	0	0	0	0	0	0	0	0	0	0	0	0	0	0.972619504263483	0	0	0	0	0	0	0	0	0.737041469025641	0	0	0	0	0	0	0	0	0	0	0	0	0	0	0	0	0	0	0	0	0	0	0	0
0	0	0	0	0	0	0	0	0	0	0	0	0	0	0	0	0	0	0	0	0	0	0	0.894873902087421	0	0	0.948856945122553	0	0	0	0	0	0	0	0	0	0	0	0	0	0	0	0	0	0	0	0	0	0	0	0	0	0	0	0	0	0	0	0	0	0	0	0	0	0	0	0	0	0	0	0	0	0	0	0	0	0	0	0	0	0	0	0	0	0	0	0	0	0	0
0	0	0	0	0	0.77945794835289	0	0	0	0	0	0	0	0.933884585262154	0	0	0	0	0	0	0	0	0	0	0	0.948856945122553	0	0	0.777297873615952	0	0	0	0	0	0	0	0	0	0	0	0	0	0	0	0	0	0	0	0	0	0	0	0	0	0	0	0	0.96829989144997	0	0	0	0	0	0	0	0	0	0	0	0	0	0	0	0	0	0	0	0	0	0	0	0	0	0	0	0	0	0.946514911892533	0	0
0	0	0	0	0	0	0	0	0	0	0	0	0	0	0	0	0	0	0	0	0	0	0	0	0	0	0	0	0	0	0	0	0	0	0	0	0	0	0	0	0	0	0	0	0	0	0	0	0	0	0	0	0	0	0	0	0	0	0	0	0	0	0	0	0	0	0	0	0.826503557673088	0	0	0	0	0	0	0	0	0	0.901680341365164	0	0	0	0	0	0	0	0	0	0	0
0	0	0	0	0	0	0	0	0	0	0	0	0	0	0	0	0.587845194846126	0	0	0	0	0	0	0	0	0	0.777297873615952	0	0	0.678613454419745	0.87867534896238	0	0	0	0	0	0	0	0	0	0	0	0	0	0	0	0	0	0	0	0	0	0	0	0	0	0	0	0	0	0	0	0	0	0	0	0	0	0	0	0	0	0	0	0	0	0.94434688068498	0	0	0	0	0	0	0	0	0	0	0	0	0
0	0	0	0	0	0	0	0	0	0	0	0	0.846836970515532	0	0	0	0	0	0	0	0	0	0	0	0	0	0	0	0.678613454419745	0	0	0	0	0	0	0	0	0	0	0	0	0	0	0	0	0	0	0	0	0	0.86204058684953	0	0	0	0	0.949590904241025	0	0	0	0	0	0	0	0	0	0	0	0	0	0	0	0	0	0	0	0	0	0	0	0	0	0	0	0	0	0	0	0	0	0
0	0	0	0	0	0	0.956129041845894	0	0	0	0	0	0	0.980623536673678	0	0	0	0	0	0	0	0	0	0	0	0	0	0	0.87867534896238	0	0	0	0.98788380734459	0	0	0	0	0	0	0	0	0	0	0	0	0	0	0	0	0	0	0	0	0	0	0	0.958861267913844	0	0	0	0	0	0	0	0	0	0	0	0	0	0	0	0	0	0	0	0	0	0	0	0	0	0	0	0	0	0	0	0	0
0	0	0	0	0	0	0	0	0	0.906812352815752	0	0	0	0	0	0	0	0	0	0	0	0	0	0	0	0	0	0	0	0	0	0	0	0	0	0	0	0	0	0	0	0	0	0	0	0.781994752816468	0	0	0	0	0.81439705899983	0	0	0	0	0	0	0	0	0	0	0	0	0.6779391260819	0	0	0	0	0	0	0	0	0	0	0.95205868527513	0	0	0	0	0	0	0	0	0	0	0	0	0	0	0
0	0	0	0	0	0	0	0	0	0	0	0	0	0	0.912742424882333	0	0.650671426038138	0	0	0	0	0	0	0	0	0	0	0	0	0	0.98788380734459	0	0	0	0.773201708885401	0	0	0	0	0	0	0	0	0	0	0.94231935757612	0	0	0	0	0	0	0	0	0	0	0	0	0	0	0	0	0	0	0	0	0	0	0	0	0	0	0.953961994758924	0	0	0	0	0	0	0	0	0	0.624359268176282	0	0	0	0	0	0	0
0	0	0	0	0	0	0	0.9399215361698	0	0	0	0	0	0	0	0	0	0	0	0.814263537152819	0	0	0	0	0	0	0	0	0	0	0	0	0	0	0	0	0	0	0	0	0	0	0	0	0	0	0	0	0	0.974550973886932	0	0	0	0	0	0	0	0	0	0	0	0.781600261245221	0	0	0	0	0	0	0	0	0	0	0	0	0	0	0	0	0	0	0	0	0	0	0	0	0	0	0	0
0	0	0	0	0	0	0	0	0	0	0	0	0	0	0	0	0	0	0	0	0	0	0	0	0	0	0	0	0	0	0	0	0.773201708885401	0	0	0	0	0	0	0	0	0	0	0	0	0	0	0	0	0	0	0	0	0	0.935798279594917	0	0	0	0	0	0	0	0	0	0	0	0	0	0	0	0	0	0	0	0	0	0	0	0	0	0	0	0	0	0	0	0	0	0	0
0	0	0	0	0	0	0	0	0	0	0	0	0	0	0	0	0	0	0	0	0	0	0.917267826562651	0	0	0	0	0	0	0	0	0	0	0	0	0	0	0.893942384628103	0	0	0	0	0	0	0	0	0	0	0	0	0	0	0	0	0	0	0	0	0	0	0	0	0	0	0	0	0	0	0	0	0	0	0	0	0	0	0	0	0	0.83257280351771	0.701312832660669	0	0	0	0	0	0	0	0	0
0	0	0	0	0	0	0	0	0	0	0	0	0	0	0	0	0	0	0	0	0	0.972277818553292	0	0	0	0	0	0	0	0	0	0	0	0	0	0	0	0.998315019698633	0.92921675902389	0	0	0	0	0	0	0	0	0	0	0	0	0	0	0	0	0	0	0.903941095759837	0	0	0	0	0	0	0	0	0	0	0	0	0.664872414979897	0	0	0	0	0	0	0	0	0	0	0	0	0	0	0	0	0	0	0
0	0	0	0	0	0	0	0	0	0	0	0	0	0	0	0	0	0	0	0	0	0	0	0	0	0	0	0	0	0	0	0	0	0	0	0.893942384628103	0.998315019698633	0	0	0	0	0	0	0	0	0	0	0	0	0	0	0	0	0	0	0	0	0	0.910638273305754	0	0	0	0	0	0	0	0	0	0	0	0	0	0.683151279238674	0	0.820814848376794	0	0	0	0	0	0	0	0	0	0	0	0	0.807278301186168	0	0
0	0	0.854621185459133	0	0	0	0	0	0	0	0	0	0	0	0	0	0	0	0.945561555363206	0	0	0	0	0.940040210263926	0	0	0	0	0	0	0	0	0	0	0	0	0.92921675902389	0	0	0	0	0	0	0	0	0	0	0	0	0	0	0	0	0	0	0	0	0	0	0	0	0	0	0	0	0	0	0	0	0	0	0	0	0	0	0	0	0	0.850831051866426	0	0	0	0	0	0	0	0	0	0	0
0	0	0	0	0	0	0	0	0	0	0	0	0	0	0	0	0	0	0	0	0	0	0	0	0	0	0	0	0	0	0	0	0	0	0	0	0	0	0	0	0.96757453799737	0.870479695833155	0	0	0	0	0	0	0	0	0	0	0	0	0	0	0	0	0	0	0	0	0	0	0	0	0	0	0	0	0	0	0	0	0	0	0	0	0	0	0	0	0	0	0	0	0	0	0	0
0	0	0	0	0.777207236530254	0	0	0	0	0	0	0	0	0	0	0	0	0	0	0	0	0	0	0	0	0	0	0	0	0	0	0	0	0	0	0	0	0	0	0.96757453799737	0	0	0.980086030695154	0	0	0	0	0	0	0	0	0	0	0	0	0	0	0	0	0	0	0	0	0	0	0	0	0.820276163885738	0	0	0	0	0	0	0	0	0	0	0	0	0	0	0	0	0	0	0	0	0	0
0	0	0	0	0	0	0	0	0.999611292366917	0	0	0	0	0	0	0	0	0	0	0	0	0	0	0	0	0	0	0	0	0	0	0	0	0	0	0	0	0	0	0.870479695833155	0	0	0	0.697082833623518	0	0	0	0	0	0	0	0	0	0	0	0	0	0	0	0	0	0	0	0	0	0	0	0	0	0	0	0	0	0	0	0	0	0	0	0	0	0	0	0	0	0	0	0	0	0.86207078328987
0	0	0	0	0	0	0	0	0	0	0	0	0	0	0	0	0	0	0	0	0.842338739565182	0	0	0	0	0	0	0	0	0	0	0	0	0	0	0	0	0	0	0	0.980086030695154	0	0	0	0	0	0	0	0	0	0	0	0	0	0	0	0	0	0	0.781433049550165	0	0	0.853709224633998	0	0	0	0	0	0	0	0	0	0	0	0	0	0	0	0	0	0	0	0	0.957774005365611	0	0	0	0	0	0
0	0	0	0	0	0	0	0	0	0	0	0	0	0	0	0	0	0	0	0	0	0	0	0	0	0	0	0	0	0	0	0	0	0	0	0	0	0	0	0	0	0.697082833623518	0	0	0	0	0.803323557480276	0	0	0	0	0	0	0	0	0	0	0	0	0	0	0	0	0	0.859134871000089	0	0	0	0	0	0.764459607581222	0.691555068120385	0	0	0	0.839309495591727	0	0	0	0	0	0	0	0	0	0	0	0.820140553848126	0	0
0	0	0	0	0	0	0	0	0	0	0	0	0	0	0	0	0	0	0	0	0	0	0	0	0	0	0	0	0	0	0	0	0	0	0	0	0	0	0	0	0	0	0	0	0	0	0	0	0	0	0.816416158218139	0	0	0	0	0	0	0	0	0	0	0	0	0	0	0	0.812954599395308	0	0	0	0	0	0	0.967854178750648	0	0	0	0	0	0	0	0	0	0	0	0	0	0	0	0
0	0	0	0	0	0.977344602370226	0	0	0	0	0	0	0	0	0	0	0.607131036142723	0	0	0	0	0.683953795232738	0	0	0	0	0	0	0	0	0	0.781994752816468	0.94231935757612	0	0	0	0	0	0	0	0	0	0	0	0	0	0	0	0	0	0	0	0	0	0	0	0	0	0	0	0	0	0	0	0	0	0	0	0	0	0	0	0	0	0	0	0	0	0	0	0	0	0.862202453770199	0	0	0	0	0	0	0
0	0	0	0	0	0	0	0	0	0	0	0	0	0	0	0	0	0	0	0	0	0	0	0	0	0	0	0	0	0	0	0	0	0	0	0	0	0	0	0	0	0	0	0.803323557480276	0	0	0	0	0.950740337904519	0	0	0.90766624966766	0	0	0	0	0	0	0	0	0	0	0	0	0	0	0	0	0	0	0	0	0	0	0	0	0	0	0	0	0	0	0	0	0	0	0	0	0	0
0	0	0	0	0	0	0	0	0	0	0	0	0	0	0	0	0	0	0	0	0	0	0	0	0	0	0	0	0	0	0	0	0	0	0	0	0	0	0	0	0	0	0	0	0	0	0	0	0.684371063206924	0	0	0	0	0	0	0	0	0	0	0	0.682124123074974	0	0	0	0	0	0	0	0	0	0	0	0	0	0	0	0	0	0	0	0	0	0	0	0	0	0	0	0	0
0	0	0.810711483475051	0	0	0	0	0	0	0	0	0	0	0	0	0	0	0	0	0	0	0	0	0	0	0	0	0	0	0	0	0	0	0	0	0	0	0	0	0	0	0	0	0	0	0	0.950740337904519	0.684371063206924	0	0.866990700510103	0.977173224481686	0	0	0	0	0	0	0	0	0	0	0	0	0	0	0	0	0	0	0	0	0	0	0.771577147472687	0	0	0	0	0	0	0	0	0	0	0	0	0	0	0	0
0	0	0	0	0	0	0	0	0	0	0	0	0	0	0	0	0	0	0.916271133744479	0	0	0	0	0	0	0	0	0	0	0	0	0	0	0.974550973886932	0	0	0	0	0	0	0	0	0	0	0	0	0	0	0.866990700510103	0	0	0	0	0	0	0	0	0	0	0	0	0	0	0	0	0	0	0	0	0	0	0	0	0	0	0	0	0	0	0	0	0	0	0	0	0	0	0	0	0
0	0	0	0	0	0	0	0	0	0	0	0	0	0	0	0	0	0	0	0.952012044247865	0	0	0	0.7048559593562	0	0	0	0	0	0.86204058684953	0	0.81439705899983	0	0	0	0	0	0	0	0	0	0	0	0	0.816416158218139	0	0	0	0.977173224481686	0	0	0	0	0	0	0	0	0	0	0	0	0	0	0	0	0	0	0	0	0	0	0	0	0	0	0	0	0	0	0	0	0	0	0	0	0	0	0	0	0
0	0	0	0	0.909089250459049	0	0	0	0	0	0	0	0	0	0	0	0	0	0	0	0	0	0	0	0	0	0	0	0	0	0	0	0	0	0	0	0	0	0	0	0	0	0	0	0	0	0.90766624966766	0	0	0	0	0	0	0	0	0	0	0	0	0	0	0	0	0	0	0	0	0	0	0	0	0	0	0	0.688989588510783	0	0	0	0	0	0	0	0	0	0	0	0	0	0	0
0	0	0	0	0	0	0	0	0.768605417178313	0.981198121396218	0	0	0.866900783507052	0.775749236168202	0	0	0	0	0	0	0	0	0	0	0	0	0	0	0	0	0	0	0	0	0	0	0	0	0	0	0	0	0	0	0	0	0	0	0	0	0	0	0	0.958404707172218	0	0	0	0	0	0	0	0	0	0	0	0	0	0.995748575287171	0	0	0	0	0	0	0	0	0	0	0	0	0	0	0	0	0.958664837596582	0	0	0	0	0
0	0	0	0	0	0	0	0	0	0	0	0	0	0	0	0	0	0	0	0	0	0	0	0	0	0	0	0	0	0	0	0	0	0	0	0	0	0	0	0	0	0	0	0	0	0	0	0	0	0	0	0	0.958404707172218	0	0	0	0	0	0	0	0	0	0	0	0	0	0	0	0	0	0	0	0	0	0	0.848653134481003	0	0	0.744814007226328	0	0	0	0	0	0	0	0	0	0	0.930533951662185
0	0	0	0	0.952160878561097	0	0	0	0	0	0.693997431607567	0	0	0	0	0.855787471762624	0	0	0	0	0	0	0	0	0	0	0	0	0	0	0	0	0	0	0.935798279594917	0	0	0	0	0	0	0	0	0	0	0	0	0	0	0	0	0	0	0	0	0	0	0	0	0	0	0	0	0	0	0	0	0	0	0	0	0	0	0	0	0	0	0	0	0	0	0	0	0	0	0	0	0	0	0
0	0	0	0	0	0	0	0	0	0	0	0	0.687020574643992	0	0	0	0	0	0	0	0	0	0	0	0	0	0	0	0	0.949590904241025	0	0	0	0	0	0	0	0	0	0	0	0	0	0	0	0	0	0	0	0	0	0	0	0	0	0	0	0	0	0	0	0	0.851960438943796	0	0	0	0	0	0	0	0	0	0	0	0	0	0	0	0	0	0	0	0	0	0	0	0.839802781676127	0	0	0
0	0	0	0	0	0	0	0	0	0	0	0	0	0	0	0	0	0	0	0	0	0	0	0	0.972619504263483	0	0	0	0	0	0.958861267913844	0	0	0	0	0	0	0	0	0	0	0	0	0	0	0	0	0	0	0	0	0	0	0	0	0	0	0	0	0	0	0	0	0	0	0.66592788554926	0	0	0	0	0	0	0	0	0	0	0	0	0	0	0	0	0	0	0	0	0	0	0	0
0	0	0	0	0	0	0	0	0	0	0	0.678667356753695	0	0	0	0	0	0	0	0	0	0	0	0	0	0	0.96829989144997	0	0	0	0	0	0	0	0	0	0.903941095759837	0	0	0	0	0	0	0	0	0	0	0	0	0	0	0	0	0	0	0	0	0	0	0	0	0	0	0.859354910467293	0	0	0	0	0	0	0.675890747974951	0	0	0	0	0	0	0	0	0	0	0	0	0	0	0	0	0	0	0
0	0	0	0.919876414008722	0	0	0	0	0	0	0	0	0	0	0	0	0	0	0	0	0	0	0	0	0	0	0	0	0	0	0	0	0	0	0	0	0	0.910638273305754	0	0	0	0	0	0	0	0	0	0	0	0	0	0	0	0	0	0	0	0	0	0	0.947035755374827	0	0	0	0	0	0	0	0	0	0	0	0	0	0	0	0	0	0	0	0	0	0	0	0	0	0	0	0	0
0	0	0	0	0	0	0	0	0	0	0	0	0	0	0	0	0	0	0	0.990941543551055	0.843577585004436	0.700733060066484	0	0	0	0	0	0	0	0	0	0	0	0	0	0	0	0	0	0	0	0	0.781433049550165	0	0	0	0	0	0	0	0	0	0	0	0	0	0	0	0	0	0.677138932244729	0	0	0	0	0	0	0	0	0	0	0	0	0	0	0	0	0	0	0	0	0.851048011812858	0	0	0	0	0	0	0	0
0	0	0	0	0	0	0	0	0	0	0	0	0	0	0	0	0	0	0	0	0.875757812621559	0	0	0	0	0	0	0	0	0	0	0	0	0	0	0	0	0	0	0	0	0	0	0	0	0	0	0.682124123074974	0	0	0	0	0	0	0	0	0	0	0.947035755374827	0.677138932244729	0	0	0	0	0	0	0	0	0	0	0	0	0	0	0	0	0	0	0	0	0	0	0	0	0	0	0	0	0.994523322612454	0
0	0	0	0	0	0	0	0	0	0	0	0	0	0	0	0	0	0	0	0	0	0	0	0	0	0	0	0	0	0	0	0	0	0.781600261245221	0	0	0	0	0	0	0	0	0	0	0	0	0	0	0	0	0	0	0	0	0	0	0	0	0	0	0	0	0	0	0	0	0	0	0	0	0	0	0	0	0	0	0	0	0	0	0	0	0	0	0	0	0	0	0	0.894605017793805
0	0	0	0	0	0	0	0	0	0	0	0	0	0	0	0	0	0	0.746427706743302	0	0	0	0	0	0	0	0	0	0	0	0	0	0	0	0	0	0	0	0	0	0	0	0.853709224633998	0	0	0	0	0	0	0	0	0	0	0	0	0.851960438943796	0	0	0	0	0	0	0	0.951547177237986	0.949669308791271	0	0	0	0	0	0	0	0	0	0	0	0	0	0.909523821514098	0	0	0	0	0	0	0	0	0	0	0
0	0	0	0	0	0	0	0	0	0	0	0	0	0	0	0	0	0	0	0	0	0	0	0	0	0	0	0	0	0	0	0.6779391260819	0	0	0	0	0	0	0	0	0	0	0	0	0	0	0	0	0	0	0	0	0	0	0	0	0	0.859354910467293	0	0	0	0	0.951547177237986	0	0	0	0.918441930335031	0	0	0	0	0	0	0	0	0	0	0	0	0	0	0	0	0	0	0	0	0	0	0
0	0	0	0	0	0	0	0	0	0	0	0	0	0	0	0	0	0	0	0	0	0	0	0	0	0	0	0	0	0	0	0	0	0	0	0	0	0	0	0	0	0	0	0.859134871000089	0	0	0	0	0	0	0	0	0	0	0	0	0	0	0	0	0	0	0.949669308791271	0	0	0	0.767578619723867	0	0	0	0	0	0	0	0	0	0	0	0	0	0	0	0	0	0	0	0	0	0	0
0	0	0	0	0	0	0	0	0	0	0	0	0	0	0.789319931884049	0	0	0	0	0	0	0	0	0	0.737041469025641	0	0	0	0	0	0	0	0	0	0	0	0	0	0	0	0	0	0	0	0	0	0	0	0	0	0	0	0	0	0	0	0.66592788554926	0	0	0	0	0	0	0	0	0	0	0	0	0	0	0	0	0	0	0	0	0	0	0	0.6415697852501	0	0	0	0	0	0	0	0	0
0	0	0	0	0	0	0	0	0	0	0.970435696014227	0	0	0	0	0	0.830917927298453	0	0	0	0	0	0	0	0	0	0	0	0	0	0	0	0	0	0	0	0	0	0	0	0	0	0	0	0.812954599395308	0	0	0	0	0	0	0	0	0	0	0	0	0	0	0	0	0	0	0.918441930335031	0.767578619723867	0	0	0	0.877214818436604	0	0	0	0	0	0	0	0	0	0	0	0	0	0	0	0	0	0	0	0	0
0	0	0	0	0	0	0	0	0	0	0	0	0	0	0	0.820869981816967	0	0	0	0	0	0	0	0	0	0	0	0	0	0	0	0	0	0	0	0	0	0	0	0	0.820276163885738	0	0	0	0	0	0	0	0	0	0	0	0.995748575287171	0	0	0	0	0	0	0	0	0	0	0	0	0	0	0	0	0	0	0	0	0	0	0	0	0	0	0	0	0	0	0	0	0	0	0	0	0
0	0	0	0	0	0	0	0	0	0	0	0	0	0	0	0	0	0	0	0	0	0	0	0	0	0	0	0.826503557673088	0	0	0	0	0	0	0	0	0	0	0	0	0	0	0	0	0	0	0	0	0	0	0	0	0	0	0	0	0	0	0	0	0	0	0	0	0	0	0.877214818436604	0	0	0	0.934916666117284	0	0	0	0	0	0	0	0	0	0.652385995320155	0	0	0.71277902226487	0	0	0	0	0	0
0	0	0	0	0	0	0	0	0	0	0	0	0	0.661002089313351	0	0	0	0	0	0	0	0	0	0	0	0	0	0	0	0	0	0	0	0	0	0	0	0	0	0	0	0	0	0	0	0	0	0	0	0	0	0	0	0	0	0	0	0	0	0	0	0	0	0	0	0	0	0	0	0	0	0	0	0	0	0	0	0	0	0	0	0	0	0	0	0.950720618108345	0	0	0	0
0	0	0	0	0	0	0	0	0	0	0	0	0	0	0	0	0	0	0	0	0	0.823064732886366	0	0	0	0	0	0	0	0	0	0	0	0	0	0	0.664872414979897	0	0	0	0	0	0	0.764459607581222	0	0	0	0	0	0	0	0	0	0	0	0	0	0.675890747974951	0	0	0	0	0	0	0	0	0	0	0.934916666117284	0	0	0	0	0	0	0	0	0	0	0	0.772433468706577	0	0	0	0	0	0	0	0	0
0	0	0	0	0	0	0	0	0	0	0	0	0	0	0	0	0	0	0	0	0	0	0	0	0	0	0	0	0	0	0	0	0	0	0	0	0	0	0	0	0	0	0	0.691555068120385	0	0	0	0	0	0	0	0	0	0	0	0	0	0	0	0	0	0	0	0	0	0	0	0	0	0	0	0	0	0	0	0	0	0	0	0	0	0	0	0	0	0	0.820738872400836	0	0	0
0	0	0	0	0	0	0	0	0	0	0	0	0	0	0	0	0	0	0	0	0.88089821466093	0	0	0	0	0	0	0	0	0	0	0	0.953961994758924	0	0	0	0	0.683151279238674	0	0	0	0	0	0	0	0	0	0	0	0	0	0	0	0	0	0	0	0	0	0	0	0	0	0	0	0	0	0	0	0	0	0	0	0	0	0	0	0	0	0	0	0	0	0	0	0	0	0	0	0
0	0	0	0.711015729638287	0	0	0	0.950012389832327	0	0	0	0	0	0	0	0	0	0	0	0	0	0	0	0	0	0	0	0	0	0	0	0	0	0	0	0	0	0	0	0	0	0	0	0	0.967854178750648	0	0	0	0.771577147472687	0	0	0	0	0	0	0	0	0	0	0	0	0	0	0	0	0	0	0	0	0	0	0	0	0	0.972576549110546	0	0	0	0	0	0	0	0	0	0	0.901286225374015	0	0	0	0.937288667188481
0	0	0	0	0	0	0	0	0	0	0	0	0	0	0	0	0	0	0	0	0	0	0	0	0	0	0	0	0	0	0	0.95205868527513	0	0	0	0	0	0.820814848376794	0	0	0	0	0	0	0	0	0	0	0	0	0	0.688989588510783	0	0	0	0	0	0	0	0	0	0	0	0	0	0	0	0	0	0	0	0	0	0.972576549110546	0	0	0	0	0	0	0	0	0	0	0	0	0	0	0	0
0	0	0	0	0	0	0	0	0	0	0	0	0	0	0	0	0	0	0	0	0	0	0	0	0	0	0	0	0	0	0	0	0	0	0	0	0	0	0	0	0	0	0	0.839309495591727	0	0	0	0	0	0	0	0	0	0.848653134481003	0	0	0	0	0	0	0	0	0	0	0	0	0	0	0	0	0	0	0	0	0	0	0	0	0	0	0	0	0	0	0	0	0	0	0.712263786854143	0
0	0.794678959373605	0	0	0	0	0	0	0	0	0	0	0	0	0	0	0	0	0	0	0	0	0	0	0	0	0	0	0.94434688068498	0	0	0	0	0	0	0	0	0	0	0	0	0	0	0	0	0	0	0	0	0	0	0	0	0	0	0	0	0	0	0	0	0	0	0	0	0	0	0	0	0	0	0	0	0	0	0	0	0	0	0	0	0	0	0	0	0	0	0	0.857402787535623	0
0	0	0	0	0	0	0	0	0	0.952083468733471	0	0	0	0	0	0	0	0	0	0	0	0	0	0	0	0	0	0	0	0	0	0	0	0	0	0	0	0	0	0	0	0	0	0	0	0	0	0	0	0	0	0	0	0	0	0	0	0	0	0	0	0	0	0	0	0	0	0	0	0	0	0	0	0	0	0	0	0	0	0.791606808322711	0	0	0	0	0	0	0	0	0	0
0	0	0	0	0	0	0.948205329400846	0	0	0	0	0	0	0	0	0	0	0	0	0	0	0	0	0	0	0	0	0.901680341365164	0	0	0	0	0	0	0	0	0	0	0.850831051866426	0	0	0	0	0	0	0	0	0	0	0	0	0	0	0.744814007226328	0	0	0	0	0	0	0	0	0.909523821514098	0	0	0	0	0	0	0	0	0	0	0	0	0	0	0	0	0	0	0	0	0	0	0	0	0	0	0
0	0	0	0	0	0	0	0	0.911571091012297	0	0	0	0	0	0	0	0	0	0	0	0	0	0	0	0	0	0	0	0	0	0	0	0	0	0	0.83257280351771	0	0	0	0	0	0	0	0	0	0	0	0	0	0	0	0	0	0	0	0	0	0	0	0	0	0	0	0	0	0	0	0	0	0	0	0	0	0	0	0	0	0.791606808322711	0	0	0	0	0	0	0	0	0	0	0	0
0	0	0	0	0	0	0	0	0	0	0	0	0	0	0	0	0	0	0	0	0	0	0	0	0	0	0	0	0	0	0	0	0	0	0	0.701312832660669	0	0	0	0	0	0	0	0	0	0	0	0	0	0	0	0	0	0	0	0	0	0	0	0	0	0	0	0	0	0.6415697852501	0	0	0.652385995320155	0	0.772433468706577	0	0	0	0	0	0	0	0	0	0	0	0	0	0	0	0	0	0	0
0	0	0	0	0	0	0	0	0	0	0	0	0	0	0	0	0	0	0	0	0	0.540051395490443	0	0	0	0	0	0	0	0	0	0	0	0	0	0	0	0	0	0	0	0	0	0	0	0	0	0	0	0	0	0	0	0	0	0	0	0	0	0.851048011812858	0	0	0	0	0	0	0	0	0	0	0	0	0	0	0	0	0	0	0	0	0	0	0	0	0	0	0	0	0	0
0	0	0.838647449641618	0	0	0	0	0	0	0	0	0	0	0	0	0	0	0	0	0	0	0	0	0	0	0	0	0	0	0	0	0	0.624359268176282	0	0	0	0	0	0	0	0	0	0	0	0	0.862202453770199	0	0	0	0	0	0	0	0	0	0	0	0	0	0	0	0	0	0	0	0	0	0	0	0	0	0	0	0	0	0	0	0	0	0	0	0	0	0	0	0	0	0	0	0
0	0	0	0	0	0	0	0	0	0	0	0	0	0	0	0	0	0	0.949629127272029	0	0	0	0	0	0	0	0	0	0	0	0	0	0	0	0	0	0	0	0	0	0	0	0.957774005365611	0	0	0	0	0	0	0	0	0	0	0	0	0	0	0	0	0	0	0	0	0	0	0	0	0	0.71277902226487	0	0	0	0	0	0	0	0	0	0	0	0	0	0	0	0	0	0	0	0.926679239459656	0
0	0	0	0	0	0	0	0	0	0	0	0	0	0	0	0	0	0	0	0	0	0	0.909302771456364	0	0	0	0	0	0	0	0	0	0	0	0	0	0	0	0	0	0	0	0	0	0	0	0	0	0	0	0	0	0.958664837596582	0	0	0	0	0	0	0	0	0	0	0	0	0	0	0	0	0	0	0	0	0	0	0	0	0	0	0	0	0	0	0	0	0	0	0	0	0
0	0	0	0	0	0	0	0	0	0	0	0	0	0	0	0	0	0	0.901838796430096	0	0	0	0	0	0	0	0	0	0	0	0	0	0	0	0	0	0	0	0	0	0	0	0	0	0	0	0	0	0	0	0	0	0	0	0	0	0	0	0	0	0	0	0	0	0	0	0	0	0	0.950720618108345	0	0	0	0.901286225374015	0	0	0	0	0	0	0	0	0	0	0	0	0	0	0	0
0	0	0	0	0	0	0	0	0	0	0	0	0	0	0	0	0	0	0.765134851998582	0	0	0.956099361367327	0	0	0	0	0	0	0	0	0	0	0	0	0	0	0	0	0	0	0	0	0	0	0	0	0	0	0	0	0	0	0	0	0	0.839802781676127	0	0	0	0	0	0	0	0	0	0	0	0	0	0	0	0.820738872400836	0	0	0	0	0	0	0	0	0	0	0	0	0	0	0	0	0	0
0	0	0	0	0	0	0	0	0	0	0	0	0	0	0	0	0	0	0	0	0	0	0	0	0	0	0.946514911892533	0	0	0	0	0	0	0	0	0	0	0.807278301186168	0	0	0	0	0	0.820140553848126	0	0	0	0	0	0	0	0	0	0	0	0	0	0	0	0	0	0	0	0	0	0	0	0	0	0	0	0	0	0	0	0	0	0	0	0	0	0	0	0	0	0	0	0	0	0
0	0	0	0	0	0	0	0	0	0	0	0	0	0	0	0	0	0	0	0	0	0	0	0	0	0	0	0	0	0	0	0	0	0	0	0	0	0	0	0	0	0	0	0	0	0	0	0	0	0	0	0	0	0	0	0	0	0	0	0	0.994523322612454	0	0	0	0	0	0	0	0	0	0	0	0	0	0	0.712263786854143	0.857402787535623	0	0	0	0	0	0	0.926679239459656	0	0	0	0	0	0
0.608063567225387	0	0	0	0	0	0	0	0	0	0	0	0.897921042820939	0	0	0	0	0	0	0	0	0	0	0	0	0	0	0	0	0	0	0	0	0	0	0	0	0	0	0	0	0.86207078328987	0	0	0	0	0	0	0	0	0	0	0	0.930533951662185	0	0	0	0	0	0	0	0.894605017793805	0	0	0	0	0	0	0	0	0	0	0	0.937288667188481	0	0	0	0	0	0	0	0	0	0	0	0	0	0	0	0
