0	0	0	0	0	0	0	0	0	0	0	0	0	0	0	0	0	0	0	0	0	0	0	0	0	0	0	0	0	0	0	0	0	0	0	0	0	0	0	0	0	0	0	0	0	0	0	0	0	0	0	0	0	0	0	0	0	0.734120865225872	0	0	0	0	0	0	0	0	0	0	0	0	0.633079526767421	0	0	0	0	0	0	0	0	0	0	0	0.695722436996272	0	0	0	0	0	0	0
0	0	0	0	0	0	0	0	0	0	0	0	0	0	0	0	0	0	0	0	0	0	0	0	0	0	0	0	0	0	0	0.801970340858825	0	0	0	0	0	0	0	0	0.922857631088839	0	0	0	0	0	0	0	0	0	0	0	0	0	0	0.847930450421913	0	0	0	0	0	0	0	0.92389493745796	0	0	0	0	0	0	0	0	0	0	0	0	0	0	0	0	0	0	0	0	0	0	0	0	0	0.932256824668962
0	0	0	0	0	0	0	0	0	0	0	0	0	0	0	0	0	0	0	0	0	0.999926111249499	0	0	0	0	0	0	0	0	0	0	0	0	0.856612639735076	0	0	0	0	0	0	0	0	0	0	0	0	0	0	0	0	0	0	0	0	0	0	0	0	0.999309318549049	0	0	0	0	0	0.913720669843763	0	0	0	0	0	0	0	0	0	0	0	0	0	0	0	0	0	0	0	0	0	0	0	0
0	0	0	0	0	0	0	0	0.961443649400954	0	0	0	0	0	0	0	0	0	0	0	0	0	0	0	0	0	0	0	0	0	0	0	0	0	0	0	0	0	0.744412066381938	0	0	0	0.70168973953823	0	0	0	0	0	0	0	0	0	0	0	0	0	0	0	0	0	0	0	0	0	0	0	0	0	0	0	0	0	0	0	0	0	0	0	0	0	0	0	0	0	0	0	0	0	0	0
0	0	0	0	0	0	0	0	0	0	0	0	0	0	0	0	0	0	0	0	0	0	0	0	0	0	0	0	0	0	0	0	0.826341623383338	0	0	0	0	0	0	0	0	0	0	0	0	0	0	0	0	0	0	0	0	0.66949648785375	0	0	0	0	0	0	0	0	0	0	0	0	0	0.878725552106043	0	0	0	0	0	0	0	0	0	0	0	0	0	0	0	0	0	0	0	0	0.755303405851527	0
0	0	0	0	0	0	0	0	0	0	0	0	0	0	0	0	0	0	0	0	0.813824040216062	0	0	0	0	0	0	0	0	0	0	0	0	0	0	0	0	0	0	0	0	0	0	0	0	0	0	0	0	0	0	0	0	0.940645757273893	0	0	0	0	0	0	0	0	0	0	0	0	0	0	0	0	0	0	0	0	0.968990145183798	0	0	0.849315636938209	0	0	0	0	0	0	0	0	0	0	0	0
0	0	0	0	0	0	0	0.791813392558272	0	0	0	0	0	0	0	0	0	0	0	0	0	0	0	0	0	0	0	0	0	0	0	0	0	0	0.651961155995873	0	0	0.771113010203746	0	0	0	0	0	0	0.88898310358129	0	0	0	0	0	0	0	0	0	0	0	0	0	0	0	0	0	0	0	0	0	0	0	0	0	0	0	0	0	0	0	0	0	0	0	0	0	0	0	0.577200867722462	0	0	0	0	0
0	0	0	0	0	0	0.791813392558272	0	0	0.618474964174833	0.771702308476707	0	0	0	0	0	0	0	0	0	0	0	0	0.673139558264504	0	0	0	0	0	0	0	0	0	0	0	0	0	0	0	0	0	0	0	0	0	0	0	0	0	0	0	0	0	0	0	0	0	0	0	0	0	0.985723037846738	0	0	0	0	0	0	0	0	0	0	0	0	0	0	0	0	0	0	0	0	0	0	0	0	0	0	0	0
0	0	0	0.961443649400954	0	0	0	0	0	0	0	0	0	0	0.998346247341234	0	0	0	0	0	0	0	0	0	0	0	0	0	0	0	0	0	0.89184599683636	0	0	0	0	0	0	0	0	0	0	0	0	0	0	0	0	0	0	0	0	0	0	0.673893103776825	0	0	0	0	0	0	0	0	0	0	0	0	0	0	0	0	0	0	0	0	0	0	0	0	0	0	0	0.909404720015233	0	0	0	0	0	0
0	0	0	0	0	0	0	0.618474964174833	0	0	0	0.777953323872873	0	0	0	0	0	0	0	0	0	0	0	0	0	0	0	0	0	0	0	0	0	0	0	0	0	0	0	0	0	0	0	0	0	0	0	0	0	0	0	0	0	0	0	0	0	0	0	0	0	0	0	0	0	0	0	0	0	0	0.706597387505516	0	0.68908459242168	0	0	0	0	0	0	0	0	0	0	0	0	0	0	0	0	0
0	0	0	0	0	0	0	0.771702308476707	0	0	0	0.867132151765719	0	0	0	0	0	0	0	0	0	0	0	0	0	0	0	0	0	0	0	0	0	0	0	0	0	0	0	0	0	0	0	0	0	0	0	0	0	0	0	0	0	0	0	0.866703415406727	0	0	0	0	0	0	0	0	0	0	0	0	0	0	0	0	0	0	0	0	0	0	0	0	0	0	0	0	0	0	0	0	0	0
0	0	0	0	0	0	0	0	0	0.777953323872873	0.867132151765719	0	0	0	0	0	0	0.946179250170698	0	0	0	0	0	0	0	0	0	0	0	0	0	0	0	0	0	0	0	0	0	0	0	0	0	0	0	0	0	0	0	0	0.812137111801184	0	0	0	0	0	0	0	0	0	0	0	0	0	0	0	0	0	0	0	0	0	0	0.7769696378247	0	0.792893115448928	0	0	0	0	0	0	0	0	0	0	0	0	0	0
0	0	0	0	0	0	0	0	0	0	0	0	0	0	0.89743225537606	0	0	0	0	0	0	0	0	0	0	0	0	0	0	0	0	0	0	0	0	0	0	0	0	0	0	0	0	0	0	0	0	0	0	0	0	0	0	0	0	0	0	0	0	0	0	0	0	0	0	0	0	0	0	0	0	0	0	0	0	0	0	0	0	0	0	0.965742747023779	0	0	0	0	0	0	0	0
0	0	0	0	0	0	0	0	0	0	0	0	0	0	0	0	0	0	0	0	0	0	0	0	0.637234511346401	0	0	0	0	0	0	0	0	0	0	0	0	0	0	0	0	0	0	0	0	0	0	0	0	0	0	0	0	0	0	0	0	0.89916213555097	0	0	0	0	0	0	0	0	0	0	0	0	0	0	0	0	0	0	0	0	0	0	0	0	0	0.882772650295417	0	0	0	0	0	0
0	0	0	0	0	0	0	0	0.998346247341234	0	0	0	0.89743225537606	0	0	0	0	0	0	0	0.756287718180961	0	0	0	0	0	0	0	0	0	0	0	0	0	0	0	0	0	0	0	0	0	0	0	0	0	0	0	0	0	0	0	0	0	0	0	0	0	0	0	0	0	0	0	0	0	0	0	0	0	0	0.597069196638801	0	0	0	0	0	0	0	0	0	0	0	0	0	0	0	0	0	0
0	0	0	0	0	0	0	0	0	0	0	0	0	0	0	0	0	0	0	0	0	0	0	0	0	0	0	0	0	0	0	0	0	0	0	0	0	0	0	0	0	0	0	0	0	0	0.96522133752409	0	0	0	0	0.765446081350311	0	0	0	0	0	0	0	0	0	0	0	0	0	0	0.908984985147979	0	0	0	0	0	0	0	0	0	0	0	0	0	0	0	0	0	0	0	0	0	0	0
0	0	0	0	0	0	0	0	0	0	0	0	0	0	0	0	0	0	0.595986113550321	0	0	0	0	0	0	0	0	0	0	0	0	0	0	0	0	0	0	0	0	0	0	0	0	0	0	0	0	0	0	0	0	0	0	0	0	0	0	0	0	0	0	0	0.977199400386654	0	0	0	0	0	0	0	0	0	0	0	0	0	0	0	0	0	0	0	0	0	0	0.973346967136578	0	0	0	0
0	0	0	0	0	0	0	0	0	0	0	0.946179250170698	0	0	0	0	0	0	0	0	0	0.741622890491212	0	0	0	0	0	0	0	0	0	0	0	0	0	0	0	0	0	0	0	0	0	0	0	0	0	0	0	0	0	0	0	0	0	0	0	0	0	0	0	0	0	0	0	0	0	0	0	0	0	0	0	0	0	0	0	0	0	0	0	0	0	0	0	0	0	0	0	0
0	0	0	0	0	0	0	0	0	0	0	0	0	0	0	0	0.595986113550321	0	0	0	0	0	0	0.941241357993259	0	0	0	0	0	0	0	0	0	0	0	0	0	0	0	0	0	0	0	0	0	0	0	0	0	0	0	0	0	0	0	0	0	0	0.706299121274715	0	0	0	0	0	0	0	0	0	0	0	0	0	0	0.971722282387711	0	0	0	0	0	0	0	0	0	0	0	0	0	0	0	0
0	0	0	0	0	0	0	0	0	0	0	0	0	0	0	0	0	0	0	0	0	0	0	0	0	0	0	0	0	0	0	0	0	0	0	0	0	0	0	0.80249638688606	0	0	0	0	0	0	0	0	0	0.718013548644463	0	0	0	0	0	0	0	0	0	0	0	0	0	0	0	0	0	0	0	0	0	0	0	0	0	0	0	0	0	0	0	0	0	0	0	0	0	0	0.937111448772516	0
0	0	0	0	0	0.813824040216062	0	0	0	0	0	0	0	0	0.756287718180961	0	0	0	0	0	0	0	0.760798404060728	0	0	0	0	0	0	0	0	0	0	0	0	0	0	0	0	0	0	0	0	0	0	0	0.929205491772832	0	0	0	0	0	0	0	0	0	0	0	0	0	0	0	0	0	0	0	0	0	0	0	0	0	0	0	0	0	0	0	0	0	0	0	0	0	0	0	0	0	0	0
0	0	0.999926111249499	0	0	0	0	0	0	0	0	0	0	0	0	0	0	0.741622890491212	0	0	0	0	0	0	0	0	0.769801426050552	0	0	0	0	0	0	0	0	0	0	0	0.963591363658946	0	0	0	0	0	0	0	0	0	0	0	0	0	0	0	0	0	0	0	0	0	0	0	0	0	0	0	0	0	0	0	0	0	0	0	0	0	0	0	0	0	0	0	0	0	0	0	0	0	0	0
0	0	0	0	0	0	0	0	0	0	0	0	0	0	0	0	0	0	0	0	0.760798404060728	0	0	0	0.938458290826957	0	0	0	0	0	0	0	0	0	0	0	0	0	0.567300403040558	0	0	0	0	0	0.769207646094945	0	0	0	0	0	0	0	0	0	0	0	0	0.990032239516377	0	0	0	0	0	0	0	0	0	0	0	0	0	0	0	0	0	0	0	0	0	0	0	0	0	0	0	0	0	0	0	0
0	0	0	0	0	0	0	0.673139558264504	0	0	0	0	0	0	0	0	0	0	0.941241357993259	0	0	0	0	0	0	0	0.963539770019034	0	0	0.977280861879188	0	0	0	0	0	0	0	0	0	0	0	0	0	0	0	0	0	0	0	0	0	0	0	0	0	0	0.754695512157247	0	0	0	0	0	0	0	0	0	0	0	0	0	0	0	0	0	0	0	0	0.97469467574174	0	0	0	0	0	0.935776442600698	0	0	0	0	0	0
0	0	0	0	0	0	0	0	0	0	0	0	0	0.637234511346401	0	0	0	0	0	0	0	0	0.938458290826957	0	0	0	0	0	0	0	0	0	0	0	0	0	0	0	0	0	0	0	0	0	0	0	0	0	0	0	0	0	0	0	0	0	0.59395198185124	0	0	0	0	0	0	0	0	0	0	0	0	0	0	0	0	0	0	0.869061395651246	0	0.663167210970233	0	0	0	0	0	0	0	0	0	0	0	0
0	0	0	0	0	0	0	0	0	0	0	0	0	0	0	0	0	0	0	0	0	0	0	0	0	0	0.804386671803407	0.755890836519711	0	0	0	0	0	0	0	0	0	0	0	0	0	0	0	0	0	0	0	0	0	0	0	0	0	0	0.969603002642033	0.978975026501766	0	0	0	0	0	0.980526430057279	0	0	0	0	0	0	0	0	0	0	0	0	0	0	0	0	0	0	0	0	0	0	0	0	0	0	0	0
0	0	0	0	0	0	0	0	0	0	0	0	0	0	0	0	0	0	0	0	0	0.769801426050552	0	0.963539770019034	0	0.804386671803407	0	0	0	0	0	0	0	0	0	0	0	0	0	0	0	0	0	0.840636690962064	0	0	0	0	0	0	0	0	0	0	0	0	0	0	0	0	0	0	0	0	0	0	0	0	0	0	0.890352715238192	0	0	0	0	0	0	0	0	0	0	0	0	0	0	0	0	0	0	0
0	0	0	0	0	0	0	0	0	0	0	0	0	0	0	0	0	0	0	0	0	0	0	0	0	0.755890836519711	0	0	0	0	0	0	0	0	0	0	0	0	0	0	0	0.897466824198953	0	0	0	0	0.939172675595092	0	0	0	0	0	0	0	0	0	0	0	0.959145139400343	0	0	0	0	0	0	0	0	0	0	0	0	0	0	0	0	0	0	0	0	0	0	0	0	0	0	0	0	0	0	0
0	0	0	0	0	0	0	0	0	0	0	0	0	0	0	0	0	0	0	0	0	0	0	0	0	0	0	0	0	0	0	0	0	0	0	0	0	0	0	0	0	0	0	0	0	0	0	0	0	0	0.806681778198682	0	0	0	0	0	0	0	0	0	0	0	0	0	0.901153111893029	0	0	0	0	0	0	0	0	0	0	0	0	0	0	0.960581814839998	0	0	0	0	0	0	0	0	0	0
0	0	0	0	0	0	0	0	0	0	0	0	0	0	0	0	0	0	0	0	0	0	0	0.977280861879188	0	0	0	0	0	0	0	0.88305650384117	0	0	0	0	0	0	0	0	0	0	0	0	0	0.938877897294829	0	0	0	0	0	0	0	0	0	0	0	0	0	0.769226157564779	0	0	0	0	0	0	0	0	0	0	0	0	0	0	0	0	0	0	0	0	0	0	0	0	0	0	0	0	0	0
0	0	0	0	0	0	0	0	0	0	0	0	0	0	0	0	0	0	0	0	0	0	0	0	0	0	0	0	0	0	0	0	0	0	0	0	0	0	0	0	0	0	0	0	0	0	0	0	0	0	0	0	0	0	0	0	0	0	0	0	0.882129027193501	0	0	0	0	0	0	0.728280766625463	0.967709575724615	0	0	0	0	0	0	0	0	0	0	0	0	0	0	0	0	0	0	0	0	0
0	0.801970340858825	0	0	0	0	0	0	0	0	0	0	0	0	0	0	0	0	0	0	0	0	0	0	0	0	0	0	0	0.88305650384117	0	0	0	0.998364978533358	0	0	0	0	0	0	0	0	0	0	0	0	0	0	0	0	0	0	0	0	0	0	0	0	0	0	0	0	0	0	0	0	0	0	0	0	0	0	0	0	0	0	0	0	0	0	0	0	0	0	0	0	0	0	0.738670326495253	0
0	0	0	0	0.826341623383338	0	0	0	0.89184599683636	0	0	0	0	0	0	0	0	0	0	0	0	0	0	0	0	0	0	0	0	0	0	0	0	0	0	0	0	0	0	0	0	0	0	0	0	0	0	0	0	0	0	0	0	0	0	0	0	0	0	0	0	0	0	0	0	0	0	0	0	0	0	0	0	0	0	0	0	0	0	0	0	0	0	0.736701154053278	0	0	0	0	0	0
0	0	0	0	0	0	0	0	0	0	0	0	0	0	0	0	0	0	0	0	0	0	0	0	0	0	0	0	0	0	0	0.998364978533358	0	0	0	0	0	0	0	0	0	0	0.9863016383089	0	0	0	0	0.826523603891867	0	0	0	0	0	0	0	0	0	0	0	0	0	0	0	0	0	0	0	0	0	0	0	0	0	0	0	0	0	0	0	0	0	0	0	0	0	0	0	0	0	0
0	0	0.856612639735076	0	0	0	0.651961155995873	0	0	0	0	0	0	0	0	0	0	0	0	0	0	0	0	0	0	0	0	0	0	0	0	0	0	0	0	0	0	0	0	0	0	0	0	0	0	0	0	0	0	0	0	0	0	0	0	0	0	0	0	0	0	0	0	0	0	0	0	0	0	0	0	0	0	0	0	0	0	0	0	0	0	0	0	0	0	0	0	0	0	0
0	0	0	0	0	0	0	0	0	0	0	0	0	0	0	0	0	0	0	0	0	0	0	0	0	0	0	0	0	0	0	0	0	0	0	0	0.996508558428358	0.596036215114382	0	0	0	0	0	0	0.896879411876506	0	0	0	0	0	0	0	0	0	0	0	0	0	0	0	0	0	0	0	0	0	0	0	0	0	0	0	0	0	0	0	0	0	0	0	0	0	0	0	0	0	0	0	0.908343763262308	0
0	0	0	0	0	0	0	0	0	0	0	0	0	0	0	0	0	0	0	0	0	0	0	0	0	0	0	0	0	0	0	0	0	0	0	0.996508558428358	0	0.889737359672811	0	0	0	0	0	0	0	0	0	0	0	0	0	0	0.889828430534021	0	0.924303059844562	0	0	0	0	0	0	0	0	0	0	0	0	0	0	0	0	0	0	0	0	0	0.680993863572013	0	0	0	0	0	0	0	0	0	0.808660487003863	0	0	0
0	0	0	0	0	0	0.771113010203746	0	0	0	0	0	0	0	0	0	0	0	0	0	0	0	0	0	0	0	0	0	0	0	0	0	0	0	0	0.596036215114382	0.889737359672811	0	0	0	0	0	0	0	0	0	0	0.769559046285782	0	0	0	0	0	0	0	0	0	0	0.824033014687697	0	0	0	0	0	0	0	0	0	0	0	0	0	0	0	0	0	0	0	0	0	0	0	0	0.892350162477393	0	0	0	0	0	0
0	0	0	0.744412066381938	0	0	0	0	0	0	0	0	0	0	0	0	0	0	0	0	0	0.963591363658946	0.567300403040558	0	0	0	0	0	0	0	0	0	0	0	0	0	0	0	0	0	0	0	0	0	0	0	0	0	0	0	0	0	0	0	0	0	0	0	0	0	0	0	0	0	0	0	0	0	0	0	0	0	0	0	0	0	0	0	0	0	0	0	0	0	0	0	0.709230272463287	0	0	0
0	0	0	0	0	0	0	0	0	0	0	0	0	0	0	0	0	0	0	0.80249638688606	0	0	0	0	0	0	0	0	0	0	0	0	0	0	0	0	0	0	0	0	0	0	0	0.667387668139598	0	0	0	0	0	0	0	0.705422792729283	0	0	0	0	0	0	0	0	0	0	0	0	0	0	0	0	0	0	0	0	0	0	0	0	0	0	0	0	0.909733803998813	0.803171124859324	0	0	0	0	0	0	0	0
0	0.922857631088839	0	0	0	0	0	0	0	0	0	0	0	0	0	0	0	0	0	0	0	0	0	0	0	0	0	0	0	0	0	0	0	0	0	0	0	0	0	0	0	0.869785988141331	0	0	0	0	0	0	0	0	0	0	0	0	0	0	0	0	0	0	0	0	0	0	0	0	0	0	0	0	0	0	0	0	0	0.809794030470412	0	0	0	0	0	0	0	0	0	0	0	0	0	0.727264303841264
0	0	0	0	0	0	0	0	0	0	0	0	0	0	0	0	0	0	0	0	0	0	0	0	0	0	0	0.897466824198953	0	0	0	0	0	0	0	0	0	0	0	0	0.869785988141331	0	0	0.830767163656869	0	0	0	0.856943073613259	0.984799033144657	0	0	0	0	0	0	0	0	0	0	0	0	0	0	0	0	0	0	0	0	0	0	0	0	0	0	0.990757273580074	0	0	0	0	0	0	0	0	0	0	0	0	0	0
0	0	0	0.70168973953823	0	0	0	0	0	0	0	0	0	0	0	0	0	0	0	0	0	0	0	0	0	0	0	0	0	0	0	0	0	0.9863016383089	0	0	0	0	0	0	0	0	0	0.96437385393497	0	0	0	0	0	0	0	0	0	0	0	0	0	0.760039003396391	0	0	0	0	0	0	0	0	0	0	0	0	0	0	0	0	0	0	0	0	0	0	0	0	0	0	0	0	0	0	0	0
0	0	0	0	0	0	0	0	0	0	0	0	0	0	0	0	0	0	0	0	0	0	0	0	0	0	0.840636690962064	0	0	0	0	0	0	0	0	0	0	0	0	0.667387668139598	0	0.830767163656869	0.96437385393497	0	0	0	0	0	0	0	0	0	0	0	0	0	0	0	0	0	0	0	0	0	0	0	0	0	0	0	0	0	0	0	0	0	0	0	0	0	0	0	0	0	0	0	0	0	0	0
0	0	0	0	0	0	0.88898310358129	0	0	0	0	0	0	0	0	0	0	0	0	0	0	0	0.769207646094945	0	0	0	0	0	0	0	0	0	0	0	0	0.896879411876506	0	0	0	0	0	0	0	0	0	0	0	0	0	0	0	0	0	0	0	0	0	0	0	0	0	0	0.86862661440299	0	0	0	0	0	0	0	0	0	0	0	0	0	0	0	0	0	0	0	0	0	0	0	0	0	0	0
0	0	0	0	0	0	0	0	0	0	0	0	0	0	0	0	0	0	0	0	0	0	0	0	0	0	0	0	0	0.938877897294829	0	0	0	0	0	0	0	0	0	0	0	0	0	0	0	0	0.559110892949812	0	0	0	0	0	0	0	0	0	0	0	0	0	0	0	0	0	0	0	0	0	0	0	0	0	0	0	0	0	0	0	0	0	0	0	0	0	0	0	0.715469332195304	0	0	0
0	0	0	0	0	0	0	0	0	0	0	0	0	0	0	0.96522133752409	0	0	0	0	0.929205491772832	0	0	0	0	0	0	0.939172675595092	0	0	0	0	0	0	0	0	0	0	0	0	0	0	0	0	0	0.559110892949812	0	0	0	0	0	0	0	0	0	0	0	0	0	0	0	0	0	0	0	0	0	0	0	0	0	0	0	0	0	0	0	0	0	0	0	0	0	0	0	0	0	0	0	0
0	0	0	0	0	0	0	0	0	0	0	0	0	0	0	0	0	0	0	0	0	0	0	0	0	0	0	0	0	0	0	0	0	0.826523603891867	0	0	0	0.769559046285782	0	0	0	0.856943073613259	0	0	0	0	0	0	0	0	0	0	0	0	0	0	0	0	0	0	0	0	0	0	0	0	0	0	0	0	0	0	0	0	0	0	0	0	0.855174280612437	0	0	0	0	0	0	0	0	0	0	0
0	0	0	0	0	0	0	0	0	0	0	0	0	0	0	0	0	0	0	0	0	0	0	0	0	0	0	0	0	0	0	0	0	0	0	0	0	0	0	0	0	0.984799033144657	0	0	0	0	0	0	0	0	0	0	0	0	0	0	0	0	0	0	0	0	0	0	0	0	0	0	0	0	0	0	0	0	0	0	0	0	0	0	0	0	0	0	0.930501887186671	0	0	0	0	0
0	0	0	0	0	0	0	0	0	0	0	0	0	0	0	0	0	0	0	0.718013548644463	0	0	0	0	0	0	0	0	0	0	0	0	0	0	0	0	0	0	0	0	0	0	0	0	0	0	0	0	0	0	0.694801612094171	0	0	0	0	0	0	0	0	0	0	0	0	0	0	0	0	0	0	0	0	0	0.892385273638848	0	0	0	0	0	0	0	0	0	0	0	0	0	0	0	0	0
0	0	0	0	0	0	0	0	0	0	0	0.812137111801184	0	0	0	0	0	0	0	0	0	0	0	0	0	0	0	0	0.806681778198682	0	0	0	0	0	0	0	0	0	0	0	0	0	0	0	0	0	0	0	0	0.694801612094171	0	0.792003605945876	0	0	0	0	0	0	0	0	0	0	0	0	0	0	0	0	0	0	0	0	0.950729398053467	0	0	0	0	0	0	0	0	0	0	0	0	0	0	0	0	0
0	0	0	0	0	0	0	0	0	0	0	0	0	0	0	0.765446081350311	0	0	0	0	0	0	0	0	0	0	0	0	0	0	0	0	0	0	0	0	0	0	0	0.705422792729283	0	0	0	0	0	0	0	0	0	0	0.792003605945876	0	0	0	0	0	0	0	0	0	0	0	0	0	0	0	0	0	0	0	0	0	0	0	0	0	0	0	0	0	0	0	0	0	0	0	0.838477293450198	0	0	0
0	0	0	0	0	0	0	0	0	0	0	0	0	0	0	0	0	0	0	0	0	0	0	0	0	0	0	0	0	0	0	0	0	0	0	0	0.889828430534021	0	0	0	0	0	0	0	0	0	0	0	0	0	0	0	0	0	0	0	0	0	0	0	0	0	0	0	0	0	0	0	0	0	0	0	0	0	0	0	0	0	0	0	0	0	0	0	0	0	0.910976482009593	0	0	0
0	0	0	0	0.66949648785375	0.940645757273893	0	0	0	0	0	0	0	0	0	0	0	0	0	0	0	0	0	0	0	0	0	0	0	0	0	0	0	0	0	0	0	0	0	0	0	0	0	0	0	0	0	0	0	0	0	0	0	0	0	0	0	0	0	0.736433847492319	0	0	0	0	0	0	0	0	0	0	0	0	0	0	0	0	0	0	0	0	0	0	0	0.695307969168663	0	0	0	0	0	0
0	0	0	0	0	0	0	0	0	0	0	0	0	0	0	0	0	0	0	0	0	0	0	0	0	0.969603002642033	0	0	0	0	0	0	0	0	0	0	0.924303059844562	0	0	0	0	0	0	0	0	0	0	0	0	0	0	0	0	0	0	0.610279949266066	0	0	0	0	0	0	0	0	0	0	0	0.929096762561717	0	0	0	0	0	0	0.92564870027722	0	0.823524828342088	0	0	0	0	0	0.798751438851372	0	0	0	0	0	0	0
0	0.847930450421913	0	0	0	0	0	0	0.673893103776825	0	0.866703415406727	0	0	0	0	0	0	0	0	0	0	0	0	0	0	0.978975026501766	0	0	0	0	0	0	0	0	0	0	0	0	0	0	0	0	0	0	0	0	0	0	0	0	0	0	0	0	0.610279949266066	0	0	0	0	0	0	0	0	0	0	0	0	0	0	0	0	0	0	0	0	0	0	0	0	0	0	0	0	0	0	0	0	0	0	0
0	0	0	0	0	0	0	0	0	0	0	0	0	0	0	0	0	0	0	0	0	0	0	0.754695512157247	0.59395198185124	0	0	0	0	0	0	0	0	0	0	0	0	0	0	0	0	0	0	0	0	0	0	0	0	0	0	0	0	0	0	0	0	0	0	0	0	0	0	0.631965512789338	0	0	0	0	0	0	0	0	0	0	0	0	0	0	0	0.766044353314408	0	0	0	0	0	0	0.849619933353653	0	0	0
0.734120865225872	0	0	0	0	0	0	0	0	0	0	0	0	0.89916213555097	0	0	0	0	0	0	0	0	0.990032239516377	0	0	0	0	0	0	0	0	0	0	0	0	0	0	0	0	0	0	0	0.760039003396391	0	0	0	0	0	0	0	0	0	0	0	0	0	0	0	0	0	0	0	0	0	0	0	0	0	0	0	0	0	0	0	0	0	0	0	0	0	0	0	0	0	0	0	0	0	0	0
0	0	0	0	0	0	0	0	0	0	0	0	0	0	0	0	0	0	0.706299121274715	0	0	0	0	0	0	0	0	0.959145139400343	0	0	0	0	0	0	0	0	0	0.824033014687697	0	0	0	0	0	0	0	0	0	0	0	0	0	0	0	0	0	0	0	0	0	0	0	0.901202469335901	0	0	0	0.849579169113382	0	0	0	0	0	0	0	0	0	0	0	0	0	0	0	0	0	0	0	0	0	0	0	0
0	0	0.999309318549049	0	0	0	0	0	0	0	0	0	0	0	0	0	0	0	0	0	0	0	0	0	0	0	0	0	0	0.769226157564779	0	0	0	0	0	0	0	0	0	0	0	0	0	0	0	0	0	0	0	0	0	0	0	0.736433847492319	0	0	0	0	0	0	0	0	0	0	0	0	0	0	0	0	0	0	0	0	0	0	0	0	0	0.651393812184076	0	0	0	0	0	0	0	0	0	0
0	0	0	0	0	0	0	0	0	0	0	0	0	0	0	0	0	0	0	0	0	0	0	0	0	0	0	0	0	0	0.882129027193501	0	0	0	0	0	0	0	0	0	0	0	0	0	0	0	0	0	0	0	0	0	0	0	0	0	0	0	0	0	0	0	0	0	0	0	0	0	0	0	0	0	0	0	0	0	0	0	0	0	0	0	0	0	0	0.854549349024537	0	0	0	0
0	0	0	0	0	0	0	0.985723037846738	0	0	0	0	0	0	0	0	0	0	0	0	0	0	0	0	0	0.980526430057279	0	0	0	0	0	0	0	0	0	0	0	0	0	0	0	0	0	0	0	0	0	0	0	0	0	0	0	0	0	0	0	0	0.901202469335901	0	0	0	0	0	0	0	0	0	0	0	0	0	0	0	0	0	0	0	0	0	0	0	0	0	0	0	0	0	0	0
0	0	0	0	0	0	0	0	0	0	0	0	0	0	0	0	0.977199400386654	0	0	0	0	0	0	0	0	0	0	0	0	0	0	0	0	0	0	0	0	0	0	0	0	0	0	0	0.86862661440299	0	0	0	0	0	0	0	0	0	0	0	0	0	0	0	0	0	0	0	0	0	0	0	0	0.951071137604131	0.681519250015439	0	0	0	0	0	0	0	0	0	0	0	0	0	0	0	0	0	0	0
0	0.92389493745796	0	0	0	0	0	0	0	0	0	0	0	0	0	0	0	0	0	0	0	0	0	0	0	0	0	0	0	0	0	0	0	0	0	0	0	0	0	0	0	0	0	0	0	0	0	0	0	0	0	0	0	0	0	0	0.631965512789338	0	0	0	0	0	0	0	0	0	0.808884455188071	0	0	0	0	0	0	0	0	0	0	0	0	0	0	0	0	0	0	0	0	0	0	0
0	0	0	0	0	0	0	0	0	0	0	0	0	0	0	0	0	0	0	0	0	0	0	0	0	0	0	0	0.901153111893029	0	0	0	0	0	0	0	0	0	0	0	0	0	0	0	0	0	0	0	0	0	0	0	0	0	0	0	0	0	0	0	0	0	0	0	0	0	0	0.65504616359802	0	0	0	0	0.790654786455956	0	0	0	0	0	0	0	0	0	0	0	0	0	0	0	0	0
0	0	0.913720669843763	0	0	0	0	0	0	0	0	0	0	0	0	0	0	0	0	0	0	0	0	0	0	0	0	0	0	0	0	0	0	0	0	0	0	0	0	0	0	0	0	0	0	0	0	0	0	0	0	0	0	0	0	0	0	0	0.849579169113382	0	0	0	0	0	0	0	0	0	0	0	0	0	0	0	0	0	0	0	0	0	0	0	0	0	0	0	0	0	0	0
0	0	0	0	0	0	0	0	0	0	0	0	0	0	0	0.908984985147979	0	0	0	0	0	0	0	0	0	0	0	0	0	0	0	0	0	0	0	0	0	0	0	0	0	0	0	0	0	0	0	0	0	0	0	0	0	0	0	0	0	0	0	0	0	0	0	0.808884455188071	0	0	0	0	0	0	0	0	0	0	0	0.993384077855515	0	0	0	0	0	0	0	0	0	0	0	0	0	0
0	0	0	0	0.878725552106043	0	0	0	0	0	0	0	0	0	0	0	0	0	0	0	0	0	0	0	0	0	0	0	0	0	0.728280766625463	0	0	0	0	0	0	0	0	0	0	0	0	0	0	0	0	0	0	0	0	0	0	0	0.929096762561717	0	0	0	0	0	0	0	0	0	0.65504616359802	0	0	0	0	0	0	0	0	0	0	0	0	0	0	0	0	0	0	0	0.838217879868584	0	0	0	0	0
0	0	0	0	0	0	0	0	0	0	0	0	0	0	0	0	0	0	0	0	0	0	0	0	0	0	0	0	0	0	0.967709575724615	0	0	0	0	0	0	0	0	0	0	0	0	0	0	0	0	0	0	0	0	0	0	0	0	0	0	0	0	0	0	0	0	0	0	0	0	0	0	0.822268527088545	0	0	0	0.874627390710579	0	0	0	0	0	0	0	0	0	0	0	0	0	0	0	0
0	0	0	0	0	0	0	0	0	0	0	0	0	0	0	0	0	0	0	0	0	0	0	0	0	0	0	0	0	0	0	0	0	0	0	0	0	0	0	0	0	0	0	0	0	0	0	0	0	0	0	0	0	0	0	0	0	0	0	0	0	0	0.951071137604131	0	0	0	0	0	0.822268527088545	0	0.997970563238526	0.640924313645998	0	0	0	0	0	0	0	0	0	0	0	0	0	0	0	0	0	0
0.633079526767421	0	0	0	0	0	0	0	0	0.706597387505516	0	0	0	0	0	0	0	0	0	0	0	0	0	0	0	0	0.890352715238192	0	0	0	0	0	0	0	0	0	0	0	0	0	0	0	0	0	0	0	0	0	0	0	0	0	0	0	0	0	0	0	0	0	0	0	0.681519250015439	0	0	0	0	0	0	0.997970563238526	0	0	0	0	0	0	0	0	0	0	0	0	0	0	0	0	0	0	0	0
0	0	0	0	0	0	0	0	0	0	0	0	0	0	0.597069196638801	0	0	0	0	0	0	0	0	0	0	0	0	0	0	0	0	0	0	0	0	0	0	0	0	0	0	0	0	0	0	0	0	0	0	0	0	0	0	0	0	0	0	0	0	0	0	0	0	0	0	0	0	0	0	0.640924313645998	0	0	0	0	0	0	0	0	0	0	0	0	0.631071173538811	0	0	0	0	0	0	0
0	0	0	0	0	0	0	0	0	0.68908459242168	0	0	0	0	0	0	0	0	0	0	0	0	0	0	0	0	0	0	0	0	0	0	0	0	0	0	0	0	0	0	0	0	0	0	0	0	0	0	0	0.892385273638848	0.950729398053467	0	0	0	0	0	0	0	0	0	0	0	0	0	0.790654786455956	0	0	0	0	0	0	0	0	0	0	0	0	0	0	0	0	0	0	0	0	0	0	0	0	0
0	0	0	0	0	0	0	0	0	0	0	0.7769696378247	0	0	0	0	0	0	0.971722282387711	0	0	0	0	0	0	0	0	0	0	0	0	0	0	0	0	0	0	0	0	0	0	0	0	0	0	0	0	0	0	0	0	0	0	0	0	0	0	0	0	0	0	0	0	0	0	0	0	0	0.874627390710579	0	0	0	0	0	0	0	0	0	0	0	0	0	0	0	0	0	0	0	0	0
0	0	0	0	0	0.968990145183798	0	0	0	0	0	0	0	0	0	0	0	0	0	0	0	0	0	0	0	0	0	0	0	0	0	0	0	0	0	0	0	0	0	0	0	0	0	0	0	0	0	0	0	0	0	0	0	0	0.92564870027722	0	0	0	0	0	0	0	0	0	0	0	0	0	0	0	0	0	0	0	0	0	0	0	0	0	0	0	0	0	0	0	0	0	0	0
0	0	0	0	0	0	0	0	0	0	0	0.792893115448928	0	0	0	0	0	0	0	0	0	0	0	0	0.869061395651246	0	0	0	0	0	0	0	0	0	0	0	0	0	0	0	0.809794030470412	0.990757273580074	0	0	0	0	0	0	0	0	0	0	0	0	0	0	0	0	0	0	0	0	0	0	0	0	0.993384077855515	0	0	0	0	0	0	0	0	0	0	0	0	0	0	0	0	0	0	0	0	0	0	0
0	0	0	0	0	0	0	0	0	0	0	0	0	0	0	0	0	0	0	0	0	0	0	0	0	0	0	0	0	0	0	0	0	0	0	0	0.680993863572013	0	0	0	0	0	0	0	0	0	0	0	0	0	0	0	0	0	0.823524828342088	0	0	0	0	0	0	0	0	0	0	0	0	0	0	0	0	0	0	0	0	0	0	0	0	0	0	0	0	0	0	0	0	0	0.892789764183898	0
0	0	0	0	0	0.849315636938209	0	0	0	0	0	0	0	0	0	0	0	0	0	0	0	0	0	0.97469467574174	0.663167210970233	0	0	0	0	0	0	0	0	0	0	0	0	0	0	0	0	0	0	0	0	0	0	0	0	0	0	0	0	0	0	0	0	0	0	0	0	0	0	0	0	0	0	0	0	0	0	0	0	0	0	0	0	0	0	0	0	0	0	0	0	0	0	0	0.777661913591922	0
0	0	0	0	0	0	0	0	0	0	0	0	0	0	0	0	0	0	0	0	0	0	0	0	0	0	0	0	0	0	0	0	0	0	0	0	0	0	0	0	0	0	0	0	0	0	0	0.855174280612437	0	0	0	0	0	0	0	0	0	0	0	0	0	0	0	0	0	0	0	0	0	0	0	0	0	0	0	0	0	0	0	0.795539382613887	0	0	0.989553406924197	0	0	0	0	0	0	0
0	0	0	0	0	0	0	0	0	0	0	0	0	0	0	0	0	0	0	0	0	0	0	0	0	0	0	0	0.960581814839998	0	0	0	0	0	0	0	0	0	0	0	0	0	0	0	0	0	0	0	0	0	0	0	0	0	0	0	0.766044353314408	0	0	0.651393812184076	0	0	0	0	0	0	0	0	0	0	0	0	0	0	0	0	0	0	0.795539382613887	0	0.848490704074609	0	0	0	0	0	0	0	0	0
0	0	0	0	0	0	0	0	0	0	0	0	0	0	0	0	0	0	0	0	0	0	0	0	0	0	0	0	0	0	0	0	0	0	0	0	0	0	0	0.909733803998813	0	0	0	0	0	0	0	0	0	0	0	0	0	0	0	0	0	0	0	0	0	0	0	0	0	0	0	0	0	0	0	0	0	0	0	0	0	0	0	0.848490704074609	0	0.664863040308317	0	0	0	0	0	0	0	0
0	0	0	0	0	0	0	0	0	0	0	0	0.965742747023779	0	0	0	0	0	0	0	0	0	0	0	0	0	0	0	0	0	0	0	0	0	0	0	0	0	0	0.803171124859324	0	0	0	0	0	0	0	0	0	0	0	0	0	0	0	0	0	0	0	0	0	0	0	0	0	0	0	0	0	0	0	0	0	0	0	0	0	0	0	0	0.664863040308317	0	0.847896569804344	0	0.886172644695355	0	0	0	0	0
0.695722436996272	0	0	0	0	0	0	0	0	0	0	0	0	0	0	0	0	0	0	0	0	0	0	0	0	0	0	0	0	0	0	0	0	0	0	0	0	0	0	0	0	0	0	0	0	0	0	0	0	0	0	0	0	0	0.798751438851372	0	0	0	0	0	0	0	0	0	0	0	0	0	0	0	0	0.631071173538811	0	0	0	0	0	0	0.989553406924197	0	0	0.847896569804344	0	0	0	0	0	0	0	0
0	0	0	0	0	0	0	0	0.909404720015233	0	0	0	0	0.882772650295417	0	0	0	0	0	0	0	0	0	0.935776442600698	0	0	0	0	0	0	0	0	0.736701154053278	0	0	0	0	0.892350162477393	0	0	0	0	0	0	0	0	0	0	0	0	0	0	0	0.695307969168663	0	0	0	0	0	0	0	0	0	0	0	0	0	0	0	0	0	0	0	0	0	0	0	0	0	0	0	0	0	0	0	0.853148318238701	0	0	0	0
0	0	0	0	0	0	0.577200867722462	0	0	0	0	0	0	0	0	0	0	0	0	0	0	0	0	0	0	0	0	0	0	0	0	0	0	0	0	0	0	0	0	0	0	0	0	0	0	0	0	0	0.930501887186671	0	0	0	0	0	0	0	0	0	0	0	0	0	0	0	0	0	0	0.838217879868584	0	0	0	0	0	0	0	0	0	0	0	0	0	0.886172644695355	0	0	0	0	0	0	0	0
0	0	0	0	0	0	0	0	0	0	0	0	0	0	0	0	0.973346967136578	0	0	0	0	0	0	0	0	0	0	0	0	0	0	0	0	0	0	0	0	0	0	0	0	0	0	0	0	0	0	0	0	0	0	0	0	0	0	0	0	0	0	0	0.854549349024537	0	0	0	0	0	0	0	0	0	0	0	0	0	0	0	0	0	0	0	0	0	0	0.853148318238701	0	0	0.942363608741642	0	0	0
0	0	0	0	0	0	0	0	0	0	0	0	0	0	0	0	0	0	0	0	0	0	0	0	0	0	0	0	0	0	0	0	0	0	0	0	0.808660487003863	0	0.709230272463287	0	0	0	0	0	0	0.715469332195304	0	0	0	0	0	0.838477293450198	0.910976482009593	0	0	0	0.849619933353653	0	0	0	0	0	0	0	0	0	0	0	0	0	0	0	0	0	0	0	0	0	0	0	0	0	0	0	0	0.942363608741642	0	0.921188615883427	0	0
0	0	0	0	0	0	0	0	0	0	0	0	0	0	0	0	0	0	0	0	0	0	0	0	0	0	0	0	0	0	0	0	0	0	0	0	0	0	0	0	0	0	0	0	0	0	0	0	0	0	0	0	0	0	0	0	0	0	0	0	0	0	0	0	0	0	0	0	0	0	0	0	0	0	0	0	0	0	0	0	0	0	0	0	0	0	0.921188615883427	0	0	0.900617330274108
0	0	0	0	0.755303405851527	0	0	0	0	0	0	0	0	0	0	0	0	0	0	0.937111448772516	0	0	0	0	0	0	0	0	0	0	0	0.738670326495253	0	0	0	0.908343763262308	0	0	0	0	0	0	0	0	0	0	0	0	0	0	0	0	0	0	0	0	0	0	0	0	0	0	0	0	0	0	0	0	0	0	0	0	0	0	0	0	0.892789764183898	0.777661913591922	0	0	0	0	0	0	0	0	0	0	0	0
0	0.932256824668962	0	0	0	0	0	0	0	0	0	0	0	0	0	0	0	0	0	0	0	0	0	0	0	0	0	0	0	0	0	0	0	0	0	0	0	0	0	0	0.727264303841264	0	0	0	0	0	0	0	0	0	0	0	0	0	0	0	0	0	0	0	0	0	0	0	0	0	0	0	0	0	0	0	0	0	0	0	0	0	0	0	0	0	0	0	0	0	0	0.900617330274108	0	0
