0	0.747743313951505	0	0	0	0	0	0	0	0	0	0	0	0	0	0	0	0	0	0	0	0	0	0	0	0	0	0	0	0	0	0	0	0	0	0	0	0	0	0	0	0	0	0	0.709304893385465	0	0	0	0	0	0	0	0	0	0	0.92938637942639	0	0	0	0	0	0	0.872465175918576	0.714612888399873	0	0	0	0	0	0	0	0	0	0	0	0	0	0	0	0	0	0	0	0	0	0	0	0	0	0
0.747743313951505	0	0	0	0	0	0	0	0	0	0	0	0	0	0	0	0	0	0	0	0	0	0	0	0	0	0	0	0	0	0	0	0	0	0	0	0	0	0	0.580227278501293	0	0	0	0	0	0	0	0	0	0	0	0	0.793511407566753	0	0	0	0	0	0	0	0	0	0	0	0	0	0	0	0	0	0	0	0	0	0	0	0	0	0	0	0	0	0	0	0	0	0	0	0	0
0	0	0	0	0	0	0	0	0	0	0	0	0	0	0	0	0	0	0	0	0	0	0	0	0.742728051377153	0	0	0	0	0	0.621923604876556	0	0	0	0	0.632770782227456	0	0	0	0	0	0	0	0	0	0	0	0	0.997921378682425	0	0	0	0	0	0	0	0	0	0	0	0	0	0	0	0	0	0	0	0	0	0	0	0	0	0	0	0	0	0	0	0	0	0	0	0	0	0	0.819166450338778	0	0
0	0	0	0	0	0	0	0	0	0	0	0	0	0	0	0	0	0	0	0	0	0	0	0	0	0	0	0	0.738061215117509	0	0	0	0	0	0	0	0	0	0	0	0	0	0	0	0	0	0	0	0	0	0	0	0	0	0	0.77967255668935	0	0.782137242173088	0	0	0	0	0	0	0	0	0	0	0	0	0	0	0	0	0	0	0	0	0	0	0	0	0	0	0	0	0	0	0.76377258117068	0
0	0	0	0	0	0	0	0	0	0	0	0	0	0	0	0	0	0.860078072672381	0	0	0.856817219318871	0	0	0	0.932359933720035	0	0.9200896725049	0	0	0	0	0	0	0	0	0	0	0	0	0	0	0	0	0	0	0	0	0	0	0	0	0	0	0	0	0	0	0	0	0.916057473516328	0	0	0	0	0	0	0	0	0	0	0	0	0	0	0	0	0	0	0	0	0	0.900642994084285	0	0	0	0	0	0	0	0
0	0	0	0	0	0	0.883958693783582	0	0	0	0	0	0	0	0	0	0	0	0	0	0	0	0	0	0	0	0	0	0	0	0	0	0	0	0	0	0	0	0	0	0	0	0	0	0	0	0	0	0	0	0	0	0	0	0	0	0	0	0.938355751153644	0	0	0	0	0	0	0	0	0	0	0.879932968025024	0	0	0	0	0	0	0	0	0	0	0	0.900426656476429	0.983177317331134	0	0	0	0	0	0	0
0	0	0	0	0	0.883958693783582	0	0.811363448798332	0	0	0	0	0	0	0	0	0	0	0	0	0	0	0	0	0	0	0.951010399311701	0	0	0	0	0	0	0	0	0	0	0	0	0	0	0	0	0	0	0	0	0	0	0	0	0	0	0	0	0	0	0	0	0.916107226045007	0	0	0	0	0	0	0	0	0	0	0.891904890955384	0	0	0	0	0	0	0	0	0	0	0	0	0	0	0	0	0	0	0
0	0	0	0	0	0	0.811363448798332	0	0	0	0	0	0	0	0	0.641695028264091	0	0	0	0	0	0	0	0	0	0	0	0	0	0	0	0.900258665440768	0	0	0	0	0	0	0	0	0	0	0	0	0	0	0	0	0.605884105040866	0	0	0	0	0	0	0	0	0	0	0	0	0	0	0	0	0	0	0	0	0	0	0	0	0	0	0	0	0	0	0	0	0	0	0	0	0	0	0	0	0
0	0	0	0	0	0	0	0	0	0	0	0	0	0	0	0	0	0	0	0	0	0	0	0	0	0	0	0	0	0	0	0	0	0	0	0	0	0	0	0	0	0	0	0	0	0	0	0	0	0	0	0	0	0	0	0	0	0	0	0	0	0	0	0	0	0	0	0	0	0	0	0	0.824381253643352	0	0.973942910007558	0	0	0	0	0	0	0	0	0	0	0	0	0	0	0
0	0	0	0	0	0	0	0	0	0	0	0	0	0	0	0	0	0	0	0	0	0.994978798501302	0	0	0	0	0	0	0	0	0	0	0	0.706638183604879	0	0	0	0	0	0	0	0	0	0	0	0	0.723982001059833	0	0	0	0	0	0	0	0	0	0	0	0	0	0	0	0	0	0	0	0	0.87016216150771	0	0	0	0	0	0	0	0	0	0	0	0	0	0	0	0	0	0	0	0	0	0
0	0	0	0	0	0	0	0	0	0	0	0	0.972023285889493	0	0	0	0	0	0	0	0	0	0	0	0.839767557288972	0	0	0	0	0	0	0	0	0	0	0	0	0	0	0	0	0	0	0	0	0	0	0	0	0	0	0	0	0	0	0	0	0	0	0	0	0	0	0	0	0	0	0.804773817640041	0.758976382422139	0	0	0	0	0	0	0	0	0	0	0	0.802021765630401	0	0	0	0	0	0	0	0	0
0	0	0	0	0	0	0	0	0	0	0	0	0	0	0	0.844953960896792	0	0	0	0	0	0	0	0	0	0	0	0	0	0	0	0	0	0	0	0	0	0	0	0	0	0	0	0	0	0	0.928039784712576	0	0	0	0.976865710921758	0	0	0	0	0	0	0	0	0	0	0	0.913445075251447	0	0	0	0	0	0.883693669420783	0	0	0	0	0	0	0	0	0	0	0	0	0	0	0	0	0	0	0	0	0
0	0	0	0	0	0	0	0	0	0	0.972023285889493	0	0	0	0	0	0	0	0	0	0	0	0	0	0	0	0	0	0	0	0	0	0	0	0	0	0	0	0	0	0	0	0	0	0	0	0	0	0	0	0.915069990787226	0	0.765872521519649	0	0	0	0	0	0	0	0	0	0	0.674708746414219	0	0	0	0	0	0	0	0	0	0	0	0	0	0	0	0	0	0	0	0	0	0	0	0	0.965004871980165	0
0	0	0	0	0	0	0	0	0	0	0	0	0	0	0.649917101456238	0	0	0	0	0.8614492306604	0	0	0	0	0	0	0	0	0	0	0	0	0	0	0	0	0	0	0	0	0	0	0	0	0	0	0	0	0	0	0	0	0	0	0.915664132371059	0	0	0	0	0	0	0	0	0	0	0	0	0	0	0	0	0	0	0	0	0	0	0	0	0	0	0	0	0	0	0	0	0	0	0.720777908239739
0	0	0	0	0	0	0	0	0	0	0	0	0	0.649917101456238	0	0.57326963725612	0	0	0	0	0	0	0	0	0	0	0	0	0	0	0.596349411762416	0	0	0	0	0	0	0	0	0	0	0	0	0	0	0	0	0	0	0	0	0	0	0	0	0	0	0	0	0	0	0	0	0	0	0	0	0	0	0	0	0	0	0	0.936213302802735	0	0	0	0	0	0	0	0	0	0	0	0	0	0	0
0	0	0	0	0	0	0	0.641695028264091	0	0	0	0.844953960896792	0	0	0.57326963725612	0	0	0	0	0	0	0	0	0	0	0	0	0	0	0	0	0	0	0	0	0	0	0	0	0	0	0	0	0	0	0	0	0.956147610842624	0	0	0	0	0	0	0	0	0	0	0	0	0	0	0	0	0	0	0	0	0	0	0.959938189677709	0	0	0	0	0	0	0	0	0	0	0	0	0	0	0	0	0	0	0
0	0	0	0	0	0	0	0	0	0	0	0	0	0	0	0	0	0.996359440671443	0	0	0	0	0	0	0	0	0	0	0	0	0	0	0	0	0	0	0	0.816328724650414	0	0	0	0	0	0	0	0	0	0	0	0	0	0	0	0	0	0	0	0	0	0	0	0	0	0	0	0	0	0	0	0	0	0	0	0.725995041073557	0	0	0.994851940991571	0	0	0	0	0.815756103165617	0	0	0	0	0	0	0	0
0	0	0	0	0.860078072672381	0	0	0	0	0	0	0	0	0	0	0	0.996359440671443	0	0	0	0	0	0	0	0.624430587685054	0	0	0	0.776740878655195	0	0	0	0	0	0	0	0	0	0	0	0	0	0	0	0	0	0	0	0	0	0	0	0	0	0	0	0	0	0	0	0	0	0	0	0	0	0	0	0	0	0	0	0	0	0	0	0	0	0	0	0	0	0	0	0	0	0	0	0	0
0	0	0	0	0	0	0	0	0	0	0	0	0	0	0	0	0	0	0	0	0	0	0	0	0	0	0	0	0	0	0	0	0	0	0	0	0	0	0	0.914079018444754	0	0	0	0	0	0	0	0	0	0	0	0	0	0	0	0	0	0	0	0	0	0	0	0	0	0	0.583043950179363	0	0	0	0	0	0	0	0	0	0	0	0	0	0	0	0	0	0	0.906949064520066	0	0	0	0
0	0	0	0	0	0	0	0	0	0	0	0	0	0.8614492306604	0	0	0	0	0	0	0	0	0	0	0	0	0	0	0	0	0	0	0	0	0.75217159193707	0	0	0	0	0	0.60044488907347	0	0	0	0	0	0	0	0	0	0	0	0	0	0	0	0	0	0	0	0.921439468300034	0	0	0	0	0	0	0	0	0	0.824241724178512	0	0	0	0	0.91793989221872	0	0	0	0	0	0	0	0	0	0	0.68078569336628	0	0	0
0	0	0	0	0.856817219318871	0	0	0	0	0	0	0	0	0	0	0	0	0	0	0	0	0.814734226779453	0	0	0	0	0	0	0	0	0	0	0	0	0	0	0	0	0	0	0	0	0	0	0	0	0	0	0	0	0	0	0.820798488803569	0	0	0	0	0	0	0	0	0	0	0	0	0	0	0	0	0	0	0	0	0	0	0	0	0	0	0	0	0	0	0	0	0	0	0	0	0
0	0	0	0	0	0	0	0	0	0.994978798501302	0	0	0	0	0	0	0	0	0	0	0.814734226779453	0	0	0	0	0	0	0	0	0	0	0	0	0	0	0	0.631169089465315	0	0	0	0	0	0	0	0	0	0.672096775557791	0	0	0	0	0	0	0	0	0	0	0	0	0	0	0	0	0	0	0	0	0	0	0	0	0	0	0	0	0	0	0	0	0	0	0	0	0	0	0	0	0	0	0
0	0	0	0	0	0	0	0	0	0	0	0	0	0	0	0	0	0	0	0	0	0	0	0	0	0	0	0	0	0	0.768055495216554	0	0	0	0	0	0	0	0	0	0	0	0	0	0	0	0	0	0	0	0	0	0	0.911200317434523	0.993515568055269	0	0	0	0	0	0	0	0	0	0	0	0	0	0	0	0	0	0	0	0.915894676896257	0	0	0	0	0	0	0	0	0	0	0	0	0	0	0
0	0	0	0	0	0	0	0	0	0	0	0	0	0	0	0	0	0	0	0	0	0	0	0	0	0	0	0	0	0	0	0	0	0	0	0.784781360217625	0	0	0	0	0	0	0	0	0	0	0	0	0	0	0	0	0	0	0	0	0	0	0	0	0	0.977858207324799	0	0	0	0	0	0	0	0	0	0	0	0	0	0.605395763748261	0	0	0	0	0	0	0	0	0	0	0	0.816722715932908	0	0
0	0	0.742728051377153	0	0.932359933720035	0	0	0	0	0	0.839767557288972	0	0	0	0	0	0	0.624430587685054	0	0	0	0	0	0	0	0	0	0	0	0	0	0	0	0	0	0	0	0	0	0	0.978064005102853	0	0	0	0	0	0	0	0	0	0	0	0	0	0	0	0	0	0	0	0	0	0	0	0	0	0	0	0	0	0	0	0	0	0	0	0.852987083795524	0	0	0	0	0	0	0	0	0	0	0	0	0
0	0	0	0	0	0	0	0	0	0	0	0	0	0	0	0	0	0	0	0	0	0	0	0	0	0	0	0.81756282338227	0	0	0	0	0	0	0	0	0	0	0	0	0	0.833000076702794	0	0	0	0	0	0	0	0	0	0	0	0	0	0	0	0	0	0.797165736846343	0	0	0	0	0	0	0	0	0	0	0	0	0	0	0	0	0	0	0	0	0	0	0	0	0	0	0	0	0	0
0	0	0	0	0.9200896725049	0	0.951010399311701	0	0	0	0	0	0	0	0	0	0	0	0	0	0	0	0	0	0	0	0	0.858652765361849	0	0	0	0	0	0	0	0	0.977928273339862	0	0	0	0	0	0	0	0	0.758754244203014	0	0	0	0	0	0	0	0	0	0	0	0	0	0	0	0	0	0	0	0	0	0	0	0	0	0	0.977874420827796	0	0	0.915498502841062	0	0	0	0	0	0	0	0	0	0	0	0	0	0
0	0	0	0	0	0	0	0	0	0	0	0	0	0	0	0	0	0	0	0	0	0	0	0	0	0.81756282338227	0.858652765361849	0	0	0	0	0	0	0	0	0.655286815723576	0	0	0	0	0	0	0.956533388444274	0	0	0	0	0	0	0	0	0	0	0	0	0	0	0	0	0	0	0	0	0	0	0	0	0	0	0	0	0	0	0	0	0	0	0	0	0	0	0	0	0	0	0	0	0	0	0
0	0	0	0.738061215117509	0	0	0	0	0	0	0	0	0	0	0	0	0	0.776740878655195	0	0	0	0	0	0	0	0	0	0	0	0	0	0.871474033564234	0	0	0	0	0	0	0	0	0	0	0	0	0	0.682700587194069	0	0	0	0	0	0	0	0	0	0	0	0	0	0	0	0	0	0	0	0	0	0	0	0	0	0	0	0	0	0	0	0.914315622524628	0	0	0	0	0	0	0	0	0	0	0	0
0	0	0	0	0	0	0	0	0	0	0	0	0	0	0	0	0	0	0	0	0	0	0	0	0	0	0	0	0	0	0	0	0	0	0	0	0	0	0	0	0	0	0	0	0	0	0	0	0	0	0	0	0	0	0	0	0.991693898465104	0	0	0	0	0	0	0	0	0	0	0	0	0	0	0	0	0	0	0	0	0	0	0	0	0.86902400476728	0	0	0	0	0	0	0.790005712388961	0
0	0	0.621923604876556	0	0	0	0	0	0	0	0	0	0	0	0.596349411762416	0	0	0	0	0	0	0	0.768055495216554	0	0	0	0	0	0	0	0	0	0.712114796738876	0	0	0	0	0	0	0	0	0	0	0	0	0	0	0	0	0	0	0	0	0	0	0	0	0	0	0	0	0	0	0	0	0	0	0	0	0	0	0	0	0	0	0	0	0	0	0	0	0	0	0	0	0	0	0	0	0
0	0	0	0	0	0	0	0.900258665440768	0	0	0	0	0	0	0	0	0	0	0	0	0	0	0	0	0	0	0	0	0.871474033564234	0	0	0	0	0	0	0	0	0	0	0	0	0	0	0	0	0	0	0	0	0	0	0.718757873961365	0	0	0	0	0	0	0	0	0	0	0	0	0	0	0	0	0	0	0	0	0	0	0	0	0	0	0	0	0	0.697948125641593	0	0	0	0	0	0	0	0
0	0	0	0	0	0	0	0	0	0	0	0	0	0	0	0	0	0	0	0	0	0	0	0	0	0	0	0	0	0	0.712114796738876	0	0	0	0	0	0	0	0	0	0	0	0	0	0	0	0.71225371962796	0	0	0	0	0	0	0	0	0.990185257529506	0	0	0	0	0	0	0	0.695698113820235	0	0	0	0	0	0	0	0	0	0	0	0	0	0	0	0	0	0	0	0	0	0	0	0	0	0
0	0	0	0	0	0	0	0	0	0.706638183604879	0	0	0	0	0	0	0	0	0	0	0	0	0	0	0	0	0	0	0	0	0	0	0	0	0.84369698541782	0	0.777663776642681	0	0	0	0	0	0	0	0	0	0	0	0	0	0	0	0	0	0	0	0	0	0	0	0	0	0	0	0	0	0	0	0	0	0	0	0	0	0	0	0	0	0	0	0	0	0	0	0	0	0	0	0	0
0	0	0	0	0	0	0	0	0	0	0	0	0	0	0	0	0	0	0	0.75217159193707	0	0	0	0	0	0	0	0	0	0	0	0	0	0.84369698541782	0	0	0	0	0	0	0	0	0	0	0	0	0.642742659575328	0	0	0	0	0	0	0	0	0	0	0	0	0	0.690159158580699	0	0	0	0	0	0	0	0	0	0	0	0	0	0	0	0	0	0	0	0	0	0	0	0	0	0	0	0	0
0	0	0.632770782227456	0	0	0	0	0	0	0	0	0	0	0	0	0	0	0	0	0	0	0	0	0.784781360217625	0	0	0	0.655286815723576	0	0	0	0	0	0	0	0	0	0.937888930852528	0	0	0	0	0	0	0	0	0	0	0	0	0	0	0	0	0	0	0	0	0	0	0	0	0	0	0	0	0	0	0	0	0	0	0	0	0	0	0	0	0	0	0	0	0	0	0	0	0	0	0	0
0	0	0	0	0	0	0	0	0	0	0	0	0	0	0	0	0	0	0	0	0	0.631169089465315	0	0	0	0	0.977928273339862	0	0	0	0	0	0	0.777663776642681	0	0	0	0.709095158648889	0	0	0	0	0	0	0	0	0	0	0	0	0	0	0	0	0	0	0	0	0	0	0	0	0	0	0	0	0	0	0	0	0	0	0	0	0	0	0	0	0	0	0	0	0	0	0	0	0	0	0	0
0	0	0	0	0	0	0	0	0	0	0	0	0	0	0	0	0.816328724650414	0	0	0	0	0	0	0	0	0	0	0	0	0	0	0	0	0	0	0.937888930852528	0.709095158648889	0	0.802154042722428	0	0	0	0	0	0	0	0.686672749425814	0	0	0	0	0	0.929893985383536	0	0	0	0	0	0	0	0	0	0	0	0	0	0	0	0	0	0	0	0	0	0.883638115704224	0	0	0	0	0	0	0	0	0	0	0	0	0	0	0
0	0	0	0	0	0	0	0	0	0	0	0	0	0	0	0	0	0	0	0	0	0	0	0	0	0	0	0	0	0	0	0	0	0	0	0	0	0.802154042722428	0	0	0.841080083903549	0	0	0	0	0	0	0	0.855319925518257	0	0	0	0	0	0	0	0	0	0	0	0	0	0	0	0	0	0	0	0	0	0	0	0	0	0	0	0	0	0	0	0	0	0	0	0	0	0	0	0	0
0	0.580227278501293	0	0	0	0	0	0	0	0	0	0	0	0	0	0	0	0	0.914079018444754	0	0	0	0	0	0	0	0	0	0	0	0	0	0	0	0	0	0	0	0	0	0	0.958039315998479	0	0	0	0	0	0	0	0	0	0	0	0	0	0	0	0	0	0	0	0	0	0	0	0	0	0	0	0	0	0	0	0	0	0	0	0	0	0	0	0	0	0	0	0	0	0	0	0
0	0	0	0	0	0	0	0	0	0	0	0	0	0	0	0	0	0	0	0.60044488907347	0	0	0	0	0.978064005102853	0	0	0	0	0	0	0	0	0	0	0	0	0	0.841080083903549	0	0	0	0	0	0	0	0	0	0	0	0	0	0	0.89479478439349	0	0	0	0	0	0	0	0	0	0	0	0	0	0	0	0	0	0	0	0	0	0	0	0	0	0	0	0	0	0	0	0	0	0	0	0
0	0	0	0	0	0	0	0	0	0	0	0	0	0	0	0	0	0	0	0	0	0	0	0	0	0.833000076702794	0	0	0	0	0	0	0	0	0	0	0	0	0	0.958039315998479	0	0	0	0	0	0	0	0.653445507142209	0	0.813282093958446	0	0	0	0.611104732078266	0	0	0	0	0.686917385997051	0	0	0	0	0	0	0	0	0	0	0	0	0	0	0	0	0	0	0	0	0	0	0	0	0	0	0	0	0	0.890376833678706	0
0	0	0	0	0	0	0	0	0	0	0	0	0	0	0	0	0	0	0	0	0	0	0	0	0	0	0	0.956533388444274	0	0	0	0	0	0	0	0	0	0	0	0	0	0	0	0.93109584710865	0	0	0	0	0	0	0	0	0	0	0	0	0	0	0	0	0	0	0	0	0	0	0	0	0	0	0	0	0	0	0	0	0	0	0	0	0	0	0.90428481764945	0	0	0.823066457063617	0	0	0	0
0	0	0	0	0	0	0	0	0	0	0	0	0	0	0	0	0	0	0	0	0	0	0	0	0	0	0	0	0	0	0	0	0	0	0	0	0	0	0	0	0	0	0.93109584710865	0	0	0	0	0	0	0	0	0	0	0	0	0	0	0	0	0	0	0	0	0	0	0	0	0	0	0	0	0	0	0	0.760978613532171	0	0	0	0	0.935225432735787	0	0	0	0	0	0	0	0	0	0
0.709304893385465	0	0	0	0	0	0	0	0	0	0	0	0	0	0	0	0	0	0	0	0	0	0	0	0	0	0	0	0	0	0	0	0	0	0	0	0	0	0	0	0	0	0	0	0	0	0	0	0	0	0	0	0.880572024395896	0	0	0	0	0	0	0	0	0	0	0	0	0	0	0	0	0	0	0	0	0	0	0	0.847152714746731	0	0	0	0	0	0	0	0	0	0	0	0	0
0	0	0	0	0	0	0	0	0	0	0	0	0	0	0	0	0	0	0	0	0	0	0	0	0	0	0.758754244203014	0	0.682700587194069	0	0	0	0	0	0	0	0	0	0	0	0	0	0	0	0	0	0	0	0	0.641936098935632	0	0	0	0	0.97026414336843	0	0	0	0	0	0	0	0	0	0	0	0	0	0	0	0	0	0	0	0	0	0	0	0	0	0	0	0	0	0	0	0	0	0	0
0	0	0	0	0	0	0	0	0	0.723982001059833	0	0.928039784712576	0	0	0	0	0	0	0	0	0	0.672096775557791	0	0	0	0	0	0	0	0	0	0	0.71225371962796	0	0.642742659575328	0	0	0.686672749425814	0	0	0	0	0	0	0	0	0	0	0	0	0	0	0	0	0	0	0	0	0	0	0	0	0	0	0	0	0	0	0	0	0	0	0	0	0	0	0	0	0	0	0	0	0	0	0	0	0	0	0	0
0	0	0	0	0	0	0	0	0	0	0	0	0	0	0	0.956147610842624	0	0	0	0	0	0	0	0	0	0	0	0	0	0	0	0	0	0	0	0	0	0	0	0	0	0.653445507142209	0	0	0	0	0	0	0	0	0	0.849160268089883	0	0	0	0	0	0	0	0	0	0	0	0	0	0	0	0	0	0	0	0	0	0	0	0	0	0	0	0	0	0	0	0	0	0	0	0	0	0
0	0	0.997921378682425	0	0	0	0	0.605884105040866	0	0	0	0	0	0	0	0	0	0	0	0	0	0	0	0	0	0	0	0	0	0	0	0	0	0	0	0	0	0	0.855319925518257	0	0	0	0	0	0	0	0	0	0	0	0	0	0	0	0	0	0	0	0	0	0	0.923466845677422	0	0	0	0	0	0	0	0	0	0	0	0	0	0	0	0	0	0	0	0	0	0	0	0	0	0	0	0
0	0	0	0	0	0	0	0	0	0	0	0	0	0	0	0	0	0	0	0	0	0	0	0	0	0	0	0	0	0	0	0	0	0	0	0	0	0	0	0	0	0.813282093958446	0	0	0	0.641936098935632	0	0	0	0	0	0	0	0	0	0	0	0	0	0	0	0	0	0	0	0	0	0	0	0	0	0	0	0	0	0	0	0	0	0	0	0	0	0	0	0	0	0	0	0
0	0	0	0	0	0	0	0	0	0	0	0.976865710921758	0.915069990787226	0	0	0	0	0	0	0	0	0	0	0	0	0	0	0	0	0	0	0	0	0	0	0	0	0	0	0	0	0	0	0	0	0	0	0	0	0	0	0	0	0	0	0	0	0	0	0	0	0	0	0	0	0	0	0	0	0	0	0	0	0	0	0	0	0	0	0	0	0	0	0	0	0	0	0	0	0
0	0	0	0	0	0	0	0	0	0	0	0	0	0	0	0	0	0	0	0	0	0	0	0	0	0	0	0	0	0	0	0.718757873961365	0	0	0	0	0	0	0	0	0	0	0	0	0	0	0	0.849160268089883	0	0	0	0	0	0	0	0	0	0	0	0	0	0	0	0	0	0	0	0	0	0	0	0	0	0.874580529788922	0	0	0	0	0	0	0	0	0	0	0	0	0	0	0	0
0	0.793511407566753	0	0	0	0	0	0	0	0	0	0	0.765872521519649	0	0	0	0	0	0	0	0.820798488803569	0	0	0	0	0	0	0	0	0	0	0	0	0	0	0	0	0.929893985383536	0	0	0	0	0	0	0.880572024395896	0	0	0	0	0	0	0	0	0	0	0	0	0	0.763017771498909	0	0	0	0	0.703348475119367	0	0	0.947578659618616	0	0	0	0	0	0	0	0	0	0	0	0	0	0	0	0	0	0	0	0	0	0	0
0	0	0	0	0	0	0	0	0	0	0	0	0	0	0	0	0	0	0	0	0	0	0.911200317434523	0	0	0	0	0	0	0	0	0	0	0	0	0	0	0	0	0	0.89479478439349	0.611104732078266	0	0	0	0	0	0	0	0	0	0	0	0	0.885882257076374	0	0	0	0	0	0	0	0	0	0	0	0.868395073937457	0	0	0	0	0	0	0	0	0	0	0	0	0	0	0	0	0	0	0	0	0	0	0
0	0	0	0	0	0	0	0	0	0	0	0	0	0.915664132371059	0	0	0	0	0	0	0	0	0.993515568055269	0	0	0	0	0	0	0	0	0	0	0	0	0	0	0	0	0	0	0	0	0	0	0.97026414336843	0	0	0	0	0	0	0	0.885882257076374	0	0	0	0	0	0	0	0	0	0	0	0	0	0	0	0	0	0	0	0	0	0	0	0	0	0	0	0	0	0.621176268572214	0	0	0	0	0	0
0.92938637942639	0	0	0.77967255668935	0	0	0	0	0	0	0	0	0	0	0	0	0	0	0	0	0	0	0	0	0	0	0	0	0	0	0	0	0.990185257529506	0	0	0	0	0	0	0	0	0	0	0	0	0	0	0	0	0	0	0	0	0	0	0	0	0	0	0	0	0	0.842917846326704	0	0	0	0	0	0	0	0	0	0	0	0	0	0	0	0	0	0	0	0	0	0	0	0	0	0	0
0	0	0	0	0	0	0	0	0	0	0	0	0	0	0	0	0	0	0	0	0	0	0	0	0	0	0	0	0	0.991693898465104	0	0	0	0	0	0	0	0	0	0	0	0	0	0	0	0	0	0	0	0	0	0	0	0	0	0	0	0	0	0	0	0	0	0	0.815188992460056	0	0	0	0	0	0	0	0	0	0	0	0	0	0	0	0	0	0	0	0	0.726582669180679	0.982872590007351	0	0	0
0	0	0	0.782137242173088	0	0	0	0	0	0	0	0	0	0	0	0	0	0	0	0	0	0	0	0	0	0	0	0	0	0	0	0	0	0	0	0	0	0	0	0	0	0	0	0	0	0	0	0	0	0	0	0	0	0	0	0	0	0	0	0	0	0	0	0	0	0	0	0	0	0	0	0.927637040288061	0	0	0	0	0	0	0	0	0	0	0	0	0	0	0	0	0	0
0	0	0	0	0	0.938355751153644	0	0	0	0	0	0	0	0	0	0	0	0	0	0	0	0	0	0	0	0	0	0	0	0	0	0	0	0	0	0	0	0	0	0	0	0.686917385997051	0	0	0	0	0	0	0	0	0	0	0.763017771498909	0	0	0	0	0	0	0	0	0	0	0	0	0	0	0	0	0	0	0	0	0	0	0	0	0	0	0	0	0	0	0	0	0	0.912882247364512	0	0	0
0	0	0	0	0.916057473516328	0	0.916107226045007	0	0	0	0	0	0	0	0	0	0	0	0	0	0	0	0	0	0	0.797165736846343	0	0	0	0	0	0	0	0	0	0	0	0	0	0	0	0	0	0	0	0	0	0	0	0	0	0	0	0	0	0	0	0	0	0	0	0	0	0	0	0	0	0	0	0	0	0	0	0	0	0	0	0	0	0	0	0	0	0	0	0	0	0	0	0
0	0	0	0	0	0	0	0	0	0	0	0	0	0	0	0	0	0	0	0.921439468300034	0	0	0	0	0	0	0	0	0	0	0	0	0	0	0.690159158580699	0	0	0	0	0	0	0	0	0	0	0	0	0	0	0	0	0	0	0	0	0	0	0	0	0	0	0	0	0	0	0	0	0	0	0	0	0	0	0	0	0	0	0	0	0	0.916777859453977	0	0	0	0	0	0	0	0	0
0	0	0	0	0	0	0	0	0	0	0	0	0	0	0	0	0	0	0	0	0	0	0	0.977858207324799	0	0	0	0	0	0	0	0	0	0	0	0	0	0	0	0	0	0	0	0	0	0	0	0	0.923466845677422	0	0	0	0	0	0	0	0	0	0	0	0	0	0.932727724224937	0.794841062396114	0	0	0	0	0	0	0	0	0	0	0	0	0	0	0	0	0	0	0	0	0	0	0	0	0	0
0.872465175918576	0	0	0	0	0	0	0	0	0	0	0.913445075251447	0	0	0	0	0	0	0	0	0	0	0	0	0	0	0	0	0	0	0	0	0	0	0	0	0	0	0	0	0	0	0	0	0	0	0	0	0	0	0	0	0	0	0	0.842917846326704	0	0	0	0	0	0.932727724224937	0	0	0	0	0	0	0	0	0	0	0	0	0	0	0	0	0.766468944674809	0	0	0	0	0	0	0	0	0	0	0
0.714612888399873	0	0	0	0	0	0	0	0	0	0	0	0.674708746414219	0	0	0	0	0	0	0	0	0	0	0	0	0	0	0	0	0	0	0	0.695698113820235	0	0	0	0	0	0	0	0	0	0	0	0	0	0	0	0	0	0	0	0.703348475119367	0	0	0	0	0	0	0	0	0.794841062396114	0	0	0	0	0	0	0	0	0	0	0	0	0	0	0	0	0	0	0	0	0	0	0	0	0	0	0	0
0	0	0	0	0	0	0	0	0	0	0	0	0	0	0	0	0	0	0	0	0	0	0	0	0	0	0	0	0	0	0	0	0	0	0	0	0	0	0	0	0	0	0	0	0	0	0	0	0	0	0	0	0	0	0	0	0.815188992460056	0	0	0	0	0	0	0	0	0	0	0	0	0	0	0	0	0	0	0	0	0	0	0	0.987885675190473	0	0	0	0	0	0	0	0.960152353678723	0
0	0	0	0	0	0	0	0	0	0	0	0	0	0	0	0	0	0	0	0	0	0	0	0	0	0	0	0	0	0	0	0	0	0	0	0	0	0	0	0	0	0	0	0	0	0	0	0	0	0	0	0	0	0	0	0	0	0	0	0	0	0	0	0	0	0	0	0	0	0	0	0	0	0.815703314784616	0	0	0	0.585643683712643	0	0	0	0	0.913691040655761	0	0.680409882919601	0	0	0	0	0
0	0	0	0	0	0	0	0	0	0	0	0	0	0	0	0	0	0	0.583043950179363	0	0	0	0	0	0	0	0	0	0	0	0	0	0	0	0	0	0	0	0	0	0	0	0	0	0	0	0	0	0	0	0	0	0.947578659618616	0.868395073937457	0	0	0	0	0	0	0	0	0	0	0	0	0	0	0	0.969462665905838	0	0	0	0	0	0	0	0	0	0	0	0	0	0	0	0	0.84807310856549	0	0	0
0	0	0	0	0	0	0	0	0	0.87016216150771	0.804773817640041	0	0	0	0	0	0	0	0	0	0	0	0	0	0	0	0	0	0	0	0	0	0	0	0	0	0	0	0	0	0	0	0	0	0	0	0	0	0	0	0	0	0	0	0	0	0	0	0	0	0	0	0	0	0	0	0	0	0	0	0	0	0	0	0	0	0	0	0	0	0	0	0.915706825599022	0	0	0	0	0	0	0
0	0	0	0	0	0	0	0	0	0	0.758976382422139	0.883693669420783	0	0	0	0	0	0	0	0	0	0	0	0	0	0	0	0	0	0	0	0	0	0	0	0	0	0	0	0	0	0	0	0	0	0	0	0	0	0	0	0	0	0	0	0	0	0	0	0	0	0	0	0	0	0	0	0	0	0	0	0	0	0	0	0	0	0	0	0	0	0	0	0	0	0	0	0	0	0
0	0	0	0	0	0.879932968025024	0	0	0	0	0	0	0	0	0	0	0	0	0	0	0	0	0	0	0	0	0	0	0	0	0	0	0	0	0	0	0	0	0	0	0	0	0	0	0	0	0	0	0	0	0	0	0	0	0	0	0	0	0	0	0	0	0	0	0	0	0.969462665905838	0	0	0	0	0	0	0	0	0	0	0	0	0	0	0	0	0	0	0	0	0	0	0
0	0	0	0	0	0	0.891904890955384	0	0	0	0	0	0	0	0	0.959938189677709	0	0	0	0.824241724178512	0	0	0	0	0	0	0	0	0	0	0	0	0	0	0	0	0	0	0	0	0	0	0	0	0	0	0	0	0	0	0	0	0	0	0	0	0	0	0	0	0	0	0	0	0	0	0	0	0	0	0	0	0	0	0	0	0	0	0	0	0	0	0	0	0	0	0	0	0	0
0	0	0	0	0	0	0	0	0	0	0	0	0	0	0	0	0	0	0	0	0	0	0	0	0	0	0	0	0	0	0	0	0	0	0	0	0	0	0	0	0	0	0	0	0	0	0	0	0	0	0	0	0	0	0	0	0	0.927637040288061	0	0	0	0	0	0	0	0	0	0	0	0	0	0	0	0.987253361642562	0	0	0	0	0	0	0	0	0	0	0	0	0	0	0	0.879762672608267
0	0	0	0	0	0	0	0	0.824381253643352	0	0	0	0	0	0	0	0	0	0	0	0	0	0	0	0	0	0.977874420827796	0	0	0	0	0	0	0	0	0	0	0	0	0	0	0	0	0	0	0	0	0	0	0	0	0	0	0	0	0	0	0	0	0	0	0	0	0	0	0	0	0	0	0	0	0	0	0	0	0	0.568816652866816	0	0	0	0	0	0	0	0	0	0	0	0	0
0	0	0	0	0	0	0	0	0	0	0	0	0	0	0	0	0.725995041073557	0	0	0	0	0	0	0	0	0	0	0	0	0	0	0	0	0	0	0	0	0	0	0	0	0	0	0	0	0	0	0	0	0	0	0.874580529788922	0	0	0	0	0	0	0	0	0	0	0	0	0	0.815703314784616	0	0	0	0	0	0.987253361642562	0	0	0	0	0	0	0	0	0	0	0	0	0	0	0	0	0	0
0	0	0	0	0	0	0	0	0.973942910007558	0	0	0	0	0	0.936213302802735	0	0	0	0	0	0	0	0.915894676896257	0	0	0	0	0	0	0	0	0	0	0	0	0	0	0.883638115704224	0	0	0	0	0	0.760978613532171	0	0	0	0	0	0	0	0	0	0	0	0	0	0	0	0	0	0	0	0	0	0	0	0	0	0	0	0	0	0	0	0	0	0	0	0	0	0	0	0	0	0	0	0	0	0
0	0	0	0	0	0	0	0	0	0	0	0	0	0	0	0	0	0	0	0.91793989221872	0	0	0	0.605395763748261	0	0	0.915498502841062	0	0	0	0	0	0	0	0	0	0	0	0	0	0	0	0	0	0	0	0	0	0	0	0	0	0	0	0	0	0	0	0	0	0	0	0	0	0	0	0	0	0	0	0	0	0	0	0	0	0	0	0	0	0	0	0	0	0	0	0	0	0	0
0	0	0	0	0	0	0	0	0	0	0	0	0	0	0	0	0.994851940991571	0	0	0	0	0	0	0	0.852987083795524	0	0	0	0	0	0	0	0	0	0	0	0	0	0	0	0	0	0	0	0.847152714746731	0	0	0	0	0	0	0	0	0	0	0	0	0	0	0	0	0	0	0	0	0	0	0	0	0	0	0	0.568816652866816	0	0	0	0	0	0	0	0	0	0	0	0	0	0	0	0	0
0	0	0	0	0	0	0	0	0	0	0	0	0	0	0	0	0	0	0	0	0	0	0	0	0	0	0	0	0.914315622524628	0	0	0	0	0	0	0	0	0	0	0	0	0	0	0	0	0	0	0	0	0	0	0	0	0	0	0	0	0	0	0	0	0	0	0	0	0.585643683712643	0	0	0	0	0	0	0	0	0	0	0	0	0	0.792310843310629	0	0	0	0	0	0	0	0	0	0
0	0	0	0	0	0	0	0	0	0	0	0	0	0	0	0	0	0	0	0	0	0	0	0	0	0	0	0	0	0	0	0	0	0	0	0	0	0	0	0	0	0	0	0	0	0	0	0	0	0	0	0	0	0	0	0	0	0	0	0	0	0	0.766468944674809	0	0	0	0	0	0	0	0	0	0	0	0	0	0	0	0	0	0	0	0	0	0.966028505190392	0	0	0	0	0
0	0	0	0	0	0	0	0	0	0	0	0	0	0	0	0	0	0	0	0	0	0	0	0	0	0	0	0	0	0	0	0	0	0	0	0	0	0	0	0	0	0	0	0.935225432735787	0	0	0	0	0	0	0	0	0	0	0	0	0	0	0	0	0	0	0	0	0	0	0	0	0	0	0	0	0	0	0	0	0	0.792310843310629	0	0	0.889819517743543	0	0	0	0	0	0	0	0	0
0	0	0	0	0	0	0	0	0	0	0.802021765630401	0	0	0	0	0	0	0	0	0	0	0	0	0	0	0	0	0	0	0	0	0	0	0	0	0	0	0	0	0	0	0	0	0	0	0	0	0	0	0	0	0	0	0	0	0	0	0	0	0	0.916777859453977	0	0	0	0.987885675190473	0	0	0	0	0	0	0	0	0	0	0	0	0	0	0.889819517743543	0	0	0	0	0	0	0	0	0	0
0	0	0	0	0.900642994084285	0.900426656476429	0	0	0	0	0	0	0	0	0	0	0.815756103165617	0	0	0	0	0	0	0	0	0	0	0	0	0.86902400476728	0	0.697948125641593	0	0	0	0	0	0	0	0	0	0	0	0	0	0	0	0	0	0	0	0	0	0	0	0	0	0	0	0	0	0	0	0	0	0	0	0	0	0	0	0	0	0	0	0	0	0	0	0	0	0	0	0	0	0	0	0	0	0
0	0	0	0	0	0.983177317331134	0	0	0	0	0	0	0	0	0	0	0	0	0	0	0	0	0	0	0	0	0	0	0	0	0	0	0	0	0	0	0	0	0	0	0	0	0.90428481764945	0	0	0	0	0	0	0	0	0	0	0	0	0	0	0	0	0	0	0	0	0	0	0.913691040655761	0	0.915706825599022	0	0	0	0	0	0	0	0	0	0	0	0	0	0	0	0	0	0	0	0	0	0
0	0	0	0	0	0	0	0	0	0	0	0	0	0	0	0	0	0	0	0	0	0	0	0	0	0	0	0	0	0	0	0	0	0	0	0	0	0	0	0	0	0	0	0	0	0	0	0	0	0	0	0	0	0	0.621176268572214	0	0	0	0	0	0	0	0	0	0	0	0	0	0	0	0	0	0	0	0	0	0	0	0	0	0	0	0	0	0	0	0	0	0.938951389615427	0
0	0	0	0	0	0	0	0	0	0	0	0	0	0	0	0	0	0	0	0	0	0	0	0	0	0	0	0	0	0	0	0	0	0	0	0	0	0	0	0	0	0	0	0	0	0	0	0	0	0	0	0	0	0	0	0	0	0	0	0	0	0	0	0	0	0.680409882919601	0	0	0	0	0	0	0	0	0	0	0	0	0.966028505190392	0	0	0	0	0	0	0	0.656381866359898	0	0	0.63659363406706
0	0	0	0	0	0	0	0	0	0	0	0	0	0	0	0	0	0	0.906949064520066	0	0	0	0	0	0	0	0	0	0	0	0	0	0	0	0	0	0	0	0	0	0	0	0.823066457063617	0	0	0	0	0	0	0	0	0	0	0	0	0	0.726582669180679	0	0	0	0	0	0	0	0	0	0	0	0	0	0	0	0	0	0	0	0	0	0	0	0	0	0	0	0	0	0	0	0	0
0	0	0	0	0	0	0	0	0	0	0	0	0	0	0	0	0	0	0	0.68078569336628	0	0	0	0	0	0	0	0	0	0	0	0	0	0	0	0	0	0	0	0	0	0	0	0	0	0	0	0	0	0	0	0	0	0	0	0	0.982872590007351	0	0.912882247364512	0	0	0	0	0	0	0	0.84807310856549	0	0	0	0	0	0	0	0	0	0	0	0	0	0	0	0	0	0.656381866359898	0	0	0	0	0
0	0	0.819166450338778	0	0	0	0	0	0	0	0	0	0	0	0	0	0	0	0	0	0	0	0	0.816722715932908	0	0	0	0	0	0	0	0	0	0	0	0	0	0	0	0	0	0	0	0	0	0	0	0	0	0	0	0	0	0	0	0	0	0	0	0	0	0	0	0	0	0	0	0	0	0	0	0	0	0	0	0	0	0	0	0	0	0	0	0	0	0	0	0	0	0
0	0	0	0.76377258117068	0	0	0	0	0	0	0	0	0.965004871980165	0	0	0	0	0	0	0	0	0	0	0	0	0	0	0	0	0.790005712388961	0	0	0	0	0	0	0	0	0	0	0	0.890376833678706	0	0	0	0	0	0	0	0	0	0	0	0	0	0	0	0	0	0	0	0	0	0	0.960152353678723	0	0	0	0	0	0	0	0	0	0	0	0	0	0	0	0	0	0	0.938951389615427	0	0	0	0	0	0
0	0	0	0	0	0	0	0	0	0	0	0	0	0.720777908239739	0	0	0	0	0	0	0	0	0	0	0	0	0	0	0	0	0	0	0	0	0	0	0	0	0	0	0	0	0	0	0	0	0	0	0	0	0	0	0	0	0	0	0	0	0	0	0	0	0	0	0	0	0	0	0	0	0	0.879762672608267	0	0	0	0	0	0	0	0	0	0	0	0	0.63659363406706	0	0	0	0	0
