0	0	0.649660384488062	0	0	0	0	0	0	0	0	0	0	0	0	0.970814046349853	0	0	0	0	0	0	0	0	0	0	0	0	0	0	0	0	0	0	0	0	0	0	0	0	0	0	0	0	0	0	0	0	0	0	0	0	0	0	0	0	0	0	0	0	0	0	0	0	0	0	0	0	0	0	0	0	0	0	0	0	0	0	0	0	0	0	0	0	0	0	0	0	0	0
0	0	0	0	0	0	0	0	0	0	0	0	0	0	0	0	0	0	0	0	0	0	0	0	0	0	0	0	0	0	0	0.592067143565847	0	0.892659519475639	0	0	0	0	0	0	0	0	0	0	0	0	0	0	0	0	0.967274179099977	0	0	0.933506645273842	0	0	0	0	0	0	0	0	0	0	0	0	0	0	0	0	0	0	0	0	0	0	0	0	0	0	0	0	0	0	0	0	0	0	0	0
0.649660384488062	0	0	0	0.784505971046892	0	0	0	0	0	0	0	0	0	0	0	0	0	0	0	0	0	0	0	0.921383347402965	0	0	0	0	0	0	0	0	0	0	0.941236875576666	0	0	0	0	0	0	0	0	0	0	0	0	0.907293973458441	0	0	0	0	0	0	0	0	0	0.923740307994062	0	0	0	0	0	0	0	0	0	0	0	0	0	0	0	0	0	0	0	0	0	0	0	0	0	0	0	0	0	0	0
0	0	0	0	0.933530896131536	0	0	0	0.882255710508236	0	0	0	0	0	0	0	0	0	0	0	0	0	0	0	0	0	0	0	0	0	0	0	0	0	0	0	0	0	0	0	0	0	0	0	0	0	0	0	0	0	0	0	0	0	0	0	0	0	0	0	0	0.955657678962121	0	0	0	0	0	0	0	0	0.629681374493229	0	0	0	0	0	0	0	0	0	0	0	0	0	0	0	0	0	0	0
0	0	0.784505971046892	0.933530896131536	0	0	0.769042621512786	0	0	0	0	0	0	0	0	0	0	0	0	0	0	0	0	0	0	0	0	0	0	0	0	0	0	0	0	0	0	0	0	0	0	0	0	0	0	0	0	0	0	0.821790826550972	0	0	0	0	0	0	0	0	0	0	0	0	0	0	0	0	0	0	0	0	0	0	0	0	0	0	0	0	0	0	0	0	0	0	0	0	0	0	0	0
0	0	0	0	0	0	0	0	0	0	0	0	0	0	0	0.668121063115051	0	0	0	0	0	0	0	0	0	0	0	0	0	0	0	0	0	0	0	0	0.667205357648066	0	0	0.981364230618434	0	0	0	0	0	0	0	0	0	0	0	0	0	0	0	0	0	0	0	0	0	0	0	0	0	0	0	0	0	0	0	0	0	0	0	0	0	0	0	0	0	0	0	0	0	0	0	0.899590623479321	0	0
0	0	0	0	0.769042621512786	0	0	0	0	0	0.808415772087854	0	0	0	0	0	0	0	0	0	0	0	0	0	0	0	0	0	0	0	0	0	0	0	0	0	0	0	0	0	0.895081087125173	0	0	0	0	0	0	0.748053994382396	0	0	0	0	0	0	0	0	0	0	0	0	0	0	0	0	0	0	0	0	0	0	0	0	0	0	0	0	0	0	0	0	0	0	0	0	0	0	0	0	0	0
0	0	0	0	0	0	0	0	0	0	0	0	0	0	0	0	0	0	0	0	0	0	0	0	0	0	0	0	0	0	0	0	0	0	0	0	0	0	0	0	0	0	0	0	0	0	0	0	0	0	0	0	0	0	0	0	0	0	0	0	0.967032782341048	0	0.942969754276963	0	0.906795956022246	0	0	0	0	0	0	0	0	0	0	0	0	0	0	0	0	0	0	0	0	0	0	0	0	0
0	0	0	0.882255710508236	0	0	0	0	0	0	0	0	0	0	0	0	0	0	0.666382829753444	0	0	0	0	0	0.539868567226607	0	0	0	0	0	0	0	0	0	0	0	0	0	0	0	0	0	0	0	0	0	0	0	0	0	0	0	0	0	0	0	0	0	0	0	0	0	0	0	0	0	0	0	0	0	0	0	0	0	0	0	0	0	0	0	0	0	0	0	0	0	0.956924372286031	0	0	0
0	0	0	0	0	0	0	0	0	0	0	0	0	0	0	0	0	0	0.614193054255252	0	0.877554968054467	0	0	0	0	0	0	0	0	0	0	0	0	0	0	0	0	0	0	0	0	0	0	0	0	0	0	0	0	0	0	0	0	0	0	0	0	0	0.948942408129782	0	0	0	0	0	0	0	0	0	0	0	0	0	0	0	0	0	0	0	0	0	0	0	0	0	0	0	0	0	0	0
0	0	0	0	0	0	0.808415772087854	0	0	0	0	0	0	0	0	0.882663582806613	0	0	0	0	0	0	0	0	0	0	0	0	0	0	0	0	0	0	0	0	0	0	0	0	0	0	0	0	0	0	0	0	0	0	0	0	0	0	0	0	0	0	0	0	0	0	0	0	0.966295519419158	0	0	0	0	0	0	0	0	0	0	0	0	0	0	0	0	0	0	0	0	0	0	0	0	0
0	0	0	0	0	0	0	0	0	0	0	0	0.95919001100943	0	0	0	0	0	0	0	0	0	0	0	0	0	0	0.699588880489014	0	0	0	0	0	0	0	0	0	0	0	0	0	0	0	0	0	0	0	0	0	0	0	0	0	0	0	0	0	0	0	0	0	0	0	0	0	0	0	0	0	0	0	0	0	0	0	0	0	0	0	0	0	0	0	0.574108424543886	0	0	0	0	0	0
0	0	0	0	0	0	0	0	0	0	0	0.95919001100943	0	0	0	0	0	0	0	0	0	0.991745626113178	0	0	0	0	0	0	0	0	0	0	0	0	0	0	0	0	0	0.575222685390353	0	0	0	0	0	0	0.898035370831169	0	0	0	0.895468535281713	0	0.905258115645566	0	0	0	0	0	0	0	0	0	0	0	0	0	0	0	0	0	0	0	0	0	0	0	0	0	0	0	0	0	0	0	0	0	0	0	0	0
0	0	0	0	0	0	0	0	0	0	0	0	0	0	0	0	0	0	0	0	0	0	0	0	0	0	0	0	0	0	0	0	0	0	0	0	0	0	0	0	0	0	0	0	0	0	0	0	0	0	0	0	0	0	0	0	0	0	0	0	0	0	0	0	0	0	0.917195540114734	0	0	0	0	0	0	0	0	0	0	0.926671925730611	0	0	0.860935322359053	0	0	0	0	0	0	0	0	0
0	0	0	0	0	0	0	0	0	0	0	0	0	0	0	0	0	0	0	0	0	0	0	0	0	0	0	0	0	0	0	0	0	0	0	0	0	0	0	0	0	0	0	0	0	0	0	0	0	0	0	0	0	0	0	0	0	0	0	0	0	0	0	0	0	0	0	0	0.930698425402976	0	0	0	0	0	0	0	0	0	0	0	0.66085694587366	0	0	0	0	0	0	0	0	0
0.970814046349853	0	0	0	0	0.668121063115051	0	0	0	0	0.882663582806613	0	0	0	0	0	0	0	0	0	0	0	0	0	0	0	0	0	0	0	0	0	0	0	0	0	0	0	0	0	0	0	0	0	0	0	0	0	0	0	0	0	0	0.937557516688264	0	0	0	0	0	0	0	0	0	0	0	0	0	0	0	0	0	0	0	0	0	0	0	0	0.722838967719425	0	0	0.957042281443042	0	0	0	0	0	0	0	0
0	0	0	0	0	0	0	0	0	0	0	0	0	0	0	0	0	0.926022399202786	0	0.944780028196359	0	0	0	0	0	0	0	0	0	0	0	0	0	0	0	0	0	0	0	0	0	0	0	0	0	0	0	0	0	0	0	0	0	0	0	0	0	0	0	0	0	0	0	0.720374797523156	0	0	0	0	0	0	0	0	0	0	0	0	0	0	0	0	0	0	0	0	0	0	0	0	0	0
0	0	0	0	0	0	0	0	0	0	0	0	0	0	0	0	0.926022399202786	0	0.556826830875699	0.638621229233237	0	0	0	0	0	0	0	0	0	0	0	0	0	0	0	0	0	0	0	0	0	0	0	0	0	0	0	0	0	0	0	0	0	0	0	0	0	0	0	0	0	0	0	0	0	0	0	0	0	0	0	0	0	0	0	0	0	0	0	0	0	0	0	0	0	0	0	0	0	0
0	0	0	0	0	0	0	0	0.666382829753444	0.614193054255252	0	0	0	0	0	0	0	0.556826830875699	0	0	0	0	0.749567234195898	0	0	0	0	0	0	0	0	0	0	0	0	0	0	0	0	0	0	0	0	0	0	0	0	0	0	0	0	0	0	0	0	0	0	0	0	0	0	0	0	0	0	0	0	0	0	0	0	0	0	0	0	0	0	0	0	0	0	0	0	0	0	0	0	0	0	0
0	0	0	0	0	0	0	0	0	0	0	0	0	0	0	0	0.944780028196359	0.638621229233237	0	0	0	0	0	0	0	0	0	0	0	0	0	0	0	0	0	0	0	0	0	0	0	0	0	0	0	0	0	0	0	0	0	0	0	0.578985778111193	0	0	0	0	0	0	0	0	0	0	0	0	0	0.971879310512007	0	0	0	0	0	0	0	0	0	0	0	0	0	0	0	0	0	0	0	0	0	0
0	0	0	0	0	0	0	0	0	0.877554968054467	0	0	0	0	0	0	0	0	0	0	0	0	0.814779302867409	0	0	0	0	0	0	0	0	0	0	0	0	0	0	0	0	0	0	0	0	0	0	0	0	0	0	0	0	0	0	0	0	0	0	0	0	0	0	0	0	0	0	0	0	0	0	0	0	0	0	0	0	0	0	0	0	0	0	0	0	0	0	0	0	0	0	0
0	0	0	0	0	0	0	0	0	0	0	0	0.991745626113178	0	0	0	0	0	0	0	0	0	0	0	0	0	0	0	0	0	0	0	0	0	0	0	0	0	0	0	0	0	0	0	0	0	0	0	0	0	0	0	0	0	0	0	0	0	0	0	0	0	0	0	0	0	0	0	0	0	0	0	0	0	0	0.723481389189486	0	0	0	0	0	0	0	0	0	0	0	0	0	0
0	0	0	0	0	0	0	0	0	0	0	0	0	0	0	0	0	0	0.749567234195898	0	0.814779302867409	0	0	0	0	0	0	0	0	0	0	0	0	0.719765403698979	0.901497606514313	0	0	0	0	0	0	0	0	0	0	0	0	0	0	0	0	0	0	0	0	0.87579382256211	0	0	0	0	0	0	0	0	0	0	0	0	0	0	0	0	0	0	0	0	0.98311988932896	0	0.849737755112773	0	0	0	0	0	0	0	0	0	0	0
0	0	0	0	0	0	0	0	0	0	0	0	0	0	0	0	0	0	0	0	0	0	0	0	0.941537090266874	0	0	0	0	0	0	0	0	0	0.983270332202372	0	0	0	0.933606859550762	0	0	0	0	0	0	0	0	0	0	0	0	0	0	0	0	0	0	0	0	0	0	0	0	0	0	0	0	0	0	0	0.98158649439655	0	0	0	0	0	0	0	0	0	0	0	0	0	0	0	0	0	0	0
0	0	0.921383347402965	0	0	0	0	0	0.539868567226607	0	0	0	0	0	0	0	0	0	0	0	0	0	0	0.941537090266874	0	0	0	0	0	0	0	0	0	0	0	0	0	0	0	0	0	0	0	0	0	0	0	0	0	0	0	0	0	0	0	0	0	0	0	0	0	0	0	0	0	0.945473034906964	0	0	0	0	0	0	0	0	0	0	0	0	0	0	0	0	0	0	0.992481129174937	0	0	0	0	0
0	0	0	0	0	0	0	0	0	0	0	0	0	0	0	0	0	0	0	0	0	0	0	0	0	0	0	0	0	0	0	0	0	0	0	0	0	0	0	0	0	0	0	0	0	0	0	0	0	0	0	0	0	0	0	0	0	0	0	0	0	0	0	0	0	0	0	0	0	0	0	0	0	0	0	0	0	0	0	0	0.939065616287798	0	0.950212115568968	0	0	0	0	0	0	0
0	0	0	0	0	0	0	0	0	0	0	0	0	0	0	0	0	0	0	0	0	0	0	0	0	0	0	0	0	0	0.93041095200011	0	0	0	0	0	0	0	0	0	0	0.977921125315456	0	0.834987809815918	0	0	0	0	0	0	0	0	0	0	0	0	0	0	0	0	0	0	0	0	0	0	0	0	0.983912069915088	0	0	0.843084733193026	0	0	0	0	0	0	0	0	0	0	0	0	0	0	0	0	0	0
0	0	0	0	0	0	0	0	0	0	0	0.699588880489014	0	0	0	0	0	0	0	0	0	0	0	0	0	0	0	0	0.930359018714001	0	0	0	0	0	0	0	0	0	0	0	0	0	0	0	0	0	0	0	0	0	0	0	0	0	0	0	0	0	0	0	0	0	0	0	0	0	0	0	0	0	0	0	0	0	0	0	0	0	0	0	0	0	0	0	0	0.973666106411078	0	0	0	0
0	0	0	0	0	0	0	0	0	0	0	0	0	0	0	0	0	0	0	0	0	0	0	0	0	0	0	0.930359018714001	0	0.763748040076537	0	0	0	0	0	0	0	0	0	0	0	0	0	0	0	0	0	0	0	0	0	0	0	0	0	0	0	0	0	0	0.98578313502268	0	0	0	0	0	0	0.737504211330857	0	0	0	0	0	0	0	0	0	0	0	0	0	0	0	0	0	0	0	0	0	0.910092543709212
0	0	0	0	0	0	0	0	0	0	0	0	0	0	0	0	0	0	0	0	0	0	0	0	0	0	0	0	0.763748040076537	0	0	0	0	0	0	0	0	0	0	0	0	0	0	0	0	0	0	0	0	0	0	0	0	0	0	0.990930961585448	0	0	0	0	0	0	0	0	0	0	0	0	0	0	0	0	0	0	0	0.896295958049105	0	0	0	0	0	0	0	0	0	0	0	0	0	0
0	0	0	0	0	0	0	0	0	0	0	0	0	0	0	0	0	0	0	0	0	0	0	0	0	0	0.93041095200011	0	0	0	0	0.819926925172315	0	0	0	0	0	0	0	0	0	0	0	0	0	0	0	0	0	0	0	0	0	0	0	0	0	0	0	0	0	0	0	0	0	0	0	0	0	0	0	0	0	0	0	0	0	0	0	0	0	0	0	0	0	0	0	0	0	0
0	0.592067143565847	0	0	0	0	0	0	0	0	0	0	0	0	0	0	0	0	0	0	0	0	0	0	0	0	0	0	0	0	0.819926925172315	0	0	0	0	0	0	0	0.943424917768952	0	0	0	0	0	0	0	0	0	0	0	0	0	0	0	0	0	0	0.654123977547328	0	0	0	0	0	0.874910665019516	0	0	0	0	0	0	0	0	0	0	0	0	0	0	0	0	0	0	0	0	0	0	0	0	0	0
0	0	0	0	0	0	0	0	0	0	0	0	0	0	0	0	0	0	0	0	0	0	0	0	0	0	0	0	0	0	0	0	0	0	0.680917640039676	0	0	0	0	0	0	0	0	0	0	0	0	0	0	0	0	0	0	0	0	0	0	0	0	0	0	0	0	0	0	0	0	0	0	0	0	0	0	0	0	0	0	0	0	0	0	0	0	0	0	0.854532634723401	0	0	0	0
0	0.892659519475639	0	0	0	0	0	0	0	0	0	0	0	0	0	0	0	0	0	0	0	0	0.719765403698979	0	0	0	0	0	0	0	0	0	0	0	0	0	0	0	0	0	0	0	0	0	0	0	0	0	0	0	0	0	0	0	0	0	0	0	0	0	0	0	0	0	0	0	0	0	0	0	0	0	0	0	0	0	0	0	0	0	0	0	0	0	0	0	0	0	0.890023724448398	0
0	0	0	0	0	0	0	0	0	0	0	0	0	0	0	0	0	0	0	0	0	0	0.901497606514313	0.983270332202372	0	0	0	0	0	0	0	0	0.680917640039676	0	0	0	0	0	0	0	0	0	0	0	0	0	0	0	0	0	0	0.887082648632887	0	0	0	0	0	0	0	0	0	0	0	0	0	0	0	0	0	0	0	0	0	0	0	0	0	0.836062100462246	0	0	0	0	0	0	0	0	0	0	0	0
0	0	0.941236875576666	0	0	0	0	0	0	0	0	0	0	0	0	0	0	0	0	0	0	0	0	0	0	0	0	0	0	0	0	0	0	0	0	0	0	0	0	0	0	0	0	0	0	0	0	0	0	0	0	0	0	0	0	0	0	0	0.699545485739698	0	0	0	0	0	0	0	0	0	0.675462092825855	0	0	0	0	0	0	0	0	0	0	0	0	0	0	0	0	0	0	0	0	0
0	0	0	0	0	0.667205357648066	0	0	0	0	0	0	0	0	0	0	0	0	0	0	0	0	0	0	0	0	0	0	0	0	0	0	0	0	0	0	0	0	0.977743193973681	0	0	0	0	0	0	0	0	0	0	0	0	0	0	0	0	0	0	0	0	0	0	0	0	0	0	0	0	0	0	0	0.840394069000165	0	0	0	0	0	0	0	0	0	0	0	0	0	0	0	0	0	0	0
0	0	0	0	0	0	0	0	0	0	0	0	0	0	0	0	0	0	0	0	0	0	0	0	0	0	0	0	0	0	0	0	0	0	0	0	0	0	0	0.579973397660001	0	0	0	0	0	0	0	0	0	0	0	0	0	0	0	0	0.892313233870789	0	0	0	0	0	0	0.58860786573042	0	0	0	0	0	0	0	0	0	0	0	0	0	0	0	0	0	0	0	0	0	0	0	0	0	0
0	0	0	0	0	0	0	0	0	0	0	0	0	0	0	0	0	0	0	0	0	0	0	0.933606859550762	0	0	0	0	0	0	0	0.943424917768952	0	0	0	0	0.977743193973681	0	0	0	0	0	0	0	0	0	0	0	0	0	0	0	0	0	0	0	0	0	0	0.993134294265245	0	0	0	0	0	0	0	0	0	0	0	0	0	0	0	0	0	0	0	0	0	0	0.90559482468811	0	0	0	0	0	0	0
0	0	0	0	0	0.981364230618434	0	0	0	0	0	0	0.575222685390353	0	0	0	0	0	0	0	0	0	0	0	0	0	0	0	0	0	0	0	0	0	0	0	0	0.579973397660001	0	0	0	0.886355628474512	0	0	0	0	0	0	0	0	0	0	0	0	0	0	0	0	0	0	0	0	0	0	0	0	0	0	0	0	0	0	0	0	0	0	0	0	0	0	0	0	0	0	0	0	0	0	0	0
0	0	0	0	0	0	0.895081087125173	0	0	0	0	0	0	0	0	0	0	0	0	0	0	0	0	0	0	0	0	0	0	0	0	0	0	0	0	0	0	0	0	0	0	0	0	0	0	0	0	0	0	0	0	0	0	0	0	0	0	0.742003684724926	0	0	0	0	0	0	0	0	0	0	0	0	0	0	0	0	0.937859355975228	0	0	0	0	0	0	0	0	0	0	0	0	0	0.94765854858037	0
0	0	0	0	0	0	0	0	0	0	0	0	0	0	0	0	0	0	0	0	0	0	0	0	0	0	0.977921125315456	0	0	0	0	0	0	0	0	0	0	0	0	0.886355628474512	0	0	0.692692487659621	0	0	0	0	0	0	0	0	0	0	0	0	0	0	0	0	0	0	0	0	0	0	0	0	0	0	0.998034671630785	0	0	0	0	0	0	0	0	0	0	0	0	0	0	0	0	0	0	0	0
0	0	0	0	0	0	0	0	0	0	0	0	0	0	0	0	0	0	0	0	0	0	0	0	0	0	0	0	0	0	0	0	0	0	0	0	0	0	0	0	0	0.692692487659621	0	0.523527020729138	0	0	0	0	0	0	0	0	0	0	0	0	0	0	0	0	0	0	0	0	0	0	0.908749136615278	0	0	0	0	0	0	0	0	0	0	0	0	0	0	0	0	0	0	0	0	0	0	0
0	0	0	0	0	0	0	0	0	0	0	0	0	0	0	0	0	0	0	0	0	0	0	0	0	0	0.834987809815918	0	0	0	0	0	0	0	0	0	0	0	0	0	0	0	0.523527020729138	0	0	0	0	0	0	0	0	0	0	0	0	0	0	0	0	0.992853553801886	0	0	0	0	0	0	0	0	0	0	0	0.997486188788584	0	0	0	0	0	0	0	0.954482080721709	0	0	0	0	0	0	0	0	0	0
0	0	0	0	0	0	0	0	0	0	0	0	0	0	0	0	0	0	0	0	0	0	0	0	0	0	0	0	0	0	0	0	0	0	0	0	0	0	0	0	0	0	0	0	0	0	0	0.838828162848813	0	0	0	0	0	0	0	0	0	0	0	0	0	0	0	0	0	0	0	0	0	0	0	0	0	0	0	0	0	0	0	0	0	0	0.679309179977343	0	0	0	0	0	0	0
0	0	0	0	0	0	0	0	0	0	0	0	0	0	0	0	0	0	0	0	0	0	0	0	0	0	0	0	0	0	0	0	0	0	0	0	0	0	0	0	0	0	0	0	0	0	0	0	0	0	0	0	0	0	0	0	0.759119138802955	0	0	0	0	0.888460837768731	0	0	0	0	0	0	0	0	0	0	0	0.931755468913548	0.553261935542388	0	0	0	0	0	0	0	0	0	0	0	0	0	0	0
0	0	0	0	0	0	0	0	0	0	0	0	0.898035370831169	0	0	0	0	0	0	0	0	0	0	0	0	0	0	0	0	0	0	0	0	0	0	0	0	0	0	0	0	0	0	0	0	0	0	0.978690698586393	0	0	0	0	0	0	0	0	0	0	0	0	0	0	0	0	0	0	0	0.767408737520959	0	0	0	0	0	0	0	0	0	0	0	0	0	0	0	0	0	0	0	0	0	0
0	0	0	0	0	0	0.748053994382396	0	0	0	0	0	0	0	0	0	0	0	0	0	0	0	0	0	0	0	0	0	0	0	0	0	0	0	0	0	0	0	0	0	0	0	0	0	0.838828162848813	0	0.978690698586393	0	0	0	0	0	0	0	0	0.980402487269899	0	0	0	0	0	0.919739310993719	0	0	0	0	0	0	0	0.795000990860003	0	0	0	0	0	0	0	0	0	0	0	0	0	0	0	0	0	0	0	0
0	0	0.907293973458441	0	0	0	0	0	0	0	0	0	0	0	0	0	0	0	0	0	0	0	0	0	0	0	0	0	0	0	0	0	0	0	0	0	0	0	0	0	0	0	0	0	0	0	0	0	0	0	0	0.68533191283917	0	0	0	0	0	0	0	0	0	0	0	0	0	0	0	0	0.811355710091994	0	0	0	0	0	0	0	0	0	0	0	0.846940357255351	0	0	0	0	0	0	0	0	0
0	0	0	0	0.821790826550972	0	0	0	0	0	0	0	0	0	0	0	0	0	0	0	0	0	0	0	0	0	0	0	0	0	0	0	0	0	0	0	0	0	0	0	0	0	0	0	0	0	0	0	0	0	0	0	0	0	0	0	0	0	0	0	0.811371390022373	0	0	0	0	0	0	0	0	0	0	0	0	0	0	0	0	0	0	0	0.760783275735803	0	0	0	0.947067933770548	0	0	0	0	0
0	0.967274179099977	0	0	0	0	0	0	0	0	0	0	0.895468535281713	0	0	0	0	0	0	0	0	0	0	0	0	0	0	0	0	0	0	0	0	0	0	0	0	0	0	0	0	0	0	0	0	0	0	0	0	0	0	0	0.987386108283518	0	0	0	0	0	0	0	0	0	0	0	0	0	0	0	0	0	0	0	0	0.802441481107118	0	0	0	0	0	0	0	0	0	0	0	0	0	0	0.977056218561349	0
0	0	0	0	0	0	0	0	0	0	0	0	0	0	0	0	0	0	0	0	0	0	0	0	0	0	0	0	0	0	0	0	0	0	0.887082648632887	0	0	0	0	0	0	0	0	0	0	0	0	0	0.68533191283917	0	0	0	0.863608198385622	0.966852576644043	0	0	0	0	0	0	0	0	0	0	0	0	0	0	0	0	0	0	0	0	0	0	0	0	0	0	0	0	0	0	0	0	0	0	0	0
0	0	0	0	0	0	0	0	0	0	0	0	0.905258115645566	0	0	0	0	0	0	0	0	0	0	0	0	0	0	0	0	0	0	0	0	0	0	0	0	0	0	0	0	0	0	0	0	0	0	0	0	0	0.987386108283518	0.863608198385622	0	0	0.857184826277176	0	0	0	0	0	0	0	0	0	0	0	0	0	0	0	0	0	0	0	0	0	0	0.971237873392708	0	0	0	0	0	0	0	0	0	0	0	0
0	0.933506645273842	0	0	0	0	0	0	0	0	0	0	0	0	0	0.937557516688264	0	0	0	0.578985778111193	0	0	0	0	0	0	0	0	0	0	0	0	0	0	0	0	0	0	0	0	0	0	0	0	0	0	0	0	0	0	0	0.966852576644043	0	0	0	0	0	0	0	0	0	0	0	0	0	0.935076812429487	0	0	0	0	0	0	0	0	0	0	0	0	0.7392290351069	0	0	0	0	0	0	0	0	0	0	0
0	0	0	0	0	0	0	0	0	0	0	0	0	0	0	0	0	0	0	0	0	0	0	0	0	0	0	0	0	0	0	0	0	0	0	0	0	0	0	0	0	0	0	0	0	0	0	0	0	0	0	0	0.857184826277176	0	0	0	0.759244144469428	0.90255494540521	0	0	0	0	0	0	0	0	0	0	0	0	0	0	0	0	0	0	0	0	0	0	0	0	0	0	0	0	0	0	0.658396877908085	0
0	0	0	0	0	0	0	0	0	0	0	0	0	0	0	0	0	0	0	0	0	0	0.87579382256211	0	0	0	0	0	0	0.990930961585448	0	0	0	0	0	0	0	0	0	0	0	0	0	0	0	0	0	0.980402487269899	0	0	0	0	0	0	0	0	0.649218549221931	0	0	0	0	0	0.946352807562878	0	0	0	0	0	0	0	0	0	0.748884701814012	0	0	0	0	0	0	0	0	0	0.89935682349001	0	0	0	0	0	0	0
0	0	0	0	0	0	0	0	0	0	0	0	0	0	0	0	0	0	0	0	0	0	0	0	0	0	0	0	0	0	0	0	0	0	0	0	0	0.892313233870789	0	0	0	0	0	0	0	0.759119138802955	0	0	0	0	0	0	0	0	0.759244144469428	0.649218549221931	0	0	0	0	0	0	0	0	0	0	0	0	0	0.663967731761453	0	0	0	0	0	0	0	0	0	0	0	0	0	0	0	0	0	0	0	0
0	0	0	0	0	0	0	0	0	0	0	0	0	0	0	0	0	0	0	0	0	0	0	0	0	0	0	0	0	0	0	0.654123977547328	0	0	0	0	0	0	0	0	0.742003684724926	0	0	0	0	0	0	0	0	0	0	0	0	0	0.90255494540521	0	0	0	0	0	0	0	0	0	0	0	0	0	0	0	0	0	0	0	0	0	0	0	0	0	0	0	0	0	0	0	0	0	0.76151623705021	0
0	0	0.923740307994062	0	0	0	0	0	0	0.948942408129782	0	0	0	0	0	0	0	0	0	0	0	0	0	0	0	0	0	0	0	0	0	0	0	0	0	0.699545485739698	0	0	0	0	0	0	0	0	0	0	0	0	0	0	0	0	0	0	0	0	0	0	0	0	0.872891015148761	0	0	0	0	0	0	0	0	0	0	0	0	0	0	0	0	0	0	0	0	0	0	0	0	0	0	0	0	0
0	0	0	0	0	0	0	0	0	0	0	0	0	0	0	0	0	0	0	0	0	0	0	0	0	0	0	0	0	0	0	0	0	0	0	0	0	0	0.993134294265245	0	0	0	0	0.992853553801886	0	0	0	0	0	0	0	0	0	0	0	0	0	0	0	0	0.872352243623621	0	0	0	0	0	0	0	0	0	0	0	0	0	0	0	0	0	0	0	0	0	0	0	0	0	0	0	0	0
0	0	0	0	0	0	0	0.967032782341048	0	0	0	0	0	0	0	0	0	0	0	0	0	0	0	0	0	0	0	0	0.98578313502268	0	0	0	0	0	0	0	0	0	0	0	0	0	0	0	0	0	0	0	0	0.811371390022373	0	0	0	0	0	0	0	0	0.872891015148761	0.872352243623621	0	0	0.93689227056531	0	0	0	0	0	0	0	0	0	0	0	0	0	0	0	0	0	0	0	0	0	0.711941229112681	0	0	0	0	0
0	0	0	0.955657678962121	0	0	0	0	0	0	0	0	0	0	0	0	0	0	0	0	0	0	0	0	0	0	0	0	0	0	0	0	0	0	0	0	0	0	0	0	0	0	0	0	0	0.888460837768731	0	0.919739310993719	0	0	0	0	0	0	0	0	0	0	0	0	0	0	0	0	0	0	0	0	0	0	0	0	0	0	0	0	0	0	0	0	0	0	0	0	0	0	0	0	0	0
0	0	0	0	0	0	0	0.942969754276963	0	0	0	0	0	0	0	0	0	0	0	0	0	0	0	0	0	0	0	0	0	0	0	0	0	0	0	0	0	0	0	0	0	0	0	0	0	0	0	0	0	0	0	0	0	0	0	0.946352807562878	0	0	0	0	0.93689227056531	0	0	0.979620088189224	0	0	0	0	0	0	0	0	0	0	0	0	0	0	0	0	0	0	0	0	0	0	0	0	0	0
0	0	0	0	0	0	0	0	0	0	0	0	0	0	0	0	0.720374797523156	0	0	0	0	0	0	0	0	0	0	0	0	0	0	0.874910665019516	0	0	0	0	0	0.58860786573042	0	0	0	0	0	0	0	0	0	0	0	0	0	0	0	0	0	0	0	0	0	0	0	0	0.979620088189224	0	0.993790732412062	0	0	0	0	0	0	0	0	0	0	0	0	0	0	0	0	0	0	0	0	0	0	0	0	0
0	0	0	0	0	0	0	0.906795956022246	0	0	0.966295519419158	0	0	0	0	0	0	0	0	0	0	0	0	0	0	0	0	0	0	0	0	0	0	0	0	0	0	0	0	0	0	0	0	0	0	0	0	0	0	0	0	0	0	0	0	0	0	0	0	0	0	0	0	0.993790732412062	0	0	0	0	0	0	0	0	0	0	0	0	0	0	0	0	0	0	0	0	0	0	0	0	0	0
0	0	0	0	0	0	0	0	0	0	0	0	0	0	0	0	0	0	0	0	0	0	0	0	0.945473034906964	0	0	0	0	0	0	0	0	0	0	0	0	0	0	0	0	0	0	0	0	0	0	0	0	0	0	0	0	0.935076812429487	0	0	0	0	0	0	0	0	0	0	0	0	0	0	0	0	0	0	0	0	0	0	0	0	0	0	0	0	0	0	0	0	0	0	0	0
0	0	0	0	0	0	0	0	0	0	0	0	0	0.917195540114734	0	0	0	0	0	0	0	0	0	0	0	0	0	0	0	0	0	0	0	0	0	0	0	0	0	0	0	0	0.908749136615278	0	0	0	0	0	0	0	0	0	0	0	0	0	0	0	0	0	0	0	0	0	0	0	0	0	0	0	0	0	0	0	0	0	0	0	0	0	0	0	0	0.852688859293055	0	0	0	0	0.938054161275619	0
0	0	0	0	0	0	0	0	0	0	0	0	0	0	0	0	0	0	0	0.971879310512007	0	0	0	0	0	0	0	0	0.737504211330857	0	0	0	0	0	0	0	0	0	0	0	0	0	0	0	0	0	0.767408737520959	0	0	0	0	0	0	0	0	0	0	0	0	0	0	0	0	0	0	0	0	0	0	0.97370692775441	0	0.946509939800284	0	0	0	0	0	0	0	0	0	0	0.986427476434553	0	0	0	0	0	0	0.797106405159745
0	0	0	0	0	0	0	0	0	0	0	0	0	0	0.930698425402976	0	0	0	0	0	0	0	0	0	0	0	0.983912069915088	0	0	0	0	0	0	0	0	0.675462092825855	0	0	0	0	0	0	0	0	0	0	0	0	0.811355710091994	0	0	0	0	0	0	0	0	0	0	0	0	0	0	0	0	0	0	0	0	0	0	0	0	0	0.659184810926078	0	0	0	0	0	0	0	0	0	0	0	0	0	0	0
0	0	0	0	0	0	0	0	0	0	0	0	0	0	0	0	0	0	0	0	0	0	0	0	0	0	0	0	0	0	0	0	0	0	0	0	0	0	0	0	0	0.998034671630785	0	0	0	0	0	0.795000990860003	0	0	0	0	0	0	0	0	0.663967731761453	0	0	0	0	0	0	0	0	0	0	0.97370692775441	0	0	0	0	0	0	0	0	0	0	0	0	0	0	0	0	0	0	0	0.977660414195153	0	0
0	0	0	0.629681374493229	0	0	0	0	0	0	0	0	0	0	0	0	0	0	0	0	0	0	0	0.98158649439655	0	0	0	0	0	0	0	0	0	0	0	0	0.840394069000165	0	0	0	0	0	0	0	0	0	0	0	0	0	0	0	0	0	0	0	0	0	0	0	0	0	0	0	0	0	0	0	0	0	0	0	0	0	0	0	0	0	0	0	0	0.609261212952849	0	0	0	0	0	0	0.946247057156267	0
0	0	0	0	0	0	0	0	0	0	0	0	0	0	0	0	0	0	0	0	0	0	0	0	0	0	0.843084733193026	0	0	0	0	0	0	0	0	0	0	0	0	0	0	0	0	0.997486188788584	0	0	0	0	0	0	0	0	0	0	0	0	0	0	0	0	0	0	0	0	0	0	0	0.946509939800284	0	0	0	0	0	0	0	0	0	0	0	0	0	0	0	0	0	0	0.97231762355638	0	0	0
0	0	0	0	0	0	0	0	0	0	0	0	0	0	0	0	0	0	0	0	0	0	0	0	0	0	0	0	0	0	0	0	0	0	0	0	0	0	0	0	0	0	0	0	0	0	0	0	0	0	0	0	0	0	0	0.748884701814012	0	0	0	0	0	0	0	0	0	0	0	0	0	0	0	0	0	0	0.814659873418242	0	0	0	0	0	0	0	0	0	0	0	0	0	0	0
0	0	0	0	0	0	0	0	0	0	0	0	0	0	0	0	0	0	0	0	0	0	0	0	0	0	0	0	0	0	0	0	0	0	0	0	0	0	0	0	0	0	0	0	0	0.931755468913548	0	0	0	0	0.802441481107118	0	0	0	0	0	0	0	0	0	0	0	0	0	0	0	0	0	0	0	0	0	0	0	0.977260332496802	0.958160832306032	0	0	0	0	0	0	0	0	0	0	0	0	0	0
0	0	0	0	0	0	0	0	0	0	0	0	0	0	0	0	0	0	0	0	0	0	0	0	0	0	0	0	0	0	0	0	0	0	0	0	0	0	0	0	0.937859355975228	0	0	0	0	0.553261935542388	0	0	0	0	0	0	0	0	0	0	0	0	0	0	0	0	0	0	0	0	0	0	0.659184810926078	0	0	0	0.814659873418242	0.977260332496802	0	0	0	0	0	0	0	0	0	0	0	0	0	0	0	0
0	0	0	0	0	0	0	0	0	0	0	0	0	0	0	0	0	0	0	0	0	0.723481389189486	0	0	0	0	0	0	0	0.896295958049105	0	0	0	0	0	0	0	0	0	0	0	0	0	0	0	0	0	0	0	0	0	0	0	0	0	0	0	0	0	0	0	0	0	0	0	0	0	0	0	0	0	0	0	0.958160832306032	0	0	0.902881877078415	0	0	0	0	0	0	0	0	0	0	0	0	0
0	0	0	0	0	0	0	0	0	0	0	0	0	0	0	0	0	0	0	0	0	0	0.98311988932896	0	0	0	0	0	0	0	0	0	0	0	0	0	0	0	0	0	0	0	0	0	0	0	0	0	0	0	0	0	0	0	0	0	0	0	0	0	0	0	0	0	0	0	0	0	0	0	0	0	0	0	0	0.902881877078415	0	0	0	0	0	0	0	0	0	0	0	0	0.924973395600527	0
0	0	0	0	0	0	0	0	0	0	0	0	0	0.926671925730611	0	0	0	0	0	0	0	0	0	0	0	0	0	0	0	0	0	0	0	0	0.836062100462246	0	0	0	0	0	0	0	0	0	0	0	0	0	0	0	0	0	0.971237873392708	0	0	0	0	0	0	0	0	0	0	0	0	0	0	0	0	0	0	0	0	0	0	0	0	0	0	0.945892347222107	0	0	0	0	0	0	0	0	0	0
0	0	0	0	0	0	0	0	0	0	0	0	0	0	0	0.722838967719425	0	0	0	0	0	0	0.849737755112773	0	0	0	0	0	0	0	0	0	0	0	0	0	0	0	0	0	0	0	0	0	0	0	0	0	0	0	0	0	0	0.7392290351069	0	0	0	0	0	0	0	0	0	0	0	0	0	0	0	0	0	0	0	0	0	0	0	0	0	0	0	0	0	0	0	0.694052685176025	0	0	0	0
0	0	0	0	0	0	0	0	0	0	0	0	0	0	0	0	0	0	0	0	0	0	0	0	0	0	0	0	0	0	0	0	0	0	0	0	0	0	0	0	0	0	0	0.954482080721709	0	0	0	0	0	0	0	0	0	0	0	0	0	0	0	0	0	0	0	0	0	0	0	0	0	0	0	0	0	0	0	0	0	0.945892347222107	0	0	0	0.995507623979553	0	0	0	0	0	0	0.94154431146733	0
0	0	0	0	0	0	0	0	0	0	0	0	0	0.860935322359053	0.66085694587366	0	0	0	0	0	0	0	0	0	0	0.939065616287798	0	0	0	0	0	0	0	0	0	0	0	0	0	0	0	0	0	0	0	0	0	0	0.846940357255351	0.760783275735803	0	0	0	0	0	0	0	0	0	0	0	0	0	0	0	0	0	0	0	0	0	0	0	0	0	0	0	0	0	0	0	0.717240082697058	0	0	0	0	0	0	0	0
0	0	0	0	0	0	0	0	0	0	0	0	0	0	0	0.957042281443042	0	0	0	0	0	0	0	0	0	0	0	0	0	0	0	0	0	0	0	0	0	0	0	0	0	0	0	0	0	0	0	0	0	0	0	0	0	0	0	0	0	0	0	0	0	0	0	0	0	0	0	0	0	0	0.609261212952849	0	0	0	0	0	0	0	0	0.995507623979553	0.717240082697058	0	0	0	0	0	0	0	0	0
0	0	0	0	0	0	0	0	0	0	0	0	0	0	0	0	0	0	0	0	0	0	0	0	0	0.950212115568968	0	0	0	0	0	0	0	0	0	0	0	0	0.90559482468811	0	0	0	0	0	0.679309179977343	0	0	0	0	0	0	0	0	0	0	0.89935682349001	0	0	0	0	0	0	0	0	0	0	0	0.986427476434553	0	0	0	0	0	0	0	0	0	0	0	0	0	0	0	0	0	0	0	0	0	0
0	0	0	0	0	0	0	0	0	0	0	0.574108424543886	0	0	0	0	0	0	0	0	0	0	0	0	0	0	0	0	0	0	0	0	0	0	0	0	0	0	0	0	0	0	0	0	0	0	0	0	0	0	0	0	0	0	0	0	0	0	0	0	0	0	0	0	0	0	0.852688859293055	0	0	0	0	0	0	0	0	0	0	0	0	0	0	0	0	0	0	0.950173125970171	0	0	0	0
0	0	0	0	0	0	0	0	0	0	0	0	0	0	0	0	0	0	0	0	0	0	0	0	0.992481129174937	0	0	0	0	0	0	0	0	0	0	0	0	0	0	0	0	0	0	0	0	0	0	0	0	0.947067933770548	0	0	0	0	0	0	0	0	0	0	0.711941229112681	0	0	0	0	0	0	0	0	0	0	0	0	0	0	0	0	0	0	0	0	0	0	0	0	0	0	0	0	0
0	0	0	0	0	0	0	0	0	0	0	0	0	0	0	0	0	0	0	0	0	0	0	0	0	0	0	0.973666106411078	0	0	0	0	0.854532634723401	0	0	0	0	0	0	0	0	0	0	0	0	0	0	0	0	0	0	0	0	0	0	0	0	0	0	0	0	0	0	0	0	0	0	0	0	0	0	0	0	0	0	0	0	0	0.694052685176025	0	0	0	0	0.950173125970171	0	0	0	0	0	0
0	0	0	0	0	0	0	0	0.956924372286031	0	0	0	0	0	0	0	0	0	0	0	0	0	0	0	0	0	0	0	0	0	0	0	0	0	0	0	0	0	0	0	0	0	0	0	0	0	0	0	0	0	0	0	0	0	0	0	0	0	0	0	0	0	0	0	0	0	0	0	0	0	0	0.97231762355638	0	0	0	0	0	0	0	0	0	0	0	0	0	0	0	0	0.894100600904468	0
0	0	0	0	0	0.899590623479321	0	0	0	0	0	0	0	0	0	0	0	0	0	0	0	0	0	0	0	0	0	0	0	0	0	0	0	0	0	0	0	0	0	0	0	0	0	0	0	0	0	0	0	0	0	0	0	0	0	0	0	0	0	0	0	0	0	0	0	0	0	0	0	0.977660414195153	0	0	0	0	0	0	0	0	0	0	0	0	0	0	0	0	0	0	0	0
0	0	0	0	0	0	0	0	0	0	0	0	0	0	0	0	0	0	0	0	0	0	0	0	0	0	0	0	0	0	0	0	0	0.890023724448398	0	0	0	0	0	0	0.94765854858037	0	0	0	0	0	0	0	0	0	0.977056218561349	0	0	0	0.658396877908085	0	0	0.76151623705021	0	0	0	0	0	0	0	0	0.938054161275619	0	0	0	0.946247057156267	0	0	0	0	0	0.924973395600527	0	0	0.94154431146733	0	0	0	0	0	0	0.894100600904468	0	0	0
0	0	0	0	0	0	0	0	0	0	0	0	0	0	0	0	0	0	0	0	0	0	0	0	0	0	0	0	0.910092543709212	0	0	0	0	0	0	0	0	0	0	0	0	0	0	0	0	0	0	0	0	0	0	0	0	0	0	0	0	0	0	0	0	0	0	0	0	0	0	0.797106405159745	0	0	0	0	0	0	0	0	0	0	0	0	0	0	0	0	0	0	0	0	0	0
