0	0	0	0	0	0	0	0	0.940198041028612	0	0	0	0	0	0	0	0	0	0	0	0	0	0	0	0	0	0	0	0	0	0.91202733539791	0	0	0	0	0	0	0	0	0	0	0	0	0	0	0	0.737692198278005	0	0	0	0.975535539746972	0	0	0	0	0.86005091324452	0	0	0	0	0	0	0	0	0	0.732513021904854	0	0	0	0	0	0	0	0	0	0	0	0	0	0	0	0	0	0	0	0	0	0	0	0
0	0	0	0	0	0	0	0	0	0	0	0	0	0	0	0	0	0	0	0	0	0	0	0	0	0	0	0	0	0	0	0.913513078324281	0	0	0	0	0	0	0	0	0	0	0	0	0	0	0	0	0	0	0	0	0	0	0.89034798597417	0	0	0	0	0	0	0	0	0	0	0	0	0	0.945840942993519	0	0	0	0	0	0	0	0	0	0	0	0	0	0	0	0	0	0	0	0.8840932912785	0.978469554013298
0	0	0	0	0	0	0	0	0	0	0	0	0	0	0.908086199616774	0	0	0.993173854796379	0	0	0	0	0	0	0	0	0	0	0	0	0	0	0	0	0	0	0	0	0	0	0	0	0	0	0	0	0	0	0	0	0	0	0	0	0	0	0	0	0	0	0	0	0	0	0	0	0	0	0	0	0	0	0	0	0	0	0	0	0	0	0	0	0	0	0	0	0	0	0	0
0	0	0	0	0	0	0	0	0	0.759791351248349	0	0	0	0	0	0	0	0	0	0	0	0.97002077504368	0	0	0	0	0	0	0	0	0	0	0	0.762893254041886	0	0	0	0	0	0	0	0	0.979985664065435	0	0	0	0	0	0	0	0	0	0	0	0	0	0	0	0.798878791557778	0	0	0	0	0	0	0	0	0	0	0	0	0	0	0	0	0	0	0	0	0	0	0	0	0	0	0	0	0	0	0
0	0	0	0	0	0	0	0	0	0	0	0	0	0	0	0	0	0	0.880204360996089	0	0	0	0	0	0	0.801745014982434	0	0	0	0	0	0	0	0	0	0	0	0	0	0	0	0	0	0	0	0	0	0	0	0	0	0	0	0	0	0	0	0	0	0	0	0	0	0	0	0	0	0	0	0	0	0	0	0	0	0	0	0	0	0	0	0	0	0	0	0	0	0	0	0
0	0	0	0	0	0	0	0.58463235491298	0	0	0	0	0	0	0	0	0	0	0	0	0	0	0	0	0	0	0	0	0	0	0	0	0	0	0	0	0	0	0	0	0	0	0	0	0	0	0	0	0	0	0.828724909913086	0	0	0	0	0	0	0	0	0	0	0	0	0	0	0	0	0	0	0	0	0	0	0	0	0	0	0	0	0	0	0	0	0	0	0	0	0	0	0
0	0	0	0	0	0	0	0	0	0	0	0	0	0	0	0	0	0	0	0	0	0	0	0	0	0	0	0	0	0	0	0.748357812245109	0	0	0	0	0	0	0	0	0	0	0	0	0	0	0.596600030866649	0	0	0	0.634378598103321	0	0	0	0	0	0	0	0	0	0	0	0	0.703806411927508	0	0	0.660920172213001	0	0	0	0	0	0	0	0	0	0	0	0	0	0	0	0	0	0	0	0	0	0	0
0	0	0	0	0	0.58463235491298	0	0	0	0	0	0	0	0	0	0	0	0	0	0	0	0	0.942262951951673	0	0	0	0	0	0	0	0	0	0	0	0	0	0	0	0	0	0	0	0	0	0	0	0	0	0	0	0	0.715739863595813	0	0	0	0	0	0	0	0	0	0	0	0	0	0	0	0	0.583424641839841	0	0	0	0	0	0	0	0	0	0	0	0	0	0	0	0	0	0	0	0.976387980927422	0
0.940198041028612	0	0	0	0	0	0	0	0	0	0	0	0	0	0	0	0	0.920207013608054	0	0	0	0	0	0	0	0	0	0	0	0	0	0	0	0	0	0	0	0	0	0	0	0	0	0	0	0	0	0	0	0	0	0	0	0	0	0	0	0	0	0	0	0	0	0	0	0	0	0	0	0	0	0	0	0	0	0	0	0	0	0	0	0	0	0	0	0	0	0.898099922327922	0	0
0	0	0	0.759791351248349	0	0	0	0	0	0	0	0.975812078294227	0	0	0	0	0	0	0	0	0	0	0	0	0	0	0	0.807168574724849	0	0	0	0	0	0	0	0	0	0	0	0	0	0	0	0	0.755715971514216	0.988316959248812	0	0	0	0	0	0	0	0	0	0	0	0	0	0	0	0	0	0	0.995483278439522	0	0	0	0	0	0	0	0	0	0	0	0	0	0	0	0	0	0	0	0	0	0	0	0	0
0	0	0	0	0	0	0	0	0	0	0	0	0.937132351201324	0	0	0	0	0	0	0	0	0	0	0	0	0	0	0	0	0	0	0	0	0	0	0.995618159482393	0	0	0	0	0	0	0	0	0	0	0	0	0.68941364489272	0	0	0	0	0	0	0	0	0	0	0	0	0	0	0	0	0	0	0	0	0	0	0	0	0	0	0	0	0	0	0	0	0	0	0	0	0	0	0	0	0
0	0	0	0	0	0	0	0	0	0.975812078294227	0	0	0	0	0.802089295503515	0	0	0	0	0	0	0	0	0	0	0	0	0	0	0	0	0	0	0	0	0	0	0	0	0	0	0	0	0	0	0	0	0	0	0	0	0	0	0	0	0	0	0	0	0	0.751822521090829	0	0	0	0	0	0	0	0	0	0	0.80890335912615	0	0	0	0	0	0	0	0	0	0	0	0	0	0	0	0	0	0
0	0	0	0	0	0	0	0	0	0	0.937132351201324	0	0	0	0.608462397958966	0	0	0	0	0	0	0	0	0	0	0	0	0	0	0.716898814916401	0	0	0	0	0	0	0	0	0	0	0	0.785433929902272	0	0	0	0	0	0	0	0	0	0	0	0	0	0	0.933108251431538	0	0	0	0	0	0	0	0	0	0	0	0	0	0.981601830231365	0	0	0	0	0	0	0	0	0	0.980704613248328	0	0	0	0	0	0	0	0	0
0	0	0	0	0	0	0	0	0	0	0	0	0	0	0	0.949079804187044	0	0.852675290825198	0	0	0	0	0	0	0	0	0	0	0	0	0	0	0	0	0	0	0	0	0	0	0	0	0	0	0	0	0	0	0	0	0	0	0	0	0	0	0	0	0	0	0	0	0	0	0	0.976908439703622	0	0	0	0	0	0	0	0	0	0	0	0.603822889642382	0	0	0	0	0	0	0.777023408485789	0	0	0	0	0
0	0	0.908086199616774	0	0	0	0	0	0	0	0	0.802089295503515	0.608462397958966	0	0	0.999717464144676	0.836932710401313	0	0	0	0	0	0	0	0	0	0	0	0	0	0	0	0	0	0	0	0	0	0	0.905061015875871	0	0	0	0	0	0	0	0	0	0	0	0	0	0	0	0	0	0	0	0	0	0	0	0	0	0	0	0	0	0	0	0	0	0	0.908855525887463	0	0	0	0	0	0	0	0	0	0	0	0	0	0	0
0	0	0	0	0	0	0	0	0	0	0	0	0	0.949079804187044	0.999717464144676	0	0	0	0	0	0	0.801644916427831	0.950820112298652	0	0	0	0	0	0	0	0	0	0	0	0	0	0	0	0	0	0	0	0	0	0	0	0	0	0	0	0	0	0	0	0	0	0	0	0	0	0	0	0	0	0	0	0	0	0	0	0	0	0	0	0	0	0	0	0	0	0	0	0	0	0	0	0	0	0	0.576260267913513
0	0	0	0	0	0	0	0	0	0	0	0	0	0	0.836932710401313	0	0	0	0	0	0	0	0	0	0	0	0	0	0	0	0	0	0	0	0	0	0	0	0	0	0	0	0	0	0	0.986505627113722	0	0.886244970954833	0	0	0	0	0	0	0	0	0	0	0	0	0	0	0	0	0	0	0	0	0	0	0	0	0	0	0	0	0	0	0	0	0	0	0	0	0	0	0	0	0	0
0	0	0.993173854796379	0	0	0	0	0	0.920207013608054	0	0	0	0	0.852675290825198	0	0	0	0	0	0	0	0	0	0	0	0	0	0	0	0	0	0	0	0	0	0	0	0	0	0	0	0	0	0	0	0	0	0.75890009664139	0	0	0	0	0	0	0	0	0	0	0	0	0	0	0	0	0	0	0	0	0	0	0	0	0	0	0	0	0	0	0	0	0	0	0	0	0	0	0	0	0	0.934942547955929
0	0	0	0	0.880204360996089	0	0	0	0	0	0	0	0	0	0	0	0	0	0	0	0	0	0	0.739355307275899	0	0	0	0	0	0	0	0	0	0	0	0	0	0	0	0	0	0	0	0	0	0	0	0	0	0	0	0	0	0	0	0	0	0	0	0	0	0	0	0	0	0	0	0	0	0	0	0	0	0	0.914288132683183	0	0	0	0	0	0	0	0	0	0	0	0	0	0	0
0	0	0	0	0	0	0	0	0	0	0	0	0	0	0	0	0	0	0	0	0.749915744698857	0.837299959256013	0	0	0	0	0	0	0	0	0	0	0	0	0	0	0	0	0	0	0	0	0	0	0	0	0	0	0	0	0	0	0	0	0	0	0	0	0	0	0	0	0	0	0	0	0	0	0	0	0	0	0.567638099880517	0	0	0	0	0	0	0	0	0	0	0	0	0	0	0	0	0
0	0	0	0	0	0	0	0	0	0	0	0	0	0	0	0	0	0	0	0.749915744698857	0	0	0.763701523755801	0	0	0	0	0	0	0	0	0	0	0	0	0	0	0	0	0	0	0.783886703723186	0	0	0	0	0	0	0	0	0	0	0	0	0	0	0	0	0	0	0	0	0	0	0	0	0	0	0	0	0	0	0	0	0	0	0	0	0	0	0	0	0	0	0	0	0	0	0	0
0	0	0	0.97002077504368	0	0	0	0	0	0	0	0	0	0	0	0.801644916427831	0	0	0	0.837299959256013	0	0	0	0	0	0	0	0	0	0	0	0	0	0	0.665307316926058	0	0	0	0	0	0	0	0	0	0	0	0	0	0	0	0	0	0	0	0	0	0	0	0	0	0	0.852178362075342	0	0	0	0	0	0.995946353329344	0	0	0	0	0	0	0	0	0	0	0	0	0	0	0	0	0	0	0	0	0	0
0	0	0	0	0	0	0	0.942262951951673	0	0	0	0	0	0	0	0.950820112298652	0	0	0	0	0.763701523755801	0	0	0	0.795907653545237	0	0	0	0	0	0	0	0	0	0.977356559767608	0	0	0	0	0	0	0	0	0	0	0	0	0	0	0	0	0	0	0	0	0	0	0	0	0	0	0	0	0	0	0	0	0	0	0	0	0	0	0	0	0	0.932104747177503	0	0	0	0	0	0	0	0	0	0	0	0	0
0	0	0	0	0	0	0	0	0	0	0	0	0	0	0	0	0	0	0.739355307275899	0	0	0	0	0	0	0	0	0	0	0	0	0	0	0.965539930104944	0	0	0	0	0.736515303361311	0	0.887608926253856	0	0	0	0	0	0	0	0	0	0	0	0	0	0	0	0	0	0	0	0	0	0	0	0	0	0	0	0	0	0	0	0	0	0	0	0	0	0	0	0	0	0	0	0	0	0	0	0	0
0	0	0	0	0	0	0	0	0	0	0	0	0	0	0	0	0	0	0	0	0	0	0.795907653545237	0	0	0	0	0	0.896588205655276	0	0	0	0	0	0	0	0	0	0.662912216533842	0	0	0	0	0	0	0	0	0	0	0	0	0	0	0	0	0	0	0	0	0	0	0	0.908445600018949	0	0	0	0	0	0	0	0	0	0	0	0	0	0	0	0	0	0	0	0	0	0	0	0	0	0	0
0	0	0	0	0.801745014982434	0	0	0	0	0	0	0	0	0	0	0	0	0	0	0	0	0	0	0	0	0	0	0	0	0	0.631025720371759	0	0	0	0	0	0	0	0	0	0	0	0	0	0	0	0.805319514796175	0	0	0	0	0	0.839334206921507	0	0	0	0	0	0	0	0	0	0	0	0	0	0	0	0	0	0	0	0.794545113345822	0	0	0	0	0	0	0	0	0	0	0	0	0	0	0	0	0
0	0	0	0	0	0	0	0	0	0	0	0	0	0	0	0	0	0	0	0	0	0	0	0	0	0	0	0	0	0	0	0	0	0	0	0	0	0	0	0	0	0	0	0	0	0	0	0	0	0	0	0	0	0	0	0.97884743689214	0	0.893792941770386	0	0	0.655864720079527	0	0	0	0	0	0	0	0	0	0	0	0.964053095013806	0	0	0	0	0	0	0	0	0	0	0	0	0	0	0	0.868400643398999	0
0	0	0	0	0	0	0	0	0	0.807168574724849	0	0	0	0	0	0	0	0	0	0	0	0	0	0	0	0	0	0	0	0	0	0	0	0	0	0	0.820438982656732	0	0	0	0.808266702925287	0	0	0	0	0	0	0	0	0	0	0	0	0	0	0	0	0	0	0	0	0	0	0	0	0	0	0	0	0	0	0	0	0	0	0	0.897700673800327	0	0.857673839473507	0	0	0	0	0	0	0	0	0	0	0
0	0	0	0	0	0	0	0	0	0	0	0	0	0	0	0	0	0	0	0	0	0	0	0	0.896588205655276	0	0	0	0	0	0	0	0	0	0	0	0	0	0	0	0	0	0	0	0	0	0	0	0	0	0	0	0	0	0	0	0	0	0	0.886170518953519	0	0	0	0	0	0	0	0	0	0	0	0	0	0	0.67869418635141	0	0	0	0	0	0	0	0	0	0	0	0	0	0	0
0	0	0	0	0	0	0	0	0	0	0	0	0.716898814916401	0	0	0	0	0	0	0	0	0	0	0	0	0	0	0	0	0	0	0	0	0	0	0	0	0	0	0	0	0	0	0	0	0	0	0	0	0	0	0	0	0	0	0	0	0	0	0	0	0	0	0	0	0.959683047332995	0	0	0	0	0	0	0	0	0	0	0	0	0	0	0	0	0	0	0	0	0	0	0	0
0.91202733539791	0	0	0	0	0	0	0	0	0	0	0	0	0	0	0	0	0	0	0	0	0	0	0	0	0.631025720371759	0	0	0	0	0	0	0	0	0	0	0	0	0	0	0	0.663536722249775	0	0	0	0	0	0	0	0	0	0	0	0	0	0	0	0	0	0	0	0	0	0.768621934491436	0	0	0	0	0	0	0	0	0	0	0	0	0	0	0	0	0	0	0	0	0	0	0	0.825471628247091	0	0
0	0.913513078324281	0	0	0	0	0.748357812245109	0	0	0	0	0	0	0	0	0	0	0	0	0	0	0	0	0	0	0	0	0	0	0	0	0	0	0	0	0	0	0	0	0	0	0	0	0	0	0	0	0	0	0	0	0	0	0	0	0	0	0	0	0	0	0	0	0	0	0	0	0	0	0	0	0	0	0	0	0	0	0	0.869705926386577	0	0	0	0	0	0.695811439692415	0	0	0	0	0
0	0	0	0	0	0	0	0	0	0	0	0	0	0	0	0	0	0	0	0	0	0	0	0	0	0	0	0	0	0	0	0	0	0	0	0	0	0	0	0	0	0	0	0	0	0	0	0	0	0	0	0	0	0	0	0	0	0.941255331346687	0	0	0	0	0	0	0	0	0	0	0	0	0	0	0	0	0	0	0	0.95336192797908	0	0	0	0	0	0	0	0	0	0	0	0
0	0	0	0.762893254041886	0	0	0	0	0	0	0	0	0	0	0	0	0	0	0	0	0	0	0	0.965539930104944	0	0	0	0	0	0	0	0	0	0	0	0	0	0	0	0	0	0	0	0	0	0	0	0.665705249057272	0	0	0	0	0	0	0	0	0	0	0	0	0	0	0	0	0	0	0	0	0	0	0	0	0	0	0	0	0	0	0	0	0	0	0	0	0	0	0	0	0	0
0	0	0	0	0	0	0	0	0	0	0	0	0	0	0	0	0	0	0	0	0	0.665307316926058	0.977356559767608	0	0	0	0	0	0	0	0	0	0	0	0	0	0	0	0	0	0	0	0	0	0	0	0	0	0	0	0	0	0	0	0	0	0	0	0	0	0	0	0	0	0	0	0	0.790269199705343	0	0	0	0	0	0	0	0	0	0	0	0	0	0	0	0	0	0	0	0	0	0
0	0	0	0	0	0	0	0	0	0	0.995618159482393	0	0	0	0	0	0	0	0	0	0	0	0	0	0	0	0	0	0	0	0	0	0	0	0	0	0	0	0	0	0	0	0	0	0	0	0	0	0	0	0	0.849634223696452	0.853348396252631	0	0	0	0	0	0	0	0	0	0	0	0	0	0	0	0	0	0	0	0	0	0	0	0	0	0	0	0	0.768133644384088	0	0	0	0	0	0	0	0
0	0	0	0	0	0	0	0	0	0	0	0	0	0	0	0	0	0	0	0	0	0	0	0	0	0	0	0.820438982656732	0	0	0	0	0	0	0	0	0	0	0.934188143271263	0	0	0	0.818481540034566	0	0	0	0	0	0	0	0	0	0	0	0	0	0	0	0	0	0	0	0	0	0	0	0	0	0	0	0	0	0	0	0	0	0	0	0	0.913134066136335	0	0	0	0	0	0	0	0	0	0
0	0	0	0	0	0	0	0	0	0	0	0	0	0	0	0	0	0	0	0	0	0	0	0	0	0	0	0	0	0	0	0	0	0	0	0	0	0	0	0.747670319073438	0	0	0.82931673864821	0	0	0	0	0.833429999828471	0	0	0	0	0	0	0	0	0	0	0	0	0	0	0	0	0	0	0	0	0	0	0	0	0	0	0	0	0	0	0	0	0	0	0	0	0	0	0	0	0.770714329010381	0
0	0	0	0	0	0	0	0	0	0	0	0	0	0	0	0	0	0	0	0	0	0	0	0.736515303361311	0.662912216533842	0	0	0	0	0	0	0	0	0	0	0	0.934188143271263	0	0	0	0.870704721436257	0	0	0	0	0	0	0	0	0	0	0	0	0	0	0	0	0	0	0	0	0	0	0	0	0	0	0	0	0	0	0	0	0	0	0	0	0	0	0	0	0	0	0	0	0	0	0	0	0
0	0	0	0	0	0	0	0	0	0	0	0	0	0	0.905061015875871	0	0	0	0	0	0	0	0	0	0	0	0	0	0	0	0	0	0	0	0	0	0	0.747670319073438	0	0	0	0	0	0	0	0	0	0	0	0	0	0	0	0	0	0	0	0	0	0	0	0	0	0	0	0	0	0	0	0	0	0	0	0	0	0	0	0	0	0	0.884933880302697	0	0.574894498286618	0	0	0	0	0	0	0
0	0	0	0	0	0	0	0	0	0	0	0	0	0	0	0	0	0	0	0	0	0	0	0.887608926253856	0	0	0	0.808266702925287	0	0	0	0	0	0	0	0	0	0	0.870704721436257	0	0	0	0	0	0.933716161388357	0	0	0	0	0	0	0	0	0	0	0	0	0	0	0	0	0	0	0	0	0	0	0	0	0	0	0	0	0	0	0.842442526612794	0	0	0	0	0	0	0	0	0	0	0	0	0	0
0	0	0	0	0	0	0	0	0	0	0	0	0.785433929902272	0	0	0	0	0	0	0	0.783886703723186	0	0	0	0	0	0	0	0	0	0.663536722249775	0	0	0	0	0	0	0	0	0	0	0	0	0	0	0	0	0	0	0	0.748072538298747	0	0	0.872881509271412	0	0	0	0	0	0	0	0	0	0	0	0	0	0	0	0	0	0	0	0	0	0	0	0	0	0	0	0	0	0	0	0	0	0	0	0
0	0	0	0.979985664065435	0	0	0	0	0	0	0	0	0	0	0	0	0	0	0	0	0	0	0	0	0	0	0	0	0	0	0	0	0	0	0	0	0.818481540034566	0.82931673864821	0	0	0	0	0	0	0	0	0	0	0	0	0	0	0	0	0	0	0	0	0	0	0	0	0	0.908312004990351	0	0	0	0	0	0	0	0	0	0	0	0	0	0	0	0	0	0	0	0	0	0	0	0	0	0
0	0	0	0	0	0	0	0	0	0	0	0	0	0	0	0	0	0	0	0	0	0	0	0	0	0	0	0	0	0	0	0	0	0	0	0	0	0	0	0	0	0	0	0	0	0.977181792479123	0	0	0	0	0	0	0	0	0	0	0	0	0	0	0	0	0	0	0.946445714951298	0	0	0	0	0	0	0	0	0	0	0	0	0	0	0	0	0	0.949538301175184	0	0	0	0	0	0	0
0	0	0	0	0	0	0	0	0	0.755715971514216	0	0	0	0	0	0	0	0	0	0	0	0	0	0	0	0	0	0	0	0	0	0	0	0	0	0	0	0	0	0	0.933716161388357	0	0	0	0	0	0.655934693677385	0	0	0	0	0	0.732654754848014	0	0	0	0	0	0	0	0	0	0	0	0	0	0	0.954214568015389	0	0	0	0	0	0	0	0	0	0	0	0	0	0	0	0	0	0	0	0	0	0
0	0	0	0	0	0	0	0	0	0.988316959248812	0	0	0	0	0	0	0.986505627113722	0	0	0	0	0	0	0	0	0	0	0	0	0	0	0	0	0	0	0	0	0	0	0	0	0	0	0.977181792479123	0	0	0	0	0	0	0	0	0	0	0	0	0	0	0	0.677174325792456	0	0	0	0	0	0.934828684301797	0	0	0	0	0	0	0	0	0	0	0	0	0	0	0	0	0	0	0	0	0	0	0	0
0.737692198278005	0	0	0	0	0	0.596600030866649	0	0	0	0	0	0	0	0	0	0	0	0	0	0	0	0	0	0	0.805319514796175	0	0	0	0	0	0	0	0	0	0	0	0	0	0	0	0	0	0	0.655934693677385	0	0	0	0	0	0	0	0	0	0	0	0	0	0	0	0	0.849981116710858	0	0	0	0	0	0	0	0	0	0	0	0	0	0	0	0	0	0	0	0	0	0	0	0	0	0	0	0
0	0	0	0	0	0	0	0	0	0	0	0	0	0	0	0	0.886244970954833	0.75890009664139	0	0	0	0	0	0	0	0	0	0	0	0	0	0	0	0.665705249057272	0	0	0	0.833429999828471	0	0	0	0	0	0	0	0	0	0	0	0	0	0	0	0	0	0	0	0.738082870039421	0	0	0.55326476582894	0	0	0	0	0	0	0	0	0	0	0	0	0	0	0.965938416790058	0	0	0	0	0	0	0	0	0	0	0	0	0	0
0	0	0	0	0	0	0	0	0	0	0.68941364489272	0	0	0	0	0	0	0	0	0	0	0	0	0	0	0	0	0	0	0	0	0	0	0	0	0	0	0	0	0	0	0	0	0	0	0	0	0	0	0	0	0	0	0	0	0	0	0	0	0	0	0	0	0	0.688851316121954	0	0	0	0	0	0	0	0	0	0	0	0	0	0	0	0	0	0	0	0	0	0.772487317693208	0	0	0
0	0	0	0	0	0	0	0	0	0	0	0	0	0	0	0	0	0	0	0	0	0	0	0	0	0	0	0	0	0	0	0	0	0	0	0	0	0	0	0	0	0	0	0	0	0	0	0	0	0	0.963497264613485	0	0	0	0	0	0	0	0	0	0	0	0	0	0	0	0	0	0.632968301413785	0	0	0	0	0	0	0	0	0	0	0	0	0	0	0	0	0	0	0	0	0
0.975535539746972	0	0	0	0	0.828724909913086	0.634378598103321	0	0	0	0	0	0	0	0	0	0	0	0	0	0	0	0	0	0	0	0	0	0	0	0	0	0	0	0	0	0	0	0	0	0	0.748072538298747	0	0	0	0	0	0	0	0.963497264613485	0	0	0	0	0	0	0	0	0	0	0	0	0	0	0	0	0	0	0	0	0	0	0	0.914408933891047	0	0	0	0	0	0	0	0	0	0	0	0	0	0	0	0
0	0	0	0	0	0	0	0.715739863595813	0	0	0	0	0	0	0	0	0	0	0	0	0	0	0	0	0	0	0	0	0	0	0	0	0	0	0	0.849634223696452	0	0	0	0	0	0	0	0	0	0	0	0	0	0	0	0	0	0	0	0	0	0	0	0	0	0	0	0	0	0	0	0	0	0	0	0	0	0	0	0	0	0	0	0	0	0	0	0	0	0	0	0	0	0
0	0	0	0	0	0	0	0	0	0	0	0	0	0	0	0	0	0	0	0	0	0	0	0	0	0.839334206921507	0	0	0	0	0	0	0	0	0	0.853348396252631	0	0	0	0	0	0	0	0	0.732654754848014	0	0	0	0	0	0	0	0	0	0	0	0	0	0	0	0	0	0	0	0	0	0	0	0	0	0	0	0	0	0	0	0	0	0	0	0	0	0	0	0	0	0	0.657891019176305	0	0
0	0	0	0	0	0	0	0	0	0	0	0	0	0	0	0	0	0	0	0	0	0	0	0	0	0	0	0	0	0	0	0	0	0	0	0	0	0	0	0	0	0.872881509271412	0	0	0	0	0	0	0	0	0	0	0	0	0	0	0	0	0	0	0	0	0	0	0	0	0	0	0	0	0	0	0	0.641586486616021	0	0	0	0	0	0	0	0	0.857986545239268	0	0	0	0	0	0	0
0	0.89034798597417	0	0	0	0	0	0	0	0	0	0	0	0	0	0	0	0	0	0	0	0	0	0	0	0	0	0	0	0	0	0	0	0	0	0	0	0	0	0	0	0	0	0	0	0	0	0	0	0	0	0	0	0	0	0	0	0.959961219306769	0.936821841420023	0	0	0	0	0	0	0	0	0	0	0	0	0	0	0	0	0	0	0.797633450218472	0	0	0	0	0	0	0	0	0	0	0	0
0.86005091324452	0	0	0	0	0	0	0	0	0	0	0	0	0	0	0	0	0	0	0	0	0	0	0	0	0	0.97884743689214	0	0	0	0	0	0	0	0	0	0	0	0	0	0	0	0	0	0	0	0	0	0	0	0	0	0	0	0	0	0	0	0	0	0	0	0	0	0	0	0	0	0	0	0	0	0	0	0	0	0	0	0	0	0	0	0	0	0	0	0	0	0	0
0	0	0	0	0	0	0	0	0	0	0	0	0.933108251431538	0	0	0	0	0	0	0	0	0	0	0	0	0	0	0	0	0	0	0	0	0	0	0	0	0	0	0	0	0	0	0	0	0	0	0	0	0	0	0	0	0	0	0	0	0.99541752695512	0	0	0	0	0	0	0	0	0	0	0	0	0	0	0	0	0	0	0	0	0	0	0	0	0	0	0	0	0	0	0	0
0	0	0	0	0	0	0	0	0	0	0	0	0	0	0	0	0	0	0	0	0	0	0	0	0	0	0.893792941770386	0	0	0	0	0	0.941255331346687	0	0	0	0	0	0	0	0	0	0	0	0	0	0	0.738082870039421	0	0	0	0	0	0	0.959961219306769	0	0.99541752695512	0	0	0	0	0	0	0	0	0	0	0	0	0	0	0	0	0	0	0	0	0	0	0	0	0	0	0	0	0	0	0	0	0
0	0	0	0.798878791557778	0	0	0	0	0	0	0	0	0	0	0	0	0	0	0	0	0	0	0	0	0	0	0	0	0	0	0	0	0	0	0	0	0	0	0	0	0	0	0	0	0	0	0	0	0	0	0	0	0	0	0.936821841420023	0	0	0	0	0	0	0	0	0	0	0	0	0	0	0	0	0	0	0	0	0	0	0	0	0	0	0	0	0	0	0	0	0	0	0
0	0	0	0	0	0	0	0	0	0	0	0	0	0	0	0	0	0	0	0	0	0	0	0	0	0	0	0	0.886170518953519	0	0	0	0	0	0	0	0	0	0	0	0	0	0	0	0	0.677174325792456	0	0	0	0	0	0	0	0	0	0	0	0	0	0	0	0	0	0	0	0	0	0	0	0	0	0	0	0	0	0	0	0.986647502823616	0	0	0	0	0	0	0	0	0	0	0	0
0	0	0	0	0	0	0	0	0	0	0	0.751822521090829	0	0	0	0	0	0	0	0	0	0	0	0	0	0	0.655864720079527	0	0	0	0	0	0	0	0	0	0	0	0	0	0	0	0	0	0	0	0	0.55326476582894	0	0	0	0	0	0	0	0	0	0	0	0	0	0.67759553717358	0	0	0	0	0	0	0	0	0	0	0	0	0	0	0	0	0	0	0	0	0	0	0	0	0	0	0	0
0	0	0	0	0	0	0	0	0	0	0	0	0	0	0	0	0	0	0	0	0	0.852178362075342	0	0	0	0	0	0	0	0	0	0	0	0	0	0	0	0	0	0	0	0	0	0	0	0	0.849981116710858	0	0	0	0	0	0	0	0	0	0	0	0	0	0.67759553717358	0	0	0	0	0	0	0	0	0	0	0	0	0	0	0	0	0	0	0	0	0	0	0	0	0	0	0	0	0
0	0	0	0	0	0	0	0	0	0	0	0	0	0	0	0	0	0	0	0	0	0	0	0	0.908445600018949	0	0	0	0	0	0	0	0	0	0	0	0	0	0	0	0	0	0	0	0	0	0	0	0	0	0	0	0	0	0	0	0	0	0	0	0	0	0	0.885212284829224	0	0	0	0	0	0	0	0	0	0	0	0	0	0	0	0	0	0	0	0	0	0	0	0	0	0
0	0	0	0	0	0	0.703806411927508	0	0	0	0	0	0	0	0	0	0	0	0	0	0	0	0	0	0	0	0	0	0	0	0.768621934491436	0	0	0	0	0	0	0	0	0	0	0	0.908312004990351	0	0	0	0	0	0	0	0	0	0	0	0	0	0	0	0	0	0	0	0.885212284829224	0	0	0.893995896009556	0	0	0	0	0	0	0	0	0	0	0	0	0	0	0	0	0	0	0	0	0	0	0	0
0	0	0	0	0	0	0	0	0	0.995483278439522	0	0	0	0	0	0	0	0	0	0	0	0	0	0	0	0	0	0	0	0	0	0	0	0	0	0	0	0	0	0	0	0	0	0.946445714951298	0	0	0	0	0.688851316121954	0	0	0	0	0	0	0	0	0	0	0	0	0	0	0	0	0	0	0	0	0	0	0	0	0	0	0	0	0	0	0.838984359713681	0.878578683033597	0	0.573963797504697	0.709018848225103	0	0	0	0	0	0
0.732513021904854	0	0	0	0	0	0	0	0	0	0	0	0	0.976908439703622	0	0	0	0	0	0	0	0	0	0	0	0	0	0	0	0.959683047332995	0	0	0	0	0	0	0	0	0	0	0	0	0	0	0	0.934828684301797	0	0	0	0	0	0	0	0	0	0	0	0	0	0	0	0	0	0.893995896009556	0	0	0	0	0	0	0	0	0	0	0	0	0	0	0	0	0	0	0	0	0	0	0	0	0	0
0	0	0	0	0	0	0.660920172213001	0	0	0	0	0	0	0	0	0	0	0	0	0	0	0	0	0	0	0	0	0	0	0	0	0	0	0	0	0	0	0	0	0	0	0	0	0	0	0	0	0	0	0	0	0	0	0	0	0	0	0	0	0	0	0	0	0	0	0	0	0.969574330045154	0	0	0.837381430997183	0.722453510321125	0	0	0	0	0	0	0	0	0	0	0	0	0	0	0	0	0	0
0	0	0	0	0	0	0	0	0	0	0	0	0	0	0	0	0	0	0	0	0	0.995946353329344	0	0	0	0	0	0	0	0	0	0	0	0	0.790269199705343	0	0	0	0	0	0	0	0	0	0.954214568015389	0	0	0	0	0	0	0	0	0	0	0	0	0	0	0	0	0	0	0	0	0	0.969574330045154	0	0.669583632555414	0	0	0	0	0	0	0	0	0	0	0	0	0	0	0	0	0	0	0	0	0
0	0.945840942993519	0	0	0	0	0	0.583424641839841	0	0	0	0	0	0	0	0	0	0	0	0	0	0	0	0	0	0	0	0	0	0	0	0	0	0	0	0	0	0	0	0	0	0	0	0	0	0	0	0	0	0.632968301413785	0	0	0	0	0	0	0	0	0	0	0	0	0	0	0	0	0	0.669583632555414	0	0.826481231693655	0	0	0	0	0	0	0	0	0	0	0	0	0	0	0	0	0.611233354610102	0	0	0
0	0	0	0	0	0	0	0	0	0	0	0	0	0	0	0	0	0	0	0	0	0	0	0	0	0	0	0	0	0	0	0	0	0	0	0	0	0	0	0	0	0	0	0	0	0	0	0	0	0	0	0	0	0	0	0	0	0	0	0	0	0	0	0	0	0	0	0	0.826481231693655	0	0.958677292516994	0	0	0	0	0	0	0	0	0	0.998201618228354	0	0	0	0	0	0	0	0	0
0	0	0	0	0	0	0	0	0	0	0	0	0.981601830231365	0	0	0	0	0	0	0	0	0	0	0	0	0	0	0	0	0	0	0	0	0	0	0	0	0	0	0	0	0	0	0	0	0	0	0	0	0	0	0	0	0	0	0	0	0	0	0	0	0	0	0	0	0	0.837381430997183	0	0	0.958677292516994	0	0	0	0	0	0	0	0	0	0	0	0.816305697992448	0	0	0	0	0	0	0	0
0	0	0	0	0	0	0	0	0	0	0	0.80890335912615	0	0	0	0	0	0	0	0	0	0	0	0	0	0	0	0	0	0	0	0	0	0	0	0	0	0	0	0	0	0	0	0	0	0	0	0	0	0	0	0	0	0	0	0	0	0	0	0	0	0	0	0	0	0	0.722453510321125	0	0	0	0	0	0.861343305768965	0	0	0	0	0	0	0	0	0	0	0	0	0	0.771110556886896	0	0	0
0	0	0	0	0	0	0	0	0	0	0	0	0	0	0	0	0	0	0	0.567638099880517	0	0	0	0	0	0.794545113345822	0.964053095013806	0	0	0	0	0	0	0	0	0	0	0	0	0	0	0	0	0	0	0	0	0	0	0	0	0	0	0	0	0	0	0	0	0	0	0	0	0	0	0	0	0	0	0	0	0.861343305768965	0	0	0	0	0	0	0	0	0	0	0	0	0	0	0	0	0	0
0	0	0	0	0	0	0	0	0	0	0	0	0	0	0	0	0	0	0	0	0	0	0	0	0	0	0	0	0	0	0	0	0	0	0	0	0	0	0	0	0	0	0	0	0	0	0	0	0	0	0.914408933891047	0	0	0.641586486616021	0	0	0	0	0	0	0	0	0	0	0	0	0	0	0	0	0	0	0	0	0	0	0	0	0	0	0	0	0	0	0	0	0.979027844548959	0	0	0
0	0	0	0	0	0	0	0	0	0	0	0	0	0	0.908855525887463	0	0	0	0.914288132683183	0	0	0	0	0	0	0	0	0	0.67869418635141	0	0	0	0	0	0	0	0	0	0	0	0	0	0	0	0	0	0	0	0	0	0	0	0	0	0	0	0	0	0	0	0	0	0	0	0	0	0	0	0	0	0	0	0	0	0	0	0	0	0	0	0	0	0	0	0	0	0	0	0	0
0	0	0	0	0	0	0	0	0	0	0	0	0	0	0	0	0	0	0	0	0	0	0	0	0	0	0	0	0	0	0	0	0	0	0	0	0	0	0	0	0.842442526612794	0	0	0	0	0	0	0.965938416790058	0	0	0	0	0	0	0	0	0	0	0	0	0	0	0	0	0	0	0	0	0	0	0	0	0	0	0	0	0	0	0	0	0	0	0	0	0	0.812025222517012	0	0	0	0
0	0	0	0	0	0	0	0	0	0	0	0	0	0	0	0	0	0	0	0	0	0	0.932104747177503	0	0	0	0	0.897700673800327	0	0	0	0	0	0	0	0	0	0	0	0	0	0	0	0	0	0	0	0	0	0	0	0	0	0	0	0	0	0	0	0	0	0	0	0	0	0	0	0	0	0	0	0	0	0	0	0	0	0	0	0	0	0	0	0	0	0	0	0	0	0
0	0	0	0	0	0	0	0	0	0	0	0	0	0.603822889642382	0	0	0	0	0	0	0	0	0	0	0	0	0	0	0	0	0	0	0.95336192797908	0	0	0	0	0	0	0	0	0	0	0	0	0	0	0	0	0	0	0	0	0	0.797633450218472	0	0	0	0	0.986647502823616	0	0	0	0	0	0	0	0	0	0	0	0	0	0	0	0	0	0	0.832424369078342	0	0	0	0	0	0.963821585543047	0	0	0	0	0
0	0	0	0	0	0	0	0	0	0	0	0	0	0	0	0	0	0	0	0	0	0	0	0	0	0	0	0.857673839473507	0	0	0	0.869705926386577	0	0	0	0	0	0	0	0	0	0	0	0	0	0	0	0	0	0	0	0	0	0	0	0	0	0	0	0	0	0	0	0	0	0	0	0	0	0	0	0	0	0	0	0	0	0.832424369078342	0	0	0	0	0	0	0	0.992322615211791	0	0	0	0
0	0	0	0	0	0	0	0	0	0	0	0	0	0	0	0	0	0	0	0	0	0	0	0	0	0	0	0	0	0	0	0	0	0	0	0	0.913134066136335	0	0	0	0	0	0	0	0	0	0	0	0	0	0	0	0	0	0	0	0	0	0	0	0	0	0	0	0.838984359713681	0	0	0	0	0	0	0	0	0	0	0	0	0	0	0	0	0	0	0	0	0.805529786488447	0	0	0	0
0	0	0	0	0	0	0	0	0	0	0	0	0.980704613248328	0	0	0	0	0	0	0	0	0	0	0	0	0	0	0	0	0	0	0	0	0	0	0	0	0	0	0.884933880302697	0	0	0	0	0	0	0	0	0	0	0	0	0	0	0	0	0	0	0	0	0	0	0	0	0.878578683033597	0	0	0	0	0.998201618228354	0	0	0	0	0	0	0	0	0	0	0	0	0	0	0	0	0	0	0	0
0	0	0	0	0	0	0	0	0	0	0	0	0	0	0	0	0	0	0	0	0	0	0	0	0	0	0	0	0	0	0	0	0	0	0	0.768133644384088	0	0	0	0	0	0	0	0	0	0	0	0	0	0	0	0	0	0	0	0	0	0	0	0	0	0	0	0	0	0	0	0	0	0	0.816305697992448	0	0	0	0	0	0	0	0	0	0	0	0	0	0	0	0	0	0	0
0	0	0	0	0	0	0	0	0	0	0	0	0	0	0	0	0	0	0	0	0	0	0	0	0	0	0	0	0	0	0	0	0	0	0	0	0	0	0	0.574894498286618	0	0	0	0.949538301175184	0	0	0	0	0	0	0	0	0	0.857986545239268	0	0	0	0	0	0	0	0	0	0	0.573963797504697	0	0	0	0	0	0	0	0	0	0	0	0	0	0	0	0	0	0	0	0.701993794969785	0	0	0	0	0
0	0	0	0	0	0	0	0	0	0	0	0	0	0	0	0	0	0	0	0	0	0	0	0	0	0	0	0	0	0	0	0	0	0	0	0	0	0	0	0	0	0	0	0	0	0	0	0	0	0	0	0	0	0	0	0	0	0	0	0	0	0	0	0	0.709018848225103	0	0	0	0	0	0	0	0	0	0	0	0	0	0	0	0	0	0	0	0	0.842686794264813	0	0	0	0
0	0	0	0	0	0	0	0	0	0	0	0	0	0.777023408485789	0	0	0	0	0	0	0	0	0	0	0	0	0	0	0	0	0	0.695811439692415	0	0	0	0	0	0	0	0	0	0	0	0	0	0	0	0	0	0	0	0	0	0	0	0	0	0	0	0	0	0	0	0	0	0	0	0	0	0	0	0	0	0	0	0	0	0.963821585543047	0	0	0	0	0.701993794969785	0	0	0	0	0	0	0
0	0	0	0	0	0	0	0	0	0	0	0	0	0	0	0	0	0	0	0	0	0	0	0	0	0	0	0	0	0	0	0	0	0	0	0	0	0	0	0	0	0	0	0	0	0	0	0	0	0	0	0	0	0	0	0	0	0	0	0	0	0	0	0	0	0	0	0	0	0	0	0	0	0	0	0.812025222517012	0	0	0.992322615211791	0.805529786488447	0	0	0	0.842686794264813	0	0	0	0.716452430683911	0	0
0	0	0	0	0	0	0	0	0	0	0	0	0	0	0	0	0	0	0	0	0	0	0	0	0	0	0	0	0	0	0	0	0	0	0	0	0	0	0	0	0	0	0	0	0	0	0	0	0.772487317693208	0	0	0	0	0	0	0	0	0	0	0	0	0	0	0	0	0	0	0	0.611233354610102	0	0	0.771110556886896	0	0.979027844548959	0	0	0	0	0	0	0	0	0	0	0	0	0	0	0	0
0	0	0	0	0	0	0	0	0.898099922327922	0	0	0	0	0	0	0	0	0	0	0	0	0	0	0	0	0	0	0	0	0	0.825471628247091	0	0	0	0	0	0	0	0	0	0	0	0	0	0	0	0	0	0	0	0	0	0.657891019176305	0	0	0	0	0	0	0	0	0	0	0	0	0	0	0	0	0	0	0	0	0	0	0	0	0	0	0	0	0	0	0	0	0.716452430683911	0	0	0	0
0	0.8840932912785	0	0	0	0	0	0.976387980927422	0	0	0	0	0	0	0	0	0	0	0	0	0	0	0	0	0	0	0.868400643398999	0	0	0	0	0	0	0	0	0	0	0.770714329010381	0	0	0	0	0	0	0	0	0	0	0	0	0	0	0	0	0	0	0	0	0	0	0	0	0	0	0	0	0	0	0	0	0	0	0	0	0	0	0	0	0	0	0	0	0	0	0	0	0	0	0	0
0	0.978469554013298	0	0	0	0	0	0	0	0	0	0	0	0	0	0.576260267913513	0	0.934942547955929	0	0	0	0	0	0	0	0	0	0	0	0	0	0	0	0	0	0	0	0	0	0	0	0	0	0	0	0	0	0	0	0	0	0	0	0	0	0	0	0	0	0	0	0	0	0	0	0	0	0	0	0	0	0	0	0	0	0	0	0	0	0	0	0	0	0	0	0	0	0	0	0
