0	0	0	0	0	0	0	0	0	0	0	0	0	0	0	0	0	0	0	0	0	0	0	0	0	0	0	0	0	0	0	0	0	0	0	0	0	0	0	0	0	0	0	0	0	0.837075676107942	0	0	0	0	0	0	0	0	0.760928840792097	0	0	0	0	0	0	0	0	0	0	0	0	0	0	0	0	0	0	0	0	0	0	0	0	0	0	0	0	0	0	0	0	0	0	0.679886939424598
0	0	0	0	0	0	0	0	0.962550496832394	0	0	0	0	0	0	0	0	0	0	0.635783367261988	0	0	0	0	0.951402348533489	0	0	0	0	0	0	0	0	0	0	0	0	0	0	0	0	0	0	0	0	0	0	0	0	0	0	0	0	0	0	0	0	0	0	0	0	0	0	0	0	0.837514989526202	0	0	0	0	0	0	0	0	0	0	0	0	0	0	0	0	0	0	0	0	0	0	0	0
0	0	0	0	0	0	0.706078103419161	0	0	0	0	0	0	0	0	0	0	0	0	0	0	0	0	0	0	0	0	0	0	0	0	0	0	0	0	0	0	0	0.90068155803553	0	0	0	0	0	0	0	0	0	0	0	0	0	0	0	0	0	0	0	0	0	0	0	0	0	0	0.583584728005338	0	0	0	0	0	0	0	0	0	0	0	0	0	0	0	0	0	0	0	0	0	0	0	0
0	0	0	0	0	0	0	0	0	0	0	0	0	0	0	0	0	0	0	0	0	0	0	0	0	0	0	0	0	0	0	0	0	0	0	0	0	0	0	0	0	0	0	0	0	0	0	0	0	0	0	0	0	0	0	0	0	0	0	0	0.834169789993691	0	0	0	0	0	0	0	0	0	0.859134351067836	0	0.533749265679517	0	0.985506172996505	0	0	0	0	0	0.994040199961478	0.895764278781596	0	0	0	0	0	0	0	0
0	0	0	0	0	0	0	0	0	0	0	0	0	0	0	0	0	0	0	0	0	0	0	0	0	0	0	0	0	0	0	0	0.812771348572066	0	0	0	0	0	0	0	0	0	0	0.820328876291181	0	0	0	0	0	0.962851457283402	0	0	0	0	0	0	0	0.87001657319749	0	0	0	0	0	0	0	0	0	0	0	0	0	0	0	0	0	0	0	0	0	0	0	0	0	0	0	0	0	0	0	0
0	0	0	0	0	0	0	0	0	0	0	0	0	0	0	0	0	0	0	0	0	0	0	0	0	0	0	0	0	0	0.80201561917253	0	0	0	0	0	0	0	0	0	0	0.785688055808833	0	0	0	0	0	0	0	0	0	0	0	0	0	0	0	0	0	0	0	0	0	0	0	0	0	0	0	0	0	0	0	0	0	0	0	0	0	0	0	0	0	0	0	0	0	0	0	0
0	0	0.706078103419161	0	0	0	0	0	0	0	0	0	0	0	0	0	0	0	0	0	0	0	0	0	0	0	0	0	0	0	0	0	0	0	0	0	0	0	0	0	0	0	0	0	0	0	0	0.901822855177579	0	0	0	0	0.936742087009542	0	0.888926845699143	0	0	0	0	0	0	0	0	0	0	0	0	0	0	0	0	0	0	0	0	0	0	0	0	0	0	0	0	0	0	0	0	0	0	0
0	0	0	0	0	0	0	0	0.799488183050762	0	0	0	0	0	0	0	0	0	0	0	0	0	0	0	0	0.745794206640589	0	0	0	0	0	0	0	0	0	0	0	0	0	0	0	0	0	0	0	0	0	0	0	0	0	0	0	0	0	0	0	0.631727600402658	0	0	0	0	0	0	0	0	0	0	0	0	0	0	0	0	0	0	0	0	0	0	0	0	0	0	0	0	0	0	0	0
0	0.962550496832394	0	0	0	0	0	0.799488183050762	0	0	0	0	0	0	0	0	0	0	0	0	0	0.9270590067399	0	0	0	0	0	0	0	0	0	0	0	0	0	0	0	0	0	0	0	0	0	0	0	0	0	0	0	0	0	0	0	0.803732282221564	0	0	0	0	0	0	0	0	0	0	0	0	0	0	0	0	0	0	0	0	0	0	0	0	0	0	0	0	0	0	0	0	0	0.973528780826293	0.80505115649145	0
0	0	0	0	0	0	0	0	0	0	0	0	0	0	0	0	0	0	0.641406016455099	0	0	0	0	0	0	0	0	0	0	0	0	0	0	0	0	0	0	0	0	0	0	0	0	0	0	0	0	0	0	0	0	0	0	0	0	0	0	0	0	0	0	0	0	0	0	0.76169836693845	0	0	0	0	0	0	0	0	0	0.93714645083429	0	0	0	0	0	0	0	0	0	0	0	0	0	0
0	0	0	0	0	0	0	0	0	0	0	0	0	0	0	0	0	0	0	0	0	0	0	0	0	0	0.667249433922458	0	0	0	0	0	0	0	0	0	0	0.794670576437067	0	0	0	0	0	0	0	0.895164333068636	0	0	0.875266405502863	0	0	0	0	0	0	0	0	0	0	0	0	0	0	0	0	0	0	0.875925979331883	0	0	0	0	0	0.950458820360273	0	0.968421334194042	0	0.722142339366763	0	0	0	0	0	0	0	0	0	0	0	0
0	0	0	0	0	0	0	0	0	0	0	0	0	0.757340792542402	0	0	0	0	0	0	0	0	0	0	0	0	0	0	0	0	0	0	0	0	0	0	0.801715948349897	0	0	0	0	0	0	0	0	0	0	0	0	0	0	0	0.69292042202122	0	0	0	0	0	0	0	0	0	0	0	0	0	0	0	0	0	0	0	0	0	0	0	0	0	0	0	0	0	0	0	0	0	0	0	0	0.867086346912117
0	0	0	0	0	0	0	0	0	0	0	0	0	0.971263489500598	0	0	0	0.794111854765004	0	0	0	0	0	0	0	0	0	0	0	0	0	0.704840721544137	0	0	0	0	0	0	0	0	0	0	0	0	0	0	0	0	0	0	0.580740963975703	0	0	0	0	0	0	0	0	0	0	0	0	0	0	0	0	0	0	0	0	0	0	0.995196985046173	0	0	0.917283680335738	0	0	0	0	0	0	0	0	0	0	0	0	0
0	0	0	0	0	0	0	0	0	0	0	0.757340792542402	0.971263489500598	0	0	0	0	0	0	0	0	0	0	0	0	0	0	0	0	0	0	0	0	0.744373498819051	0	0	0	0	0	0	0	0	0	0	0	0	0	0	0	0	0	0	0	0	0	0	0	0	0	0	0	0	0	0	0	0	0	0	0.979238286695359	0	0	0	0	0	0.937884427914259	0	0	0	0	0	0	0	0	0	0	0	0	0	0	0
0	0	0	0	0	0	0	0	0	0	0	0	0	0	0	0	0	0	0	0	0	0	0	0.937055403241764	0	0	0	0	0	0	0	0	0	0	0	0	0	0	0	0	0	0	0	0	0	0	0	0	0	0.930434014643814	0	0	0	0	0	0	0	0	0	0.910112693787894	0	0	0	0	0	0	0	0	0	0	0	0	0	0	0	0	0	0	0	0.781593197882087	0	0	0	0	0	0	0	0	0	0
0	0	0	0	0	0	0	0	0	0	0	0	0	0	0	0	0.717282352342246	0.951665109318147	0	0	0	0	0	0	0	0	0	0	0	0	0	0	0	0	0	0	0	0	0	0	0	0	0	0	0	0	0	0	0	0	0	0	0	0	0	0	0	0	0	0	0	0	0	0	0	0	0	0	0	0	0	0	0	0	0	0	0	0	0	0	0	0	0	0	0	0.603244752136419	0	0	0	0
0	0	0	0	0	0	0	0	0	0	0	0	0	0	0	0.717282352342246	0	0.74176798564794	0.843786786117693	0	0	0	0	0	0	0	0	0	0	0	0	0	0	0	0	0	0	0	0	0	0	0	0	0	0	0	0	0	0	0	0	0	0	0	0	0	0	0	0	0	0	0	0	0	0	0	0	0	0	0	0	0	0	0	0	0	0	0	0	0	0	0	0	0	0	0	0	0	0	0
0	0	0	0	0	0	0	0	0	0	0	0	0.794111854765004	0	0	0.951665109318147	0.74176798564794	0	0.878224474565393	0	0	0	0	0	0	0	0	0	0	0	0	0	0	0	0	0	0	0	0	0	0	0	0	0	0	0	0	0	0	0	0	0	0	0	0	0	0	0	0	0	0	0	0	0	0	0	0	0	0	0	0	0	0	0	0	0	0	0	0	0	0	0	0	0	0	0	0	0	0	0
0	0	0	0	0	0	0	0	0	0.641406016455099	0	0	0	0	0	0	0.843786786117693	0.878224474565393	0	0	0	0	0	0	0	0	0	0	0	0	0	0	0	0	0	0	0	0	0	0	0	0	0	0	0	0	0	0	0	0	0	0	0	0	0	0	0	0	0	0	0	0	0	0	0	0	0	0	0	0	0	0	0	0	0	0	0.588941492976252	0	0	0	0	0	0	0	0	0	0	0	0	0
0	0.635783367261988	0	0	0	0	0	0	0	0	0	0	0	0	0	0	0	0	0	0	0	0	0	0	0	0	0	0	0	0.925874900576479	0	0	0	0	0	0	0	0	0	0	0	0	0	0	0	0	0	0	0	0	0	0	0	0	0	0	0	0	0	0	0	0	0	0	0	0	0	0	0	0	0	0	0	0	0	0	0	0	0.954337125393291	0	0	0.899876447974624	0	0	0	0	0	0	0	0
0	0	0	0	0	0	0	0	0	0	0	0	0	0	0	0	0	0	0	0	0	0	0	0	0	0	0	0	0	0	0	0	0	0	0	0	0	0.942411032271375	0	0	0	0.872932267854398	0	0	0	0	0	0	0	0	0	0	0	0	0	0	0	0	0	0.771466011752006	0	0	0	0	0	0	0	0	0	0	0	0	0.731538757789812	0	0	0	0	0	0	0	0	0	0	0	0	0	0	0	0	0
0	0	0	0	0	0	0	0	0.9270590067399	0	0	0	0	0	0	0	0	0	0	0	0	0	0	0	0	0	0	0	0	0	0	0	0	0	0	0.98236424516815	0	0	0	0	0	0	0	0	0	0	0	0	0	0	0	0	0	0	0	0	0	0	0	0	0	0	0	0	0	0	0	0	0	0	0	0	0	0	0	0	0	0	0	0	0	0	0	0	0	0	0	0	0	0
0	0	0	0	0	0	0	0	0	0	0	0	0	0	0	0	0	0	0	0	0	0	0	0.809315345787216	0.694894913856029	0	0	0	0	0	0	0	0	0.791189944011047	0	0	0	0	0	0	0	0	0	0	0	0	0	0	0	0	0	0	0	0	0	0	0	0	0	0	0	0	0	0	0.682458077614828	0	0	0	0	0	0	0	0	0	0	0	0	0	0	0	0	0	0	0	0	0	0	0	0	0
0	0	0	0	0	0	0	0	0	0	0	0	0	0	0.937055403241764	0	0	0	0	0	0	0	0.809315345787216	0	0	0.917066070978799	0	0	0	0.692175856179142	0	0	0	0	0	0	0	0	0	0	0	0	0	0	0	0	0	0	0	0	0	0	0	0	0	0	0	0	0	0	0	0	0	0	0	0.703765336555543	0	0	0	0	0	0	0	0	0	0	0	0	0	0	0	0	0	0	0	0	0	0	0	0
0	0.951402348533489	0	0	0	0	0	0	0	0	0	0	0	0	0	0	0	0	0	0	0	0	0.694894913856029	0	0	0	0	0	0	0	0	0	0	0	0	0	0	0	0	0	0	0	0	0	0	0	0	0	0	0.618108552306275	0	0	0	0	0	0	0	0	0	0	0	0	0.941981624585877	0	0	0	0	0	0	0	0	0	0	0	0	0	0	0	0	0	0	0	0	0	0	0	0	0	0	0
0	0	0	0	0	0	0	0.745794206640589	0	0	0	0	0	0	0	0	0	0	0	0	0	0	0	0.917066070978799	0	0	0	0	0	0	0	0	0	0	0	0	0	0	0	0	0.963290579112282	0	0	0	0	0	0	0	0	0	0	0	0	0	0	0	0	0	0	0	0.856312863480761	0	0	0	0	0	0	0	0	0	0	0	0	0	0	0.871596720039633	0	0	0	0	0	0	0	0	0	0	0	0	0	0
0	0	0	0	0	0	0	0	0	0	0.667249433922458	0	0	0	0	0	0	0	0	0	0	0	0	0	0	0	0	0	0	0	0	0	0.875330340339954	0	0	0	0	0	0	0	0	0	0	0	0	0	0	0	0	0	0	0	0	0	0	0	0	0	0	0	0	0	0	0	0	0	0	0	0	0	0	0	0	0	0	0	0	0	0.751622454408676	0	0	0	0	0	0	0	0	0.710314063942201	0	0
0	0	0	0	0	0	0	0	0	0	0	0	0	0	0	0	0	0	0	0	0	0	0	0	0	0	0	0	0.873060348262915	0	0	0	0	0	0	0	0	0	0	0	0	0	0	0	0	0	0	0	0	0	0	0	0	0	0	0	0	0	0	0	0	0	0	0	0	0	0	0	0	0	0	0	0	0	0	0	0	0	0	0	0	0.94437962336801	0	0	0	0	0	0	0	0
0	0	0	0	0	0	0	0	0	0	0	0	0	0	0	0	0	0	0	0	0	0	0	0	0	0	0	0.873060348262915	0	0	0	0	0	0	0	0	0	0	0	0	0	0	0.751939966355857	0	0	0	0	0	0	0	0	0	0	0	0	0	0	0	0	0	0	0	0	0	0	0	0	0	0	0	0	0	0	0.994759684768782	0	0	0	0	0	0	0	0	0	0	0	0	0	0	0	0
0	0	0	0	0	0	0	0	0	0	0	0	0	0	0	0	0	0	0	0.925874900576479	0	0	0	0.692175856179142	0	0	0	0	0	0	0	0	0	0	0	0	0	0	0	0	0	0	0	0	0	0	0	0	0.918967094835147	0	0	0	0	0	0	0	0	0	0	0	0	0	0	0	0	0	0	0	0	0	0	0	0	0	0	0	0	0	0	0.683581535831194	0	0	0	0	0	0	0	0	0	0
0	0	0	0	0	0.80201561917253	0	0	0	0	0	0	0	0	0	0	0	0	0	0	0	0	0	0	0	0	0	0	0	0	0	0	0	0	0	0	0	0	0	0	0.858832925983502	0	0	0	0	0	0	0	0	0	0	0	0	0	0	0	0	0	0	0	0	0	0	0	0	0	0	0	0	0	0	0	0	0	0	0	0	0	0	0	0.709241007247883	0	0	0	0	0	0	0	0	0
0	0	0	0	0	0	0	0	0	0	0	0	0.704840721544137	0	0	0	0	0	0	0	0	0	0	0	0	0	0	0	0	0	0	0	0	0	0	0	0	0	0	0	0	0	0	0	0	0	0	0	0	0	0	0	0	0	0	0	0	0	0	0	0	0	0	0	0	0	0	0	0	0	0	0	0	0	0	0	0	0	0	0	0	0	0	0	0	0	0	0.930802371702362	0	0
0	0	0	0	0.812771348572066	0	0	0	0	0	0	0	0	0	0	0	0	0	0	0	0	0	0	0	0	0	0.875330340339954	0	0	0	0	0	0	0	0	0	0	0	0	0	0	0	0	0	0.864415750017955	0	0	0	0	0	0	0	0	0	0	0	0.907397366920663	0	0	0	0	0	0	0	0	0	0	0	0	0	0	0	0	0	0	0	0	0	0	0	0	0	0	0.923129933379843	0	0	0	0	0	0
0	0	0	0	0	0	0	0	0	0	0	0	0	0.744373498819051	0	0	0	0	0	0	0	0	0.791189944011047	0	0	0	0	0	0	0	0	0	0	0	0.958709908031667	0	0	0	0	0	0	0	0	0	0	0	0	0	0	0	0	0	0	0	0	0	0	0	0	0	0	0	0	0	0	0	0	0	0	0	0	0	0	0	0	0	0	0	0	0	0	0	0	0	0	0	0	0	0	0
0	0	0	0	0	0	0	0	0	0	0	0	0	0	0	0	0	0	0	0	0	0	0	0	0	0	0	0	0	0	0	0	0	0.958709908031667	0	0	0	0	0	0	0	0	0	0	0	0	0	0	0	0	0	0	0	0.778312880500199	0	0	0	0	0	0	0	0	0	0	0	0	0	0	0.755017818040441	0.628563140759259	0	0	0	0	0	0	0	0	0	0	0	0.811447602943983	0	0	0	0	0	0	0	0
0	0	0	0	0	0	0	0	0	0	0	0	0	0	0	0	0	0	0	0	0	0.98236424516815	0	0	0	0	0	0	0	0	0	0	0	0	0	0	0	0.920935998875924	0	0.996176900068856	0	0	0	0	0.968699588120907	0	0	0	0	0	0	0	0	0	0	0	0	0	0	0	0	0	0	0	0	0	0	0	0	0	0	0	0	0	0	0	0	0	0	0	0	0	0	0	0	0	0	0	0	0
0	0	0	0	0	0	0	0	0	0	0	0.801715948349897	0	0	0	0	0	0	0	0	0	0	0	0	0	0	0	0	0	0	0	0	0	0	0	0	0	0	0	0	0	0	0	0	0	0	0	0	0	0	0	0	0	0	0	0.840080477495873	0	0	0	0	0	0	0	0	0	0	0.944077272762873	0	0	0	0.925450265687255	0	0	0	0	0	0	0	0.759860514085936	0	0	0	0	0	0	0	0	0	0	0
0	0	0	0	0	0	0	0	0	0	0.794670576437067	0	0	0	0	0	0	0	0	0	0.942411032271375	0	0	0	0	0	0	0	0	0	0	0	0	0	0	0.920935998875924	0	0	0	0	0	0	0	0	0	0	0	0	0	0	0	0	0	0	0	0	0	0	0	0	0	0	0	0	0	0	0	0	0	0	0	0	0	0	0	0	0	0	0	0.885723581416279	0	0	0	0	0	0	0	0	0	0
0	0	0.90068155803553	0	0	0	0	0	0	0	0	0	0	0	0	0	0	0	0	0	0	0	0	0	0	0	0	0	0	0	0	0	0	0	0	0	0	0	0	0	0	0	0	0	0	0	0	0	0.870828782519039	0	0	0	0	0.811358611385068	0.80367203496797	0	0	0	0	0	0	0	0	0	0	0	0	0	0	0	0	0	0	0	0	0	0	0	0	0	0	0	0	0	0	0	0	0	0	0
0	0	0	0	0	0	0	0	0	0	0	0	0	0	0	0	0	0	0	0	0	0	0	0	0	0	0	0	0	0	0	0	0	0	0	0.996176900068856	0	0	0	0	0.808483167406723	0	0	0	0	0	0	0	0	0	0	0	0	0	0	0	0	0	0	0	0	0	0	0	0	0	0	0	0	0	0	0	0	0	0	0	0	0	0	0	0	0	0	0	0	0	0	0	0	0
0	0	0	0	0	0	0	0	0	0	0	0	0	0	0	0	0	0	0	0	0	0	0	0	0	0.963290579112282	0	0	0	0	0.858832925983502	0	0	0	0	0	0	0	0	0.808483167406723	0	0	0.830247659160729	0	0	0	0	0	0	0	0	0	0	0	0	0	0	0	0	0	0	0	0	0	0	0	0	0	0	0	0	0	0	0	0	0	0	0	0	0	0	0	0	0	0	0	0	0	0	0
0	0	0	0	0	0.785688055808833	0	0	0	0	0	0	0	0	0	0	0	0	0	0	0.872932267854398	0	0	0	0	0	0	0	0	0	0	0	0	0	0	0	0	0	0	0	0	0	0.704062804761115	0.710455613106817	0	0	0	0	0	0	0	0	0	0	0	0	0	0	0	0	0	0	0	0	0	0	0	0	0	0	0	0	0	0	0	0	0	0	0	0	0	0	0	0	0	0	0	0	0.552611974314455	0
0	0	0	0	0	0	0	0	0	0	0	0	0	0	0	0	0	0	0	0	0	0	0	0	0	0	0	0	0.751939966355857	0	0	0	0	0	0	0	0	0	0	0	0.830247659160729	0.704062804761115	0	0.959702940570942	0	0	0	0	0	0	0	0.714915275702885	0	0	0	0	0	0	0	0	0	0	0	0.847206906187193	0	0	0	0	0	0.733377768145913	0	0	0	0	0	0	0	0	0	0	0	0	0	0	0	0	0	0	0	0
0	0	0	0	0.820328876291181	0	0	0	0	0	0	0	0	0	0	0	0	0	0	0	0	0	0	0	0	0	0	0	0	0	0	0	0	0	0	0	0	0	0	0	0	0.710455613106817	0.959702940570942	0	0	0	0	0	0	0	0.552950264361781	0	0	0	0	0	0	0	0	0	0	0	0	0	0	0	0	0	0	0	0	0	0	0	0	0	0	0	0	0	0	0	0	0	0	0	0	0	0	0
0	0	0	0	0	0	0	0	0	0	0	0	0	0	0	0	0	0	0	0	0	0	0	0	0	0	0	0	0	0	0	0	0.864415750017955	0	0	0.968699588120907	0	0	0	0	0	0	0	0	0	0	0	0	0	0	0	0	0	0	0	0	0	0.951989644360926	0	0	0	0	0	0	0	0	0	0	0	0	0	0	0	0	0.820876877049236	0	0	0	0	0	0	0	0	0	0	0	0	0	0	0
0.837075676107942	0	0	0	0	0	0	0	0	0	0.895164333068636	0	0	0	0	0	0	0	0	0	0	0	0	0	0	0	0	0	0	0	0	0	0	0	0	0	0	0	0	0	0	0	0	0	0	0	0	0	0	0	0	0	0	0	0	0.657307488256387	0	0	0	0	0	0	0	0	0	0	0	0	0	0	0	0	0	0	0	0	0	0	0	0	0	0	0.651800480333172	0	0	0	0	0.606751983684447	0	0
0	0	0	0	0	0	0	0	0	0	0	0	0	0	0	0	0	0	0	0	0	0	0	0	0	0	0	0	0	0	0	0	0	0	0	0	0	0	0	0	0	0	0	0	0	0	0	0.87569687918977	0	0.944437502707471	0	0	0	0	0	0	0	0	0	0	0	0	0	0	0	0	0	0	0	0	0	0	0	0	0	0	0	0	0	0	0.544749248763135	0	0	0	0	0	0	0	0	0
0	0	0	0	0	0	0.901822855177579	0	0	0	0	0	0	0	0	0	0	0	0	0	0	0	0	0	0	0	0	0	0	0	0	0	0	0	0	0	0	0	0	0	0	0	0	0	0	0	0.87569687918977	0	0.934615505577338	0	0	0	0	0	0	0	0	0	0	0	0	0	0	0	0	0	0	0	0	0	0	0.765201107770662	0	0	0	0	0	0	0	0	0	0	0	0	0	0	0	0	0	0
0	0	0	0	0	0	0	0	0	0	0.875266405502863	0	0	0	0	0	0	0	0	0	0	0	0	0	0	0	0	0	0	0.918967094835147	0	0	0	0	0	0	0	0	0.870828782519039	0	0	0	0	0	0	0	0	0.934615505577338	0	0	0	0	0	0	0	0	0	0	0	0	0	0	0	0	0	0	0	0	0	0	0	0	0	0	0	0	0	0	0	0	0	0	0	0	0	0	0	0.747753910044289	0	0
0	0	0	0	0.962851457283402	0	0	0	0	0	0	0	0	0	0.930434014643814	0	0	0	0	0	0	0	0	0	0.618108552306275	0	0	0	0	0	0	0	0	0	0	0	0	0	0	0	0	0	0	0	0	0	0.944437502707471	0	0	0	0	0	0	0	0	0	0	0	0	0	0	0	0	0	0	0	0	0	0	0	0	0	0	0	0	0.896059144327902	0	0	0	0	0	0	0	0	0	0	0	0	0.984094145338874	0
0	0	0	0	0	0	0	0	0	0	0	0	0.580740963975703	0	0	0	0	0	0	0	0	0	0	0	0	0	0	0	0	0	0	0	0	0	0	0	0	0	0	0	0	0	0	0.552950264361781	0	0	0	0	0	0	0	0	0	0.622130001213635	0	0	0	0	0	0	0	0	0	0	0	0	0	0	0	0	0	0	0	0	0	0	0	0	0	0	0	0	0	0	0	0	0	0	0	0
0	0	0	0	0	0	0	0	0	0	0	0	0	0	0	0	0	0	0	0	0	0	0	0	0	0	0	0	0	0	0	0	0	0	0	0	0	0	0	0	0	0	0.714915275702885	0	0	0	0	0	0	0	0	0	0	0	0	0	0	0	0.959491511659247	0	0	0	0	0	0	0	0	0	0	0	0	0	0	0	0	0	0	0	0.731791405543353	0	0	0	0	0	0	0	0	0	0	0
0	0	0	0	0	0	0.936742087009542	0	0	0	0	0.69292042202122	0	0	0	0	0	0	0	0	0	0	0	0	0	0	0	0	0	0	0	0	0	0	0	0	0	0	0	0	0	0	0	0	0	0	0	0	0	0	0	0	0	0	0	0	0	0.954434453886772	0	0	0	0	0	0	0	0	0	0	0	0	0	0.955569512705557	0.757664343937197	0	0	0	0	0	0	0	0	0	0	0	0.760137313597651	0	0	0	0	0
0	0	0	0	0	0	0	0	0.803732282221564	0	0	0	0	0	0	0	0	0	0	0	0	0	0	0	0	0	0	0	0	0	0	0	0	0	0.778312880500199	0	0	0	0.811358611385068	0	0	0	0	0	0	0	0	0	0	0	0.622130001213635	0	0	0	0	0	0	0	0	0	0	0	0	0	0	0	0	0	0	0	0	0	0	0	0.966832924618783	0	0	0	0	0	0	0	0	0	0	0	0	0	0	0
0.760928840792097	0	0	0	0	0	0.888926845699143	0	0	0	0	0	0	0	0	0	0	0	0	0	0	0	0	0	0	0	0	0	0	0	0	0	0	0	0	0	0	0	0.80367203496797	0	0	0	0	0	0	0	0	0	0	0	0	0	0	0	0	0	0	0	0	0	0	0	0	0	0	0	0	0	0	0	0	0.92769549363435	0	0	0	0	0	0	0	0	0	0	0	0	0	0	0.764535507410372	0	0	0
0	0	0	0	0	0	0	0	0	0	0	0	0	0	0	0	0	0	0	0	0	0	0	0	0	0	0	0	0	0	0	0	0	0	0	0	0.840080477495873	0	0	0	0	0	0	0	0	0.657307488256387	0	0	0	0	0	0	0	0	0	0	0	0	0	0	0	0	0	0	0	0	0	0	0	0	0	0	0	0	0	0	0	0	0	0	0.984622836272638	0	0	0.763383585686382	0	0	0	0	0	0
0	0	0	0	0	0	0	0	0	0	0	0	0	0	0	0	0	0	0	0	0	0	0	0	0	0	0	0	0	0	0	0	0.907397366920663	0	0	0	0	0	0	0	0	0	0	0	0	0	0	0	0	0	0	0	0	0	0	0	0	0	0.923400738967678	0	0.943996434892759	0	0	0	0	0	0	0	0	0	0	0	0	0	0	0	0	0	0	0	0	0	0	0	0	0	0	0	0	0
0	0	0	0	0.87001657319749	0	0	0.631727600402658	0	0	0	0	0	0	0	0	0	0	0	0	0	0	0	0	0	0	0	0	0	0	0	0	0	0	0	0	0	0	0	0	0	0	0	0	0.951989644360926	0	0	0	0	0	0	0	0.954434453886772	0	0	0	0	0	0	0	0	0	0	0	0	0	0	0	0	0	0	0	0	0	0	0	0	0	0	0	0	0	0	0	0	0	0	0	0	0
0	0	0	0	0	0	0	0	0	0	0	0	0	0	0	0	0	0	0	0	0	0	0	0	0	0	0	0	0	0	0	0	0	0	0	0	0	0	0	0	0	0	0	0	0	0	0	0	0	0	0	0.959491511659247	0	0	0	0	0.923400738967678	0	0	0.629443469408148	0	0	0	0	0	0	0	0	0	0	0	0	0	0	0	0	0	0	0	0	0	0	0	0	0	0	0.786006360588604	0	0	0
0	0	0	0	0	0	0	0	0	0	0	0	0	0	0.910112693787894	0	0	0	0	0	0.771466011752006	0	0	0	0	0	0	0	0	0	0	0	0	0	0	0	0	0	0	0	0	0	0	0	0	0	0	0	0	0	0	0	0	0	0	0	0	0	0.629443469408148	0	0	0.935473650646231	0	0	0	0	0	0	0	0	0	0	0	0	0	0.781679743778053	0	0	0	0	0	0	0	0	0	0	0	0	0	0
0	0	0	0.834169789993691	0	0	0	0	0	0	0	0	0	0	0	0	0	0	0	0	0	0	0	0	0	0.856312863480761	0	0	0	0	0	0	0	0	0	0	0	0	0	0	0	0	0	0	0	0	0	0	0	0	0	0	0	0	0	0	0.943996434892759	0	0	0	0	0	0	0	0	0	0	0	0	0	0	0	0	0	0	0	0	0	0	0	0	0	0	0	0	0	0	0	0	0
0	0	0	0	0	0	0	0	0	0	0	0	0	0	0	0	0	0	0	0	0	0	0	0	0	0	0	0	0	0	0	0	0	0	0	0	0	0	0	0	0	0	0	0	0	0	0	0	0	0	0	0	0	0	0	0	0	0	0	0.935473650646231	0	0	0.730318064600359	0	0	0.718016304451283	0	0	0	0	0	0	0	0	0	0	0	0	0	0	0	0	0	0	0	0	0	0	0	0
0	0	0	0	0	0	0	0	0	0	0	0	0	0	0	0	0	0	0	0	0	0	0	0	0.941981624585877	0	0	0	0	0	0	0	0	0	0	0	0	0	0	0	0	0	0	0	0	0	0	0	0	0	0	0	0	0	0	0	0	0	0	0	0	0.730318064600359	0	0	0	0	0	0	0	0	0.669278626106495	0	0	0	0	0	0.685083670483551	0	0	0	0	0	0	0	0	0	0	0	0	0
0	0	0	0	0	0	0	0	0	0	0	0	0	0	0	0	0	0	0	0	0	0	0	0	0	0	0	0	0	0	0	0	0	0	0	0	0	0	0	0	0	0	0.847206906187193	0	0	0	0	0	0	0	0	0	0	0	0	0	0	0	0	0	0	0	0	0	0.954127022092026	0	0	0	0	0.91523770963278	0	0	0	0	0	0	0	0	0	0	0	0	0	0	0	0	0	0	0	0
0	0	0	0	0	0	0	0	0	0	0	0	0	0	0	0	0	0	0	0	0	0	0.682458077614828	0	0	0	0	0	0	0	0	0	0	0	0	0	0	0	0	0	0	0	0	0	0	0	0	0	0	0	0	0	0	0	0	0	0	0	0	0	0	0	0	0.954127022092026	0	0	0	0	0	0	0	0	0	0	0	0	0	0	0	0.85700709015809	0	0	0	0	0	0	0	0	0	0
0	0.837514989526202	0.583584728005338	0	0	0	0	0	0	0.76169836693845	0	0	0	0	0	0	0	0	0	0	0	0	0	0.703765336555543	0	0	0	0	0	0	0	0	0	0	0	0	0	0	0	0	0	0	0	0	0	0	0	0	0	0	0	0	0	0	0	0	0	0	0	0	0	0.718016304451283	0	0	0	0	0	0	0	0	0	0	0	0	0	0	0	0	0	0	0	0	0	0	0	0	0	0	0	0
0	0	0	0	0	0	0	0	0	0	0	0	0	0	0	0	0	0	0	0	0	0	0	0	0	0	0	0	0	0	0	0	0	0	0	0	0.944077272762873	0	0	0	0	0	0	0	0	0	0	0	0	0	0	0	0	0	0	0	0	0	0	0	0	0	0	0	0	0	0	0.909327679001527	0	0.863804261855348	0	0	0	0	0.911452777581217	0	0	0	0	0	0	0	0	0	0	0	0	0	0	0
0	0	0	0	0	0	0	0	0	0	0.875925979331883	0	0	0	0	0	0	0	0	0	0	0	0	0	0	0	0	0	0	0	0	0	0	0	0	0	0	0	0	0	0	0	0	0	0	0	0	0	0	0	0	0	0	0	0	0	0	0	0	0	0	0	0	0	0	0	0.909327679001527	0	0	0.88806599276664	0	0	0	0	0	0	0	0	0	0	0	0	0	0	0	0	0	0	0	0
0	0	0	0	0	0	0	0	0	0	0	0	0	0.979238286695359	0	0	0	0	0	0	0	0	0	0	0	0	0	0	0	0	0	0	0	0	0.755017818040441	0	0	0	0	0	0	0	0	0	0	0	0	0	0	0	0	0	0	0	0	0	0	0	0	0	0	0	0	0	0	0	0	0	0	0	0	0	0	0	0	0	0.799643447106481	0	0	0	0	0	0	0	0	0	0	0	0	0
0	0	0	0	0	0	0	0	0	0	0	0	0	0	0	0	0	0	0	0	0	0	0	0	0	0	0	0	0	0	0	0	0	0	0.628563140759259	0	0	0	0	0	0	0	0.733377768145913	0	0	0	0	0	0	0	0	0	0	0	0	0	0	0	0	0	0	0	0	0.91523770963278	0	0	0.863804261855348	0.88806599276664	0	0	0	0	0	0	0	0	0	0	0	0	0	0	0	0	0	0	0	0	0	0
0	0	0	0.859134351067836	0	0	0	0	0	0	0	0	0	0	0	0	0	0	0	0	0	0	0	0	0	0	0	0	0	0	0	0	0	0	0	0	0.925450265687255	0	0	0	0	0	0	0	0	0	0	0	0	0	0	0	0	0	0	0	0	0	0	0	0	0	0.669278626106495	0	0	0	0	0	0	0	0	0	0	0	0	0	0	0	0	0	0	0	0	0	0	0	0	0	0	0
0	0	0	0	0	0	0	0	0	0	0	0	0	0	0	0	0	0	0	0	0	0	0	0	0	0	0	0	0	0	0	0	0	0	0	0	0	0	0	0	0	0	0	0	0	0	0	0.765201107770662	0	0	0	0	0.955569512705557	0	0.92769549363435	0	0	0	0	0	0	0	0	0	0	0	0	0	0	0	0	0	0	0	0	0.83337337705164	0	0	0	0	0	0	0	0	0	0	0	0	0	0
0	0	0	0.533749265679517	0	0	0	0	0	0	0	0	0	0	0	0	0	0	0	0	0.731538757789812	0	0	0	0	0	0	0	0	0	0	0	0	0	0	0	0	0	0	0	0	0	0	0	0	0	0	0	0	0	0	0	0.757664343937197	0	0	0	0	0	0	0	0	0	0	0	0	0	0	0	0	0	0	0	0	0	0	0	0	0	0	0	0	0	0	0	0	0.938129216834835	0	0	0	0
0	0	0	0	0	0	0	0	0	0	0.950458820360273	0	0.995196985046173	0	0	0	0	0	0	0	0	0	0	0	0	0	0	0	0.994759684768782	0	0	0	0	0	0	0	0	0	0	0	0	0	0	0	0	0	0	0	0	0	0	0	0	0	0	0	0	0	0	0	0	0	0	0	0	0	0	0	0	0	0	0	0	0	0	0	0	0	0	0	0	0	0	0	0	0	0	0	0.877664727881716	0
0	0	0	0.985506172996505	0	0	0	0	0	0	0	0	0	0.937884427914259	0	0	0	0	0	0	0	0	0	0	0	0	0	0	0	0	0	0	0	0	0	0	0	0	0	0	0	0	0	0	0.820876877049236	0	0	0	0	0	0	0	0	0.966832924618783	0	0	0	0	0	0	0	0	0	0	0	0	0.911452777581217	0	0	0	0	0	0	0	0	0	0	0	0	0	0	0	0	0	0	0	0	0	0	0
0	0	0	0	0	0	0	0	0	0.93714645083429	0.968421334194042	0	0	0	0	0	0	0	0	0	0	0	0	0	0	0.871596720039633	0	0	0	0	0	0	0	0	0	0	0	0	0	0	0	0	0	0	0	0	0	0	0	0.896059144327902	0	0	0	0	0	0	0	0	0	0.781679743778053	0	0	0	0	0	0	0	0	0	0	0	0.83337337705164	0	0	0	0	0	0	0	0	0	0	0	0	0	0	0	0	0	0
0	0	0	0	0	0	0	0	0	0	0	0	0.917283680335738	0	0	0	0	0	0.588941492976252	0	0	0	0	0	0	0	0	0	0	0	0	0	0	0	0	0	0	0	0	0	0	0	0	0	0	0	0	0	0	0	0	0	0	0	0	0	0	0	0	0	0	0	0.685083670483551	0	0	0	0	0	0.799643447106481	0	0	0	0	0	0	0	0	0	0	0	0	0	0	0	0	0	0	0	0	0
0	0	0	0	0	0	0	0	0	0	0.722142339366763	0	0	0	0	0	0	0	0	0	0	0	0	0	0	0	0	0	0	0	0	0	0	0	0	0	0	0	0	0	0	0	0	0	0	0	0	0	0	0	0	0	0	0	0	0	0	0	0	0	0	0	0	0	0	0	0	0	0	0	0	0	0	0	0	0	0	0	0.959851562475116	0	0	0	0	0	0	0	0	0	0	0
0	0	0	0	0	0	0	0	0	0	0	0	0	0	0	0	0	0	0	0.954337125393291	0	0	0	0	0	0	0.751622454408676	0	0	0	0	0	0	0	0	0	0.759860514085936	0	0	0	0	0	0	0	0	0	0	0	0	0	0	0.731791405543353	0	0	0	0	0	0	0	0	0	0	0	0	0	0	0	0	0	0	0	0	0	0	0	0	0	0.959851562475116	0	0	0	0	0	0	0	0	0	0	0	0
0	0	0	0	0	0	0	0	0	0	0	0	0	0	0.781593197882087	0	0	0	0	0	0	0	0	0	0	0	0	0	0	0.683581535831194	0	0	0	0	0	0	0	0.885723581416279	0	0	0	0	0	0	0	0	0	0	0	0	0	0	0	0	0	0	0	0	0	0	0	0	0	0	0.85700709015809	0	0	0	0	0	0	0	0	0	0	0	0	0	0	0	0	0	0	0	0	0	0	0	0	0
0	0	0	0.994040199961478	0	0	0	0	0	0	0	0	0	0	0	0	0	0	0	0	0	0	0	0	0	0	0	0	0	0	0.709241007247883	0	0	0	0	0	0	0	0	0	0	0	0	0	0	0	0.544749248763135	0	0	0	0	0	0	0	0	0.984622836272638	0	0	0	0	0	0	0	0	0	0	0	0	0	0	0	0	0	0	0	0	0	0	0	0	0	0	0	0	0	0	0	0	0	0
0	0	0	0.895764278781596	0	0	0	0	0	0	0	0	0	0	0	0	0	0	0	0.899876447974624	0	0	0	0	0	0	0	0.94437962336801	0	0	0	0	0	0	0.811447602943983	0	0	0	0	0	0	0	0	0	0	0	0	0	0	0	0	0	0	0	0	0	0	0	0	0	0	0	0	0	0	0	0	0	0	0	0	0	0	0	0	0	0	0	0	0	0	0	0	0	0	0	0	0	0	0
0	0	0	0	0	0	0	0	0	0	0	0	0	0	0	0	0	0	0	0	0	0	0	0	0	0	0	0	0	0	0	0	0	0	0	0	0	0	0	0	0	0	0	0	0	0.651800480333172	0	0	0	0	0	0	0	0	0	0	0	0	0	0	0	0	0	0	0	0	0	0	0	0	0	0	0	0	0	0	0	0	0	0	0	0	0	0	0	0	0	0	0.74610287022019	0.694728914415648
0	0	0	0	0	0	0	0	0	0	0	0	0	0	0	0	0	0	0	0	0	0	0	0	0	0	0	0	0	0	0	0	0.923129933379843	0	0	0	0	0	0	0	0	0	0	0	0	0	0	0	0	0	0	0	0	0	0	0.763383585686382	0	0	0	0	0	0	0	0	0	0	0	0	0	0	0	0	0	0	0	0	0	0	0	0	0	0	0	0	0	0	0	0	0	0.788651409839346
0	0	0	0	0	0	0	0	0	0	0	0	0	0	0	0	0	0	0	0	0	0	0	0	0	0	0	0	0	0	0	0	0	0	0	0	0	0	0	0	0	0	0	0	0	0	0	0	0	0	0	0	0.760137313597651	0	0	0	0	0	0	0	0	0	0	0	0	0	0	0	0	0	0	0	0	0	0	0	0	0	0	0	0	0	0	0	0	0	0.994869542852495	0	0	0
0	0	0	0	0	0	0	0	0	0	0	0	0	0	0	0.603244752136419	0	0	0	0	0	0	0	0	0	0	0	0	0	0	0	0	0	0	0	0	0	0	0	0	0	0	0	0	0	0	0	0	0	0	0	0	0	0	0	0	0	0	0	0	0	0	0	0	0	0	0	0	0	0	0	0	0.938129216834835	0	0	0	0	0	0	0	0	0	0	0	0	0	0	0	0	0
0	0	0	0	0	0	0	0	0	0	0	0	0	0	0	0	0	0	0	0	0	0	0	0	0	0	0	0	0	0	0	0	0	0	0	0	0	0	0	0	0	0	0	0	0	0	0	0	0	0	0	0	0	0	0.764535507410372	0	0	0	0.786006360588604	0	0	0	0	0	0	0	0	0	0	0	0	0	0	0	0	0	0	0	0	0	0	0	0	0	0.994869542852495	0	0	0	0	0
0	0	0	0	0	0	0	0	0.973528780826293	0	0	0	0	0	0	0	0	0	0	0	0	0	0	0	0	0	0.710314063942201	0	0	0	0	0.930802371702362	0	0	0	0	0	0	0	0	0	0	0	0	0	0.606751983684447	0	0	0.747753910044289	0	0	0	0	0	0	0	0	0	0	0	0	0	0	0	0	0	0	0	0	0	0	0	0	0	0	0	0	0	0	0	0	0	0	0	0	0	0	0	0.816341779016958	0
0	0	0	0	0	0	0	0	0.80505115649145	0	0	0	0	0	0	0	0	0	0	0	0	0	0	0	0	0	0	0	0	0	0	0	0	0	0	0	0	0	0	0	0	0.552611974314455	0	0	0	0	0	0	0	0.984094145338874	0	0	0	0	0	0	0	0	0	0	0	0	0	0	0	0	0	0	0	0	0	0	0	0.877664727881716	0	0	0	0	0	0	0	0	0.74610287022019	0	0	0	0	0.816341779016958	0	0
0.679886939424598	0	0	0	0	0	0	0	0	0	0	0.867086346912117	0	0	0	0	0	0	0	0	0	0	0	0	0	0	0	0	0	0	0	0	0	0	0	0	0	0	0	0	0	0	0	0	0	0	0	0	0	0	0	0	0	0	0	0	0	0	0	0	0	0	0	0	0	0	0	0	0	0	0	0	0	0	0	0	0	0	0	0	0	0	0.694728914415648	0.788651409839346	0	0	0	0	0	0
