0	0	0.869359490484991	0	0	0	0	0	0	0	0	0	0	0.984418224652385	0	0	0	0	0	0	0	0	0	0	0	0	0	0	0	0	0	0	0	0	0	0	0	0	0	0	0	0	0	0	0	0	0	0	0	0	0	0	0	0	0	0	0	0	0	0	0	0	0	0	0	0	0	0	0	0	0	0	0	0	0.874631553343316	0	0	0	0	0	0.96584232063685	0	0	0	0	0	0	0	0	0
0	0	0	0	0	0	0	0	0.921673207072899	0	0	0	0	0	0	0	0	0	0	0	0	0	0	0	0	0	0.619434473111785	0	0	0	0	0	0	0	0	0	0	0	0	0	0	0	0	0	0	0	0	0	0	0	0	0	0	0	0	0	0	0	0	0	0	0	0	0.868434889690061	0.898103709995975	0	0	0	0	0	0	0	0	0	0	0	0	0	0	0	0	0	0	0	0	0	0	0	0	0
0.869359490484991	0	0	0	0	0	0	0	0	0	0	0	0	0	0	0	0	0	0	0	0	0	0	0	0	0	0	0	0	0	0	0	0.850902030570001	0	0	0	0	0	0	0	0	0	0	0	0	0	0	0	0	0	0	0	0	0	0	0	0	0	0	0	0	0	0	0	0	0	0	0.948174151395941	0	0	0	0	0	0	0	0	0	0	0	0	0	0	0	0	0	0	0	0	0	0
0	0	0	0	0	0	0	0	0	0	0	0	0	0	0	0	0	0	0	0	0	0	0	0	0	0	0	0	0	0	0	0.787807722029662	0	0	0	0	0	0	0	0	0	0	0	0	0	0	0	0	0	0	0	0	0	0	0.852225754587078	0	0	0	0	0	0	0	0	0	0	0	0	0	0	0	0	0	0	0	0	0	0	0	0	0	0	0	0	0	0	0	0	0	0	0
0	0	0	0	0	0	0	0	0	0	0	0	0	0	0	0	0	0	0	0	0	0	0	0	0	0	0	0	0	0	0	0	0	0	0	0	0	0	0	0	0	0	0	0	0	0	0	0	0	0	0	0	0	0.99609776889417	0	0	0	0	0	0	0	0	0	0	0	0	0	0	0	0	0	0	0	0	0	0	0	0	0	0	0	0	0	0	0	0.924889399328544	0	0	0	0
0	0	0	0	0	0	0	0	0	0	0	0	0	0	0	0	0	0	0	0	0	0	0	0	0	0	0	0	0	0	0	0	0	0	0.970323688094089	0	0.619308974640865	0	0	0	0	0	0	0	0	0	0	0	0	0	0	0	0	0.979022218686441	0	0	0	0	0	0	0	0	0	0	0	0	0	0	0	0	0	0	0	0	0	0	0	0	0	0	0	0.809631268511852	0	0	0	0	0	0	0	0
0	0	0	0	0	0	0	0	0	0	0	0.733500874528759	0	0	0	0	0	0	0	0	0	0	0	0	0	0	0	0.880086630693657	0	0	0.788324659679634	0	0.727047912769637	0	0	0	0	0	0	0	0	0	0	0	0	0	0	0	0	0	0	0	0	0	0	0	0	0	0	0	0	0	0	0	0	0	0	0.701138690757711	0	0.854456422068706	0	0	0	0	0	0	0	0	0	0	0	0	0	0	0	0	0	0	0	0
0	0	0	0	0	0	0	0	0.874431881332132	0	0	0	0	0	0	0	0	0	0	0	0	0	0	0	0.974163498311671	0	0	0	0	0	0	0	0	0	0	0	0	0	0	0	0	0	0	0.975891301735527	0	0	0	0	0	0	0	0	0	0	0.984131173677969	0.996321736287012	0	0	0	0	0	0	0	0	0	0	0	0	0	0	0	0	0	0	0	0	0.663179837215694	0	0	0.816877916956317	0	0	0	0	0	0	0	0	0	0
0	0.921673207072899	0	0	0	0	0	0.874431881332132	0	0	0.902390500134051	0	0	0	0	0	0.929286170647342	0.668672240159305	0	0	0	0	0	0	0	0	0	0	0	0	0	0	0	0	0	0	0	0	0	0	0	0	0	0	0	0	0	0	0	0	0	0	0	0	0	0	0	0	0	0	0	0	0	0	0	0	0	0	0	0	0	0	0	0	0	0	0	0	0	0	0	0	0	0	0	0	0	0	0	0
0	0	0	0	0	0	0	0	0	0	0	0	0	0	0	0	0	0	0	0	0	0	0	0	0	0	0	0	0	0	0	0	0	0.725048282737102	0	0	0.629358760938519	0	0	0	0	0.914337544853393	0	0	0	0	0	0	0	0	0	0	0	0	0	0	0	0	0	0	0	0	0.933461173448564	0	0	0	0	0	0	0	0	0	0	0	0	0	0	0	0	0	0	0	0	0	0	0	0.994156605257908	0	0	0
0	0	0	0	0	0	0	0	0.902390500134051	0	0	0.996026053883484	0	0	0	0	0	0	0	0	0	0	0	0	0	0	0	0	0.852902631586042	0	0	0	0	0	0	0	0	0	0	0.996996106403244	0	0	0	0	0	0	0	0	0	0	0	0	0	0	0	0	0	0	0	0	0	0	0	0	0	0	0	0	0	0	0	0	0	0	0	0	0	0	0	0	0	0	0	0	0	0	0	0	0	0
0	0	0	0	0	0	0.733500874528759	0	0	0	0.996026053883484	0	0	0	0	0	0	0	0	0	0	0	0	0	0	0	0	0	0	0	0	0	0.896973615989696	0	0	0	0	0	0	0	0	0	0	0	0	0	0	0	0	0	0	0	0	0	0	0	0	0	0	0	0	0	0	0	0	0	0	0	0	0	0	0	0	0	0	0	0	0	0	0	0	0.75337474497275	0	0	0	0	0	0	0	0
0	0	0	0	0	0	0	0	0	0	0	0	0	0.965193510432816	0	0	0	0	0	0	0	0	0	0	0	0	0	0	0	0	0	0	0	0	0	0	0	0	0	0	0	0	0	0	0	0	0	0	0	0	0	0	0	0	0	0	0	0	0	0	0	0	0	0	0	0	0	0	0	0	0	0	0.966425087772807	0	0	0.920908403288527	0	0	0	0	0	0	0	0	0	0	0	0	0	0
0.984418224652385	0	0	0	0	0	0	0	0	0	0	0	0.965193510432816	0	0	0	0	0	0	0	0	0	0	0	0	0	0	0	0	0	0	0	0	0	0.69734050774665	0	0	0	0	0	0.542248073101569	0	0	0	0	0	0	0.932473741136244	0	0	0	0	0	0	0	0	0	0	0	0	0	0	0	0	0	0	0	0	0	0	0	0	0	0	0	0	0	0	0	0	0.979774728812111	0	0	0	0	0	0	0	0	0
0	0	0	0	0	0	0	0	0	0	0	0	0	0	0	0	0	0	0	0	0	0	0	0	0	0	0	0	0	0	0.98664961899246	0	0	0	0	0	0	0	0	0	0	0	0	0	0	0	0	0	0	0	0	0	0	0	0	0	0	0	0	0	0	0	0	0	0	0.782379684520113	0	0	0	0	0	0	0	0.97565913534443	0	0	0	0	0	0	0	0.753835664213861	0	0	0	0	0	0	0	0
0	0	0	0	0	0	0	0	0	0	0	0	0	0	0	0	0.693171080073548	0	0	0	0	0	0	0	0	0	0	0	0	0	0	0	0	0	0	0	0	0	0	0	0	0.819632474600104	0	0	0	0	0	0	0	0.90724317688289	0	0	0.725465617777459	0	0	0	0	0	0	0	0	0	0	0	0	0	0	0	0	0	0	0	0	0	0	0	0	0	0	0	0	0	0	0	0	0	0	0	0	0
0	0	0	0	0	0	0	0	0.929286170647342	0	0	0	0	0	0	0.693171080073548	0	0	0	0	0	0	0	0	0	0	0	0	0	0	0	0	0	0	0	0	0	0	0	0	0	0	0	0	0	0	0.813228819621305	0	0	0	0	0	0	0	0	0	0	0	0	0	0	0	0	0	0	0	0	0	0.929778192787726	0	0	0	0	0	0	0	0	0	0	0	0	0	0	0	0	0	0	0	0	0
0	0	0	0	0	0	0	0	0.668672240159305	0	0	0	0	0	0	0	0	0	0	0.980507070168264	0	0	0	0	0	0	0	0	0	0	0	0	0	0	0	0	0	0	0	0	0	0	0	0	0	0	0	0	0	0	0	0	0	0	0	0	0	0.770335945861307	0.819700300193999	0	0	0	0	0	0	0	0	0	0	0	0	0	0	0	0	0.893551373739782	0	0	0	0	0	0	0	0	0	0	0	0	0	0
0	0	0	0	0	0	0	0	0	0	0	0	0	0	0	0	0	0	0	0	0	0	0	0	0	0	0	0	0	0	0	0	0	0	0	0.983776027609842	0	0	0	0	0	0	0	0	0	0	0	0	0	0	0	0	0	0	0	0	0	0.95613332608683	0	0	0	0	0	0.884278396802953	0	0	0	0	0	0	0	0	0.76176073437195	0	0	0	0	0	0	0	0	0	0	0	0	0.64932659391752	0	0	0	0
0	0	0	0	0	0	0	0	0	0	0	0	0	0	0	0	0	0.980507070168264	0	0	0	0	0	0	0	0	0	0	0	0	0	0	0	0	0	0	0	0	0	0	0	0	0	0	0	0	0	0	0	0	0	0	0	0	0	0	0	0	0	0	0	0	0	0	0	0	0	0	0	0	0	0	0	0	0	0	0	0	0	0	0	0	0	0.682659225036929	0	0	0	0	0	0
0	0	0	0	0	0	0	0	0	0	0	0	0	0	0	0	0	0	0	0	0	0	0	0	0	0	0.885385965279767	0	0	0	0	0	0	0	0	0	0	0.879818245631263	0	0	0	0	0	0	0	0	0	0	0	0	0	0	0	0	0	0	0	0	0	0	0	0	0	0	0	0	0	0	0	0	0	0	0	0	0	0	0	0	0	0	0	0.951133633446724	0	0	0	0	0	0	0	0
0	0	0	0	0	0	0	0	0	0	0	0	0	0	0	0	0	0	0	0	0	0	0	0	0	0	0	0	0	0	0	0	0.676734354241626	0	0	0.968791996486994	0	0	0	0	0	0	0	0	0	0	0	0	0	0	0	0	0	0	0	0	0	0	0	0	0	0	0	0	0	0	0	0	0	0	0	0	0	0	0	0	0	0	0	0	0.771860716619545	0	0	0	0	0	0	0	0	0
0	0	0	0	0	0	0	0	0	0	0	0	0	0	0	0	0	0	0	0	0	0	0	0	0	0	0	0	0	0	0	0	0	0	0	0	0	0	0	0	0	0	0.6147605902718	0	0	0	0	0	0	0	0	0	0	0	0	0	0	0	0	0.75775638575031	0	0	0	0	0	0	0	0	0	0	0	0	0	0	0	0	0	0	0	0	0	0	0	0	0	0	0	0	0	0
0	0	0	0	0	0	0	0	0	0	0	0	0	0	0	0	0	0	0	0	0	0	0	0	0	0	0	0	0	0	0	0	0	0	0	0	0	0	0	0	0	0	0	0	0	0	0	0	0	0	0	0	0.973768566879612	0	0	0.952978048473999	0	0	0	0	0	0	0	0	0	0	0	0	0	0	0	0	0	0	0	0	0	0	0	0	0	0	0	0	0	0	0	0	0	0
0	0	0	0	0	0	0	0.974163498311671	0	0	0	0	0	0	0	0	0	0	0	0	0	0	0	0	0	0	0	0	0	0	0	0	0	0	0	0	0	0	0	0	0	0	0	0	0	0	0	0	0	0	0	0	0	0	0	0	0	0	0	0	0	0	0	0	0	0	0	0	0.697392223657171	0	0	0	0	0	0	0	0	0	0	0	0	0	0	0	0	0	0	0	0	0
0	0	0	0	0	0	0	0	0	0	0	0	0	0	0	0	0	0	0	0	0	0	0	0	0	0	0	0	0	0	0	0	0	0	0	0	0	0	0	0	0	0	0	0	0	0	0	0	0	0	0	0	0	0	0	0	0.725835510450465	0	0	0	0	0	0	0	0	0	0	0	0.874971875134419	0	0	0	0	0.95764061305196	0	0	0	0	0	0	0	0	0	0	0	0	0	0	0	0
0	0.619434473111785	0	0	0	0	0	0	0	0	0	0	0	0	0	0	0	0	0	0	0.885385965279767	0	0	0	0	0	0	0.792506050272555	0	0	0	0	0	0	0	0	0	0	0	0	0	0	0	0	0	0	0	0	0	0	0	0	0	0	0	0	0	0	0	0	0	0	0	0	0	0	0	0	0	0	0	0	0	0	0.885693651206887	0	0	0	0	0	0	0	0	0	0	0	0	0	0	0
0	0	0	0	0	0	0.880086630693657	0	0	0	0	0	0	0	0	0	0	0	0	0	0	0	0	0	0	0	0.792506050272555	0	0	0	0	0	0	0	0	0	0	0	0	0	0	0	0	0	0	0	0	0	0	0	0	0	0	0	0	0	0	0	0	0	0	0	0	0	0	0	0	0.922253751626997	0	0	0	0.857503928646389	0	0	0	0	0	0	0	0	0	0	0	0	0	0.910528356962368	0	0	0	0
0	0	0	0	0	0	0	0	0	0	0.852902631586042	0	0	0	0	0	0	0	0	0	0	0	0	0	0	0	0	0	0	0.831956620571959	0	0	0	0	0	0	0	0	0	0	0	0	0	0	0	0	0	0	0	0	0	0	0	0	0	0.983478591957467	0	0	0	0	0	0	0	0	0	0	0	0	0	0	0	0	0	0	0	0	0	0	0	0	0	0	0	0	0	0	0	0	0	0
0	0	0	0	0	0	0	0	0	0	0	0	0	0	0	0	0	0	0	0	0	0	0	0	0	0	0	0	0.831956620571959	0	0	0	0	0	0	0	0	0	0	0	0	0	0	0	0	0	0	0	0	0	0	0	0	0	0	0	0	0	0.910210849665933	0	0	0	0	0	0	0	0	0	0	0	0	0	0	0	0	0	0	0	0	0	0	0	0	0	0.603029333420354	0	0	0	0	0
0	0	0	0	0	0	0.788324659679634	0	0	0	0	0	0	0	0.98664961899246	0	0	0	0	0	0	0	0	0	0	0	0	0	0	0	0	0	0	0	0	0	0	0	0	0	0	0	0	0	0	0	0	0	0	0	0	0.779461777610456	0	0	0	0	0	0	0	0	0	0	0	0	0	0	0	0	0	0	0	0	0	0	0	0	0	0	0	0	0	0	0	0	0	0	0	0	0.877263357784081	0
0	0	0	0.787807722029662	0	0	0	0	0	0	0	0	0	0	0	0	0	0	0	0	0	0	0	0	0	0	0	0	0	0	0	0	0	0	0	0	0	0	0	0.916232114180213	0	0.789916946252171	0	0	0	0	0	0.822570726894498	0	0	0	0	0	0	0	0	0	0	0	0	0	0	0	0	0	0	0	0	0	0	0	0	0	0	0	0	0	0	0	0	0	0	0	0	0	0	0	0	0	0
0	0	0.850902030570001	0	0	0	0.727047912769637	0	0	0	0	0.896973615989696	0	0	0	0	0	0	0	0	0	0.676734354241626	0	0	0	0	0	0	0	0	0	0	0	0	0	0	0	0	0	0	0	0	0	0	0	0	0	0	0	0	0	0	0	0	0	0	0	0	0	0	0	0	0	0	0	0	0	0	0	0	0	0	0	0	0	0	0	0	0	0	0	0	0	0	0	0	0	0	0	0
0	0	0	0	0	0	0	0	0	0.725048282737102	0	0	0	0	0	0	0	0	0	0	0	0	0	0	0	0	0	0	0	0	0	0	0	0	0	0.795301630329246	0	0	0	0	0	0	0	0	0	0	0	0	0	0	0	0	0.964347551537988	0	0	0	0	0	0	0	0	0	0	0	0	0	0	0	0	0	0	0	0	0	0	0	0	0	0	0	0	0	0	0	0	0	0	0	0	0
0	0	0	0	0	0.970323688094089	0	0	0	0	0	0	0	0.69734050774665	0	0	0	0	0	0	0	0	0	0	0	0	0	0	0	0	0	0	0	0	0	0	0	0	0	0	0	0	0	0	0	0	0	0	0	0	0	0	0	0	0	0	0	0	0	0	0	0	0	0.885458729302915	0	0	0	0	0	0	0	0	0	0	0	0	0	0	0	0	0	0	0	0	0	0	0	0	0	0
0	0	0	0	0	0	0	0	0	0	0	0	0	0	0	0	0	0	0.983776027609842	0	0	0.968791996486994	0	0	0	0	0	0	0	0	0	0	0	0.795301630329246	0	0	0	0	0	0	0	0	0	0	0	0	0	0.824156272286943	0	0	0	0	0	0	0	0	0	0	0	0	0	0	0	0	0	0	0	0	0	0	0	0	0	0	0	0	0	0	0	0	0	0	0	0	0	0	0	0	0	0
0	0	0	0	0	0.619308974640865	0	0	0	0.629358760938519	0	0	0	0	0	0	0	0	0	0	0	0	0	0	0	0	0	0	0	0	0	0	0	0	0	0	0	0	0	0	0	0	0	0	0	0	0	0	0	0	0	0	0	0	0	0	0	0	0	0	0	0	0.928182293038402	0	0	0	0	0.989312445742975	0	0	0	0	0	0	0	0	0	0	0	0	0	0	0	0	0	0	0	0	0	0
0	0	0	0	0	0	0	0	0	0	0	0	0	0	0	0	0	0	0	0	0.879818245631263	0	0	0	0	0	0	0	0	0	0	0	0	0	0	0	0	0	0.821271027122454	0	0	0	0	0	0	0	0	0	0	0	0	0	0	0	0	0	0	0	0	0	0	0	0	0	0.853838059890885	0	0	0	0	0	0	0	0	0	0	0	0	0	0	0	0	0	0	0	0	0	0	0	0.878458678625402	0
0	0	0	0	0	0	0	0	0	0	0	0	0	0	0	0	0	0	0	0	0	0	0	0	0	0	0	0	0	0	0	0	0	0	0	0	0	0.821271027122454	0	0.819257972091175	0	0	0.999863045543483	0	0	0	0	0	0	0.838273089826377	0	0	0	0	0	0	0	0	0	0	0	0	0	0	0	0	0.803659862871459	0	0	0	0	0	0	0	0	0	0	0.662134682054879	0	0	0	0	0	0	0	0	0	0	0	0
0	0	0	0	0	0	0	0	0	0	0.996996106403244	0	0	0	0	0	0	0	0	0	0	0	0	0	0	0	0	0	0	0	0	0.916232114180213	0	0	0	0	0	0	0.819257972091175	0	0	0	0	0	0	0	0	0	0	0	0	0	0	0	0	0	0	0	0	0	0	0	0	0	0	0	0	0	0	0	0	0	0	0	0	0.803226005728414	0	0	0	0	0	0	0	0.97176103826144	0	0	0	0	0	0
0	0	0	0	0	0	0	0	0	0	0	0	0	0.542248073101569	0	0	0	0	0	0	0	0	0	0	0	0	0	0	0	0	0	0	0	0	0	0	0	0	0	0	0	0.69661331280883	0	0	0	0	0	0	0	0	0.626567380936403	0	0	0	0	0	0	0	0	0	0	0	0	0	0	0	0	0	0	0	0	0	0	0	0	0	0	0	0	0	0	0	0	0	0	0	0	0	0	0
0	0	0	0	0	0	0	0	0	0.914337544853393	0	0	0	0	0	0.819632474600104	0	0	0	0	0	0	0	0	0	0	0	0	0	0	0	0.789916946252171	0	0	0	0	0	0	0	0	0.69661331280883	0	0	0	0	0	0	0.649381124342739	0	0	0	0	0	0	0	0	0	0	0	0	0	0	0	0	0	0	0	0	0	0	0	0	0	0	0	0	0	0	0	0	0	0	0	0.880234101754096	0	0	0	0	0	0
0	0	0	0	0	0	0	0	0	0	0	0	0	0	0	0	0	0	0	0	0	0	0.6147605902718	0	0	0	0	0	0	0	0	0	0	0	0	0	0	0	0.999863045543483	0	0	0	0	0	0	0	0	0	0	0	0	0	0	0	0	0	0	0	0.683081058708801	0	0	0	0	0	0	0	0	0	0	0	0	0	0	0	0	0	0	0	0	0	0	0	0	0	0	0	0	0	0	0
0	0	0	0	0	0	0	0.975891301735527	0	0	0	0	0	0	0	0	0	0	0	0	0	0	0	0	0	0	0	0	0	0	0	0	0	0	0	0	0	0	0	0	0	0	0	0	0.556559377014654	0	0	0	0	0	0	0	0	0	0	0	0	0	0	0	0	0	0	0	0	0	0	0	0	0	0	0	0	0	0	0	0.904665504994786	0	0	0	0	0	0	0	0	0	0	0	0	0
0	0	0	0	0	0	0	0	0	0	0	0	0	0	0	0	0	0	0	0	0	0	0	0	0	0	0	0	0	0	0	0	0	0	0	0	0	0	0	0	0	0	0	0.556559377014654	0	0	0	0	0	0	0	0	0	0	0	0	0	0	0	0	0	0	0	0	0	0	0	0	0	0	0	0	0	0	0	0	0	0	0	0	0	0.837144029892998	0.921985098942485	0	0	0	0	0	0	0
0	0	0	0	0	0	0	0	0	0	0	0	0	0	0	0	0	0	0	0	0	0	0	0	0	0	0	0	0	0	0	0	0	0	0	0	0	0	0	0	0	0	0	0	0	0	0.922436418410314	0	0	0	0	0	0	0	0	0	0	0	0	0	0.907240084104346	0	0	0	0	0	0	0	0	0	0	0	0	0	0	0	0	0	0	0	0	0	0	0	0	0	0	0	0	0
0	0	0	0	0	0	0	0	0	0	0	0	0	0	0	0	0.813228819621305	0	0	0	0	0	0	0	0	0	0	0	0	0	0	0	0	0	0	0	0	0	0	0	0	0	0	0	0	0.922436418410314	0	0.805283638935668	0.837980729222959	0	0	0	0	0	0	0	0	0	0	0	0	0	0	0	0	0	0	0	0	0	0	0	0	0	0	0	0	0	0	0	0	0	0.737372630134138	0	0	0	0	0	0	0
0	0	0	0	0	0	0	0	0	0	0	0	0	0.932473741136244	0	0	0	0	0	0	0	0	0	0	0	0	0	0	0	0	0	0.822570726894498	0	0	0	0.824156272286943	0	0	0	0	0	0.649381124342739	0	0	0	0	0.805283638935668	0	0	0.849571760077309	0	0	0	0	0	0	0	0	0	0	0	0	0	0	0	0	0	0	0	0	0	0	0	0	0	0	0	0	0	0	0	0	0	0	0	0	0	0	0	0
0	0	0	0	0	0	0	0	0	0	0	0	0	0	0	0	0	0	0	0	0	0	0	0	0	0	0	0	0	0	0	0	0	0	0	0	0	0	0	0	0	0	0	0	0	0	0.837980729222959	0	0	0.600865367077294	0	0	0	0	0	0	0	0	0	0	0	0	0	0	0	0.737597045308102	0	0	0	0	0	0	0	0	0	0	0	0	0	0	0	0	0	0	0	0	0	0	0	0
0	0	0	0	0	0	0	0	0	0	0	0	0	0	0	0.90724317688289	0	0	0	0	0	0	0	0	0	0	0	0	0	0	0	0	0	0	0	0	0	0	0.838273089826377	0	0	0	0	0	0	0	0	0.849571760077309	0.600865367077294	0	0.98868278117737	0.616377452234358	0	0.702287447163172	0	0	0	0	0	0	0	0	0	0	0	0	0	0	0	0	0	0	0	0	0	0	0	0	0	0	0	0	0	0	0	0	0	0	0	0
0	0	0	0	0	0	0	0	0	0	0	0	0	0	0	0	0	0	0	0	0	0	0	0	0	0	0	0	0	0	0	0	0	0	0	0	0	0	0	0	0.626567380936403	0	0	0	0	0	0	0	0	0.98868278117737	0	0	0	0	0	0.952773161065193	0	0	0	0	0	0	0	0	0	0	0	0	0	0	0	0	0	0	0	0	0	0	0	0	0	0	0	0	0	0	0	0	0	0.834348599835731
0	0	0	0	0	0	0	0	0	0	0	0	0	0	0	0	0	0	0	0	0	0	0	0	0	0	0	0	0	0	0.779461777610456	0	0	0	0	0	0	0	0	0	0	0	0	0	0	0	0	0	0	0.616377452234358	0	0	0	0	0	0	0	0	0	0	0	0	0	0	0	0	0	0	0	0.860198699965448	0	0	0	0	0	0	0	0	0	0	0	0	0	0	0	0	0	0	0	0
0	0	0	0	0	0	0	0	0	0	0	0	0	0	0	0.725465617777459	0	0	0	0	0	0	0	0.973768566879612	0	0	0	0	0	0	0	0	0	0.964347551537988	0	0	0	0	0	0	0	0	0	0	0	0	0	0	0	0	0	0	0	0	0	0	0.731048595966467	0	0	0	0	0	0	0	0	0	0	0	0	0	0	0	0	0	0	0	0	0	0	0	0	0	0	0	0	0	0	0	0	0
0	0	0	0	0.99609776889417	0.979022218686441	0	0	0	0	0	0	0	0	0	0	0	0	0	0	0	0	0	0	0	0	0	0	0	0	0	0	0	0	0	0	0	0	0	0	0	0	0	0	0	0	0	0	0	0.702287447163172	0	0	0	0	0	0.660451437001546	0	0	0	0	0	0	0	0	0	0	0	0	0	0	0	0	0	0	0	0	0	0	0	0	0	0	0	0	0	0	0	0	0	0
0	0	0	0.852225754587078	0	0	0	0.984131173677969	0	0	0	0	0	0	0	0	0	0	0	0	0	0	0	0	0	0	0	0	0	0	0	0	0	0	0	0	0	0	0	0	0	0	0	0	0	0	0	0	0	0	0	0	0	0	0	0	0	0	0	0	0	0	0	0	0	0	0	0	0	0	0	0	0	0	0	0	0	0	0	0	0.692964910724057	0.905607111953441	0	0	0	0	0	0	0	0
0	0	0	0	0	0	0	0.996321736287012	0	0	0	0	0	0	0	0	0	0	0	0	0	0	0	0.952978048473999	0	0	0	0	0.983478591957467	0	0	0	0	0	0	0	0	0	0	0	0	0	0	0	0	0	0	0	0	0	0.952773161065193	0	0	0.660451437001546	0	0	0	0	0	0.928850423665397	0	0	0	0.658989982375468	0	0	0	0	0	0	0	0	0	0	0	0	0	0	0	0	0	0	0	0	0	0	0	0	0	0
0	0	0	0	0	0	0	0	0	0	0	0	0	0	0	0	0	0	0	0	0	0	0	0	0	0.725835510450465	0	0	0	0	0	0	0	0	0	0	0	0	0	0	0	0	0	0	0	0	0	0	0	0	0	0	0.731048595966467	0	0	0	0	0	0	0	0	0	0	0	0	0	0.772429684291835	0	0	0	0	0	0	0	0	0	0.939223860278591	0	0	0	0	0	0.977767018196943	0	0	0	0	0	0	0
0	0	0	0	0	0	0	0	0	0	0	0	0	0	0	0	0	0.770335945861307	0.95613332608683	0	0	0	0	0	0	0	0	0	0	0	0	0	0	0	0	0	0	0	0	0	0	0	0	0	0	0	0	0	0	0	0	0	0	0	0	0	0	0	0	0	0	0	0	0.927013489517007	0	0	0	0	0	0	0	0	0	0	0	0	0	0	0	0	0	0	0	0	0	0	0	0	0	0
0	0	0	0	0	0	0	0	0	0	0	0	0	0	0	0	0	0.819700300193999	0	0	0	0	0	0	0	0	0	0	0	0.910210849665933	0	0	0	0	0	0	0	0	0	0	0	0	0.683081058708801	0	0	0	0	0	0	0	0	0	0	0	0	0	0	0	0	0	0	0	0	0	0	0	0	0	0	0	0	0	0	0	0	0	0	0	0	0	0	0.739614875745689	0	0	0	0	0	0	0	0
0	0	0	0	0	0	0	0	0	0	0	0	0	0	0	0	0	0	0	0	0	0	0.75775638575031	0	0	0	0	0	0	0	0	0	0	0	0	0	0	0	0	0	0	0	0	0	0	0	0	0	0	0	0	0	0	0	0	0.928850423665397	0	0	0	0	0	0	0	0	0.926434431618861	0	0	0	0	0	0	0	0	0	0	0	0	0	0	0.750253208883316	0	0	0	0	0	0	0	0	0	0.881359848853579
0	0	0	0	0	0	0	0	0	0	0	0	0	0	0	0	0	0	0	0	0	0	0	0	0	0	0	0	0	0	0	0	0	0	0	0	0	0	0	0	0	0	0	0	0	0.907240084104346	0	0	0	0	0	0	0	0	0	0	0	0	0	0	0	0.812429286766214	0	0	0	0	0	0	0	0	0	0	0	0	0	0.908907914960371	0	0.781858539485837	0	0	0	0	0	0	0	0	0	0	0	0
0	0	0	0	0	0	0	0	0	0	0	0	0	0	0	0	0	0	0	0	0	0	0	0	0	0	0	0	0	0	0	0	0	0	0	0	0	0	0	0	0	0	0	0	0	0	0	0	0	0	0	0	0	0	0	0	0	0	0	0	0.812429286766214	0	0.999723157457447	0	0	0	0	0	0	0	0	0	0	0	0	0	0	0	0	0	0	0	0	0	0	0	0.979313165178187	0	0	0
0	0	0	0	0	0	0	0	0	0.933461173448564	0	0	0	0	0	0	0	0	0	0	0	0	0	0	0	0	0	0	0	0	0	0	0	0	0	0	0.928182293038402	0	0	0	0	0	0	0	0	0	0	0	0	0	0	0	0	0	0	0	0	0	0	0	0	0.999723157457447	0	0	0.884443248363832	0	0	0	0	0	0	0	0	0	0	0	0	0	0	0	0	0	0	0	0	0	0	0	0	0
0	0.868434889690061	0	0	0	0	0	0	0	0	0	0	0	0	0	0	0	0	0.884278396802953	0	0	0	0	0	0	0	0	0	0	0	0	0	0	0	0.885458729302915	0	0	0	0	0	0	0	0	0	0	0	0	0	0	0	0	0	0	0	0	0.658989982375468	0	0.927013489517007	0	0	0	0	0	0	0	0	0	0	0	0	0	0	0	0	0	0	0	0	0	0	0	0	0	0	0	0	0	0	0	0
0	0.898103709995975	0	0	0	0	0	0	0	0	0	0	0	0	0	0	0	0	0	0	0	0	0	0	0	0	0	0	0	0	0	0	0	0	0	0	0	0.853838059890885	0	0	0	0	0	0	0	0	0	0	0	0	0	0	0	0	0	0	0	0	0	0.926434431618861	0	0	0.884443248363832	0	0	0	0	0	0	0	0.812447900977209	0	0	0	0	0	0	0	0	0	0	0	0	0	0	0	0	0	0	0
0	0	0	0	0	0	0	0	0	0	0	0	0	0	0.782379684520113	0	0	0	0	0	0	0	0	0	0	0	0	0	0	0	0	0	0	0	0	0	0	0	0	0	0	0	0	0	0	0	0	0	0.737597045308102	0	0	0	0	0	0	0	0	0	0	0	0	0	0	0	0	0	0	0	0	0	0	0	0	0	0	0	0.883155726334186	0	0	0	0	0	0	0	0	0	0	0	0	0
0	0	0	0	0	0	0	0	0	0	0	0	0	0	0	0	0	0	0	0	0	0	0	0	0	0	0	0	0	0	0	0	0	0	0	0	0	0	0.803659862871459	0	0	0	0	0	0	0	0	0	0	0	0	0	0	0	0	0	0.772429684291835	0	0	0	0	0	0	0	0	0	0	0	0	0	0	0	0	0	0	0	0	0	0.878867807168082	0	0	0	0.873591952992312	0	0	0	0	0	0	0
0	0	0.948174151395941	0	0	0	0.701138690757711	0	0	0	0	0	0	0	0	0	0	0	0	0	0	0	0	0	0	0	0	0.922253751626997	0	0	0	0	0	0	0	0	0.989312445742975	0	0	0	0	0	0	0	0	0	0	0	0	0	0	0	0	0	0	0	0	0	0	0	0	0	0	0	0	0	0	0	0.942804325851682	0	0	0	0	0	0	0	0	0	0	0	0	0	0	0	0	0	0	0	0	0
0	0	0	0	0	0	0	0	0	0	0	0	0	0	0	0	0.929778192787726	0	0	0	0	0	0	0	0.697392223657171	0.874971875134419	0	0	0	0	0	0	0	0	0	0	0	0	0	0	0	0	0	0	0	0	0	0	0	0	0	0	0	0	0	0	0	0	0	0	0	0	0	0	0	0	0	0.942804325851682	0	0.953122451304665	0	0	0	0	0	0	0	0	0	0	0	0	0	0	0	0	0	0	0	0
0	0	0	0	0	0	0.854456422068706	0	0	0	0	0	0	0	0	0	0	0	0	0	0	0	0	0	0	0	0	0	0	0	0	0	0	0	0	0	0	0	0	0	0	0	0	0	0	0	0	0	0	0	0	0.860198699965448	0	0	0	0	0	0	0	0	0	0	0	0	0	0	0	0	0.953122451304665	0	0.828726406612837	0	0	0	0	0	0	0	0	0	0	0	0	0	0	0	0	0	0	0
0	0	0	0	0	0	0	0	0	0	0	0	0	0	0	0	0	0	0	0	0	0	0	0	0	0	0	0	0	0	0	0	0	0	0	0	0	0	0	0	0	0	0	0	0	0	0	0	0	0	0	0	0	0	0	0	0	0	0	0	0	0	0	0	0.812447900977209	0	0	0	0	0.828726406612837	0	0	0	0	0	0	0	0	0	0	0.977959137382574	0	0	0	0	0	0	0.56950393250425	0	0.568873176389836
0	0	0	0	0	0	0	0	0	0	0	0	0	0	0	0	0	0	0	0	0	0	0	0	0	0	0	0.857503928646389	0	0	0	0	0	0	0	0	0	0	0	0	0	0	0	0	0	0	0	0	0	0	0	0	0	0	0	0	0	0	0	0	0	0	0	0	0	0	0	0	0	0	0	0	0	0.938925087640343	0.862160289363327	0	0	0	0	0	0	0	0	0	0	0	0	0	0	0
0	0	0	0	0	0	0	0	0	0	0	0	0.966425087772807	0	0	0	0	0	0.76176073437195	0	0	0	0	0	0	0	0	0	0	0	0	0	0	0	0	0	0	0	0	0	0	0	0	0	0	0	0	0	0	0	0	0	0	0	0	0	0	0	0	0	0	0	0	0	0	0	0	0	0	0	0	0	0	0	0	0	0	0	0	0	0	0	0	0	0	0	0.881682186308224	0	0	0
0	0	0	0	0	0	0	0	0	0	0	0	0	0	0.97565913534443	0	0	0	0	0	0	0	0	0	0	0.95764061305196	0	0	0	0	0	0	0	0	0	0	0	0	0	0	0	0	0	0	0	0	0	0	0	0	0	0	0	0	0	0	0	0	0	0	0	0	0	0	0	0	0	0	0	0	0	0.938925087640343	0	0	0	0	0	0	0	0	0	0.865927348618481	0	0	0	0	0	0	0	0
0.874631553343316	0	0	0	0	0	0	0	0	0	0	0	0	0	0	0	0	0	0	0	0	0	0	0	0	0	0.885693651206887	0	0	0	0	0	0	0	0	0	0	0	0	0	0	0	0	0	0	0	0	0	0	0	0	0	0	0	0	0	0	0	0	0	0	0	0	0	0	0	0	0	0	0	0	0.862160289363327	0	0	0	0	0	0	0	0	0	0	0	0	0	0	0	0	0	0
0	0	0	0	0	0	0	0	0	0	0	0	0.920908403288527	0	0	0	0	0.893551373739782	0	0	0	0	0	0	0	0	0	0	0	0	0	0	0	0	0	0	0	0	0	0.803226005728414	0	0	0	0	0	0	0	0	0	0	0	0	0	0	0	0	0	0	0	0	0.908907914960371	0	0	0	0	0	0	0	0	0	0	0	0	0	0	0	0	0	0	0	0	0	0	0	0	0	0	0	0	0
0	0	0	0	0	0	0	0.663179837215694	0	0	0	0	0	0	0	0	0	0	0	0	0	0	0	0	0	0	0	0	0	0	0	0	0	0	0	0	0	0	0	0	0	0	0	0.904665504994786	0	0	0	0	0	0	0	0	0	0	0	0	0.939223860278591	0	0	0	0	0	0	0	0	0.883155726334186	0	0	0	0	0	0	0	0	0	0	0	0	0	0	0	0	0	0	0	0	0	0	0	0
0	0	0	0	0	0	0	0	0	0	0	0	0	0	0	0	0	0	0	0	0	0	0	0	0	0	0	0	0	0	0	0	0	0	0	0	0	0	0.662134682054879	0	0	0	0	0	0	0	0	0	0	0	0	0	0	0	0	0	0	0	0	0	0.781858539485837	0	0	0	0	0	0	0	0	0	0	0	0	0	0	0	0	0	0	0	0	0	0	0	0	0	0	0.657098281361544	0	0
0	0	0	0	0	0	0	0	0	0	0	0	0	0	0	0	0	0	0	0	0	0	0	0	0	0	0	0	0	0	0	0	0	0	0	0	0	0	0	0	0	0	0	0	0	0	0	0	0	0	0	0	0	0	0	0	0	0	0	0	0	0	0	0	0	0	0.878867807168082	0	0	0	0	0	0	0	0	0	0	0	0	0	0	0.800195908043347	0	0	0.969553488642042	0	0.890626316750066	0	0	0
0	0	0	0	0	0	0	0.816877916956317	0	0	0	0	0	0	0	0	0	0	0	0	0	0	0	0	0	0	0	0	0	0	0	0	0	0	0	0	0	0	0	0	0	0	0	0	0	0	0	0	0	0	0	0	0	0	0	0	0	0	0	0.750253208883316	0	0	0	0	0	0	0	0	0	0	0	0	0	0	0	0	0	0	0	0	0	0	0	0	0	0	0	0	0	0
0.96584232063685	0	0	0	0	0	0	0	0	0	0	0	0	0.979774728812111	0	0	0	0	0	0	0	0.771860716619545	0	0	0	0	0	0	0	0	0	0	0	0	0	0	0	0	0	0	0	0	0	0	0	0	0	0	0	0	0	0	0	0	0.692964910724057	0	0	0	0	0	0	0	0	0	0	0	0	0	0	0	0.977959137382574	0	0	0	0	0	0	0	0	0	0	0	0	0	0	0	0	0	0	0
0	0	0	0	0	0.809631268511852	0	0	0	0	0	0.75337474497275	0	0	0.753835664213861	0	0	0	0	0	0.951133633446724	0	0	0	0	0	0	0	0	0	0	0	0	0	0	0	0	0	0	0	0	0	0	0	0.837144029892998	0	0	0	0	0	0	0	0	0	0.905607111953441	0	0	0	0.739614875745689	0	0	0	0	0	0	0	0	0	0	0	0	0	0	0.865927348618481	0	0	0	0	0.800195908043347	0	0	0	0	0	0	0	0	0	0	0
0	0	0	0	0	0	0	0	0	0	0	0	0	0	0	0	0	0	0	0	0	0	0	0	0	0	0	0	0	0	0	0	0	0	0	0	0	0	0	0	0	0	0	0	0.921985098942485	0	0.737372630134138	0	0	0	0	0	0	0	0	0	0.977767018196943	0	0	0	0	0	0	0	0	0	0.873591952992312	0	0	0	0	0	0	0	0	0	0	0	0	0	0	0	0	0	0	0	0	0	0	0
0	0	0	0	0	0	0	0	0	0	0	0	0	0	0	0	0	0	0	0.682659225036929	0	0	0	0	0	0	0	0	0	0	0	0	0	0	0	0	0	0	0	0.97176103826144	0	0.880234101754096	0	0	0	0	0	0	0	0	0	0	0	0	0	0	0	0	0	0	0	0	0	0	0	0	0	0	0	0	0	0	0	0	0	0	0	0	0	0	0	0	0	0	0.828471563435602	0	0	0	0	0
0	0	0	0	0	0	0	0	0	0	0	0	0	0	0	0	0	0	0	0	0	0	0	0	0	0	0	0	0	0.603029333420354	0	0	0	0	0	0	0	0	0	0	0	0	0	0	0	0	0	0	0	0	0	0	0	0	0	0	0	0	0	0	0	0	0	0	0	0	0	0	0	0	0	0	0	0	0	0	0	0	0.969553488642042	0	0	0	0	0.828471563435602	0	0.966564279230126	0	0	0	0
0	0	0	0	0.924889399328544	0	0	0	0	0	0	0	0	0	0	0	0	0	0.64932659391752	0	0	0	0	0	0	0	0	0.910528356962368	0	0	0	0	0	0	0	0	0	0	0	0	0	0	0	0	0	0	0	0	0	0	0	0	0	0	0	0	0	0	0	0	0	0	0	0	0	0	0	0	0	0	0	0	0	0	0	0	0	0	0	0	0	0	0	0	0.966564279230126	0	0	0	0	0
0	0	0	0	0	0	0	0	0	0.994156605257908	0	0	0	0	0	0	0	0	0	0	0	0	0	0	0	0	0	0	0	0	0	0	0	0	0	0	0	0	0	0	0	0	0	0	0	0	0	0	0	0	0	0	0	0	0	0	0	0	0	0	0	0.979313165178187	0	0	0	0	0	0	0	0	0	0	0.881682186308224	0	0	0	0	0	0.890626316750066	0	0	0	0	0	0	0	0	0	0	0
0	0	0	0	0	0	0	0	0	0	0	0	0	0	0	0	0	0	0	0	0	0	0	0	0	0	0	0	0	0	0	0	0	0	0	0	0	0	0	0	0	0	0	0	0	0	0	0	0	0	0	0	0	0	0	0	0	0	0	0	0	0	0	0	0	0	0	0	0	0	0.56950393250425	0	0	0	0	0	0	0.657098281361544	0	0	0	0	0	0	0	0	0	0	0.707408131383354	0
0	0	0	0	0	0	0	0	0	0	0	0	0	0	0	0	0	0	0	0	0	0	0	0	0	0	0	0	0	0	0.877263357784081	0	0	0	0	0	0	0.878458678625402	0	0	0	0	0	0	0	0	0	0	0	0	0	0	0	0	0	0	0	0	0	0	0	0	0	0	0	0	0	0	0	0	0	0	0	0	0	0	0	0	0	0	0	0	0	0	0	0	0	0.707408131383354	0	0.931537289658217
0	0	0	0	0	0	0	0	0	0	0	0	0	0	0	0	0	0	0	0	0	0	0	0	0	0	0	0	0	0	0	0	0	0	0	0	0	0	0	0	0	0	0	0	0	0	0	0	0	0	0.834348599835731	0	0	0	0	0	0	0	0	0.881359848853579	0	0	0	0	0	0	0	0	0	0	0.568873176389836	0	0	0	0	0	0	0	0	0	0	0	0	0	0	0	0	0	0.931537289658217	0
