0	0	0	0	0	0	0	0	0	0	0	0	0	0	0	0	0	0	0	0	0	0	0	0	0	0	0	0	0	0	0	0	0	0	0	0	0	0.984584636268961	0	0	0	0	0	0	0	0	0	0	0	0	0	0	0	0	0	0.907152726293358	0	0	0	0	0	0	0	0.867919116457673	0	0.689661632173343	0	0	0	0	0	0	0	0	0	0	0	0	0	0	0	0	0	0	0	0.979345483869789	0	0.747349532821147	0	0.78547653617021
0	0	0	0.806956562430598	0	0	0	0	0	0	0	0	0	0	0	0	0	0	0	0	0	0	0	0	0	0	0.720061520488128	0	0	0	0	0	0	0	0	0	0	0	0	0	0	0	0	0	0	0	0	0	0	0	0	0	0	0	0	0	0	0	0	0	0	0	0	0.988265650363837	0	0	0	0	0	0	0	0	0	0	0	0	0	0	0	0	0	0	0	0	0	0	0	0	0	0
0	0	0	0	0	0	0	0	0	0.667458437108605	0	0	0	0	0	0	0	0	0	0	0	0	0	0	0	0	0	0	0	0	0	0	0	0	0	0	0	0	0	0	0	0.959060943665871	0	0	0	0	0	0	0	0	0	0	0	0	0	0	0	0	0	0	0	0	0	0	0	0	0	0	0	0	0	0	0	0	0	0	0	0	0	0	0	0	0	0	0	0	0	0.814032682312916	0	0
0	0.806956562430598	0	0	0	0	0	0	0	0	0	0	0	0	0.814706074614233	0	0	0	0	0	0	0	0	0	0	0	0	0	0	0	0	0	0	0	0	0	0	0	0	0.76305198467003	0	0	0	0	0	0	0	0	0	0	0	0	0	0	0	0	0	0	0	0	0	0	0	0	0	0	0	0	0	0	0	0	0	0	0	0	0	0	0	0	0	0	0	0	0	0	0	0	0	0
0	0	0	0	0	0	0	0	0	0	0	0	0	0	0	0	0	0	0	0	0	0	0	0	0	0	0	0	0	0	0	0	0	0	0	0	0	0	0	0	0	0	0	0	0	0	0	0	0	0	0	0	0	0	0.779638283382266	0	0	0	0	0	0	0	0	0	0	0	0	0	0	0	0	0	0	0	0.869576094044178	0	0	0	0	0	0	0	0	0	0	0	0	0	0	0
0	0	0	0	0	0	0	0	0	0.898298549158106	0	0	0	0	0	0	0	0	0	0	0	0	0	0	0	0	0	0.79865673098644	0	0	0	0	0.648176081620086	0	0	0	0	0	0	0	0	0	0	0	0	0	0	0	0	0	0	0.970765003448149	0	0	0	0	0	0	0	0	0	0	0	0	0	0	0	0	0	0	0	0	0	0	0	0	0	0	0	0	0	0	0	0	0	0	0	0	0	0
0	0	0	0	0	0	0	0	0	0.932508377386303	0	0	0	0	0	0	0	0.893319961417775	0	0	0	0	0	0	0	0	0	0	0	0	0	0	0	0	0	0	0	0	0	0	0	0	0	0	0	0	0	0	0	0	0	0	0	0	0	0	0	0	0	0	0	0	0	0	0	0	0	0	0	0	0	0	0.97291718029561	0	0	0	0	0	0	0	0	0	0	0	0	0	0	0	0	0
0	0	0	0	0	0	0	0	0	0	0	0	0	0	0	0	0	0	0	0	0	0	0	0	0	0	0	0	0	0	0	0	0	0	0.57058013182909	0	0	0	0	0	0	0	0	0	0	0	0	0	0	0	0	0	0	0.998811872462263	0	0	0.821950282301648	0	0	0	0	0	0	0	0	0	0	0	0	0.579514434593989	0	0	0	0	0	0	0	0	0.985539002535474	0	0	0	0	0	0	0	0	0	0	0
0	0	0	0	0	0	0	0	0	0	0.965808184886859	0	0.789166923123126	0	0	0	0	0	0	0	0	0	0	0	0	0	0	0	0	0.673160407923611	0	0	0	0	0	0	0	0	0	0	0	0	0	0	0	0	0	0	0	0.823438365494495	0.609316723000944	0	0	0	0	0	0	0	0	0.765184606704579	0	0	0	0	0	0	0	0	0	0	0	0	0	0	0	0	0	0	0	0	0	0	0	0	0	0	0	0	0	0
0	0	0.667458437108605	0	0	0.898298549158106	0.932508377386303	0	0	0	0	0	0	0	0	0.868827683660303	0	0	0	0	0	0	0	0	0	0	0	0	0	0	0.945799789780053	0	0	0	0	0	0	0	0	0	0	0	0	0	0	0	0	0	0	0	0	0	0	0.75758907814997	0	0	0	0	0	0	0	0	0	0	0	0	0	0	0	0	0	0	0	0	0	0	0	0	0	0	0	0	0	0	0	0	0	0	0.895187550837043	0
0	0	0	0	0	0	0	0	0.965808184886859	0	0	0.75507308977842	0.749398052042617	0	0	0	0	0	0	0	0	0	0	0	0	0	0	0	0	0	0	0	0	0	0	0	0	0	0	0	0	0	0	0	0	0	0	0	0	0	0	0	0	0	0	0	0	0	0	0	0.67836305574854	0	0	0	0	0	0	0	0	0	0	0	0	0	0	0	0	0	0	0	0	0	0	0	0	0	0	0	0	0
0	0	0	0	0	0	0	0	0	0	0.75507308977842	0	0	0	0	0	0	0	0	0	0	0	0	0	0	0	0	0	0	0	0	0	0	0	0	0	0	0.806746889966282	0	0	0.710422030831873	0	0	0	0	0	0	0.710437422116107	0	0	0	0	0	0	0	0	0	0	0	0	0	0	0	0	0	0	0	0	0	0	0	0	0	0	0	0	0	0	0	0	0	0	0	0	0	0	0	0	0	0
0	0	0	0	0	0	0	0	0.789166923123126	0	0.749398052042617	0	0	0	0	0	0	0	0	0	0	0	0	0	0	0	0	0	0	0	0	0	0	0	0	0	0	0	0	0	0	0	0	0	0	0	0	0	0	0.674005848173548	0	0	0	0	0	0	0	0	0	0	0	0	0	0	0	0	0	0	0	0.818255367137775	0	0	0	0	0	0	0	0	0	0	0	0	0	0	0	0	0	0	0	0
0	0	0	0	0	0	0	0	0	0	0	0	0	0	0	0	0	0	0	0	0	0	0	0.959378192130178	0	0	0	0	0	0	0	0.935082356881445	0	0	0	0	0	0	0	0	0	0	0	0.765017912398669	0.811868166685459	0	0	0	0	0	0.771667252560721	0	0	0	0	0	0	0	0	0	0	0	0.942994684746214	0	0	0	0	0	0	0	0	0	0	0	0	0	0	0	0	0	0	0	0	0	0	0	0	0	0	0
0	0	0	0.814706074614233	0	0	0	0	0	0	0	0	0	0	0	0	0	0	0	0.694736938529732	0	0	0	0	0	0	0	0	0	0	0.53862922308075	0	0	0	0	0	0	0	0.803349211797957	0	0	0	0	0	0.846355896527638	0	0	0	0	0	0	0	0	0	0	0	0	0	0	0	0	0	0	0	0	0	0	0	0	0	0	0	0	0	0	0	0	0	0	0	0	0	0	0	0	0	0	0	0	0.846734424175615
0	0	0	0	0	0	0	0	0	0.868827683660303	0	0	0	0	0	0	0	0	0	0	0.896872935172411	0.554238235673929	0	0	0	0	0	0	0	0	0	0	0	0	0	0	0	0	0	0	0	0.877081963167695	0	0	0	0	0	0.747609702128539	0	0	0	0	0	0	0	0	0	0	0	0	0	0	0	0	0	0	0	0	0	0	0	0	0	0	0	0	0	0	0	0	0	0	0	0	0	0	0	0	0	0
0	0	0	0	0	0	0	0	0	0	0	0	0	0	0	0	0	0	0	0	0	0	0	0	0	0	0	0.843073875752518	0	0	0	0	0	0	0	0	0	0	0	0	0	0.660836523184335	0	0	0	0	0	0	0	0	0	0	0	0	0	0	0	0	0	0	0	0	0	0	0	0	0	0	0	0	0	0	0.929455333645966	0	0	0	0	0	0	0	0	0	0	0	0.799196358586628	0	0	0	0	0
0	0	0	0	0	0	0.893319961417775	0	0	0	0	0	0	0	0	0	0	0	0.990208810879197	0	0.97419191976616	0	0	0	0	0	0	0	0	0	0	0	0	0	0	0	0	0.964716061007463	0	0	0	0	0	0	0	0	0	0	0	0	0	0	0	0	0	0	0	0	0	0	0	0	0	0	0	0	0	0	0	0	0	0	0	0	0	0	0	0	0	0	0	0	0	0	0	0	0.777917512599984	0	0	0
0	0	0	0	0	0	0	0	0	0	0	0	0	0	0	0	0	0.990208810879197	0	0	0.977892391419841	0	0	0	0	0	0	0	0	0	0	0	0	0	0	0	0	0	0	0	0	0	0	0	0	0	0	0	0	0	0	0	0	0	0	0	0	0	0.984941395611482	0	0	0	0	0	0	0	0	0	0	0	0	0	0	0	0	0	0	0	0	0	0	0	0	0	0	0	0	0	0	0
0	0	0	0	0	0	0	0	0	0	0	0	0	0	0.694736938529732	0	0	0	0	0	0	0	0	0	0	0	0	0	0	0	0	0	0	0	0	0.99111508250874	0	0	0	0	0	0	0	0	0	0	0	0	0	0	0	0	0	0	0	0	0	0	0	0.83159407954123	0	0	0	0	0	0	0	0	0	0	0	0	0	0	0	0	0	0	0	0	0	0	0	0	0	0	0	0	0	0
0	0	0	0	0	0	0	0	0	0	0	0	0	0	0	0.896872935172411	0	0.97419191976616	0.977892391419841	0	0	0	0	0	0	0	0	0	0	0	0	0	0	0	0	0	0	0	0	0	0	0	0	0	0	0	0	0	0	0	0	0	0	0	0	0	0	0	0	0	0	0	0	0	0	0	0	0	0	0	0	0.892632454087291	0	0	0	0	0	0	0	0	0	0	0	0	0	0	0	0	0	0
0	0	0	0	0	0	0	0	0	0	0	0	0	0	0	0.554238235673929	0	0	0	0	0	0	0	0	0	0	0	0	0	0	0	0	0	0	0	0.56749674238448	0	0	0	0	0	0	0	0	0	0	0	0	0	0	0	0	0	0	0	0	0	0	0	0	0	0	0	0	0.745070338305081	0	0	0	0	0	0	0	0	0	0	0	0	0	0	0	0	0	0	0	0	0	0	0	0	0
0	0	0	0	0	0	0	0	0	0	0	0	0	0	0	0	0	0	0	0	0	0	0	0	0	0	0	0	0	0	0	0	0	0	0	0	0	0	0	0	0	0	0.92109123424192	0	0	0	0	0	0	0	0	0	0	0	0	0	0	0	0	0	0	0	0	0	0	0	0	0	0	0	0	0	0	0.578642518593252	0	0.8595761176851	0	0	0	0	0	0	0	0	0	0	0	0	0	0
0	0	0	0	0	0	0	0	0	0	0	0	0	0.959378192130178	0	0	0	0	0	0	0	0	0	0	0	0	0	0	0	0	0	0	0	0	0	0	0	0	0	0	0	0	0	0	0	0	0	0	0	0	0	0	0	0	0.797928469104492	0	0	0	0	0.683894939896772	0	0	0	0	0.844396346582384	0	0	0	0	0	0	0	0	0	0	0	0	0	0	0	0	0	0	0	0	0	0	0	0	0
0	0	0	0	0	0	0	0	0	0	0	0	0	0	0	0	0	0	0	0	0	0	0	0	0	0.982113984770836	0	0	0	0.98417856123691	0	0	0	0	0	0	0	0	0	0	0	0	0	0	0	0	0	0	0	0	0	0	0	0	0	0	0	0	0	0	0	0	0	0	0	0	0	0	0	0	0	0	0	0	0	0.911055531241545	0	0	0	0	0	0	0	0	0	0	0	0	0	0
0	0	0	0	0	0	0	0	0	0	0	0	0	0	0	0	0	0	0	0	0	0	0	0	0.982113984770836	0	0	0.929440912192507	0	0	0	0	0	0	0	0	0	0	0	0	0	0	0	0	0	0.90072515202893	0	0	0	0	0	0	0	0	0	0	0	0	0	0	0	0.847539342052825	0	0	0	0	0	0	0	0	0	0	0	0	0	0	0	0	0	0	0	0	0	0	0	0	0	0	0	0
0	0.720061520488128	0	0	0	0	0	0	0	0	0	0	0	0	0	0	0	0	0	0	0	0	0	0	0	0	0	0	0	0	0	0	0	0	0	0	0	0	0	0	0	0	0	0	0	0	0	0	0	0	0	0	0	0	0	0.781876914856316	0	0	0	0	0	0	0	0	0	0	0	0	0	0	0	0	0.824578151561129	0	0	0	0	0	0	0	0	0	0	0	0	0	0	0	0	0
0	0	0	0	0	0.79865673098644	0	0	0	0	0	0	0	0	0	0	0.843073875752518	0	0	0	0	0	0	0	0	0.929440912192507	0	0	0.836465417099495	0	0	0	0	0	0	0	0	0	0	0	0	0	0	0	0	0	0	0	0	0	0	0	0	0	0	0	0	0	0	0	0	0	0	0	0	0	0	0	0	0	0	0	0	0	0	0	0	0	0	0	0	0	0.932420190445964	0	0	0	0	0	0.745710712600053	0
0	0	0	0	0	0	0	0	0	0	0	0	0	0	0	0	0	0	0	0	0	0	0	0	0	0	0	0.836465417099495	0	0	0	0	0	0	0	0	0	0	0	0	0.814550990165235	0	0	0	0	0	0	0	0	0	0	0.642832339397776	0	0	0	0	0.993509953775222	0	0	0	0	0	0	0	0	0	0.842063365697206	0	0	0	0	0	0	0	0	0	0	0	0	0	0	0	0	0	0	0	0	0	0	0
0	0	0	0	0	0	0	0	0.673160407923611	0	0	0	0	0	0	0	0	0	0	0	0	0	0	0	0.98417856123691	0	0	0	0	0	0	0	0	0	0	0.57683750791088	0	0	0.835297321851025	0	0.892264765647348	0	0	0	0	0	0	0	0	0	0	0	0	0	0	0	0	0	0	0	0	0	0	0	0	0	0	0.792603883149274	0	0	0	0	0	0	0	0	0	0	0	0	0	0	0	0	0	0	0	0	0	0
0	0	0	0	0	0	0	0	0	0.945799789780053	0	0	0	0	0.53862922308075	0	0	0	0	0	0	0	0	0	0	0	0	0	0	0	0	0	0.774438985209634	0	0	0	0	0	0	0	0	0	0	0	0	0	0	0	0	0	0	0	0.706873804311851	0	0	0	0	0	0	0	0	0	0	0	0	0	0	0	0.552997263554327	0	0	0	0	0	0	0	0	0	0	0	0	0	0	0	0	0	0	0	0	0
0	0	0	0	0	0	0	0	0	0	0	0	0	0.935082356881445	0	0	0	0	0	0	0	0	0	0	0	0	0	0	0	0	0	0	0	0	0	0	0	0	0	0	0	0	0	0	0	0.635033520482508	0	0	0	0	0	0	0	0	0	0	0	0	0	0	0	0	0	0	0	0	0	0	0	0	0	0	0	0	0	0	0	0	0	0	0	0	0	0	0	0	0	0	0	0
0	0	0	0	0	0.648176081620086	0	0	0	0	0	0	0	0	0	0	0	0	0	0	0	0	0	0	0	0	0	0	0	0	0.774438985209634	0	0	0	0	0	0	0	0	0	0	0.926211538037644	0	0	0	0	0	0	0	0	0	0	0	0	0	0	0.833699772869976	0	0	0	0	0	0	0	0	0	0.650174453963846	0	0	0	0	0	0	0	0	0	0.874908689356845	0	0	0	0	0	0	0	0	0	0	0	0	0
0	0	0	0	0	0	0	0	0	0	0	0	0	0	0	0	0	0	0	0	0	0	0	0	0	0	0	0	0	0	0	0	0	0	0	0	0	0	0.825871001261143	0	0	0	0	0	0	0	0	0	0	0	0	0	0	0	0	0	0	0	0	0	0	0	0	0	0	0	0	0	0.929288664088649	0	0	0	0	0	0	0	0	0	0	0	0	0	0	0	0	0	0	0	0	0
0	0	0	0	0	0	0	0.57058013182909	0	0	0	0	0	0	0	0	0	0	0	0	0	0	0	0	0	0	0	0	0	0	0	0	0	0	0	0	0	0	0	0	0	0	0	0	0	0	0	0	0	0	0	0	0.852578826211765	0	0	0	0	0	0	0	0	0	0	0	0	0	0	0	0	0	0	0	0	0	0	0	0	0	0	0.971729321468365	0	0	0	0	0	0	0	0	0	0
0	0	0	0	0	0	0	0	0	0	0	0	0	0	0	0	0	0	0	0.99111508250874	0	0.56749674238448	0	0	0	0	0	0	0	0.57683750791088	0	0	0	0	0	0	0	0	0	0	0	0	0	0	0	0	0	0	0	0	0	0	0	0	0	0	0	0	0	0	0	0	0	0	0	0	0	0	0	0	0	0	0	0	0	0	0	0	0	0	0	0	0	0	0	0	0	0	0	0
0	0	0	0	0	0	0	0	0	0	0	0	0	0	0	0	0	0	0	0	0	0	0	0	0	0	0	0	0	0	0	0	0	0	0	0	0	0.931442115531335	0	0	0	0	0	0	0	0	0	0	0	0	0	0	0	0	0	0	0	0	0	0.811651481002278	0	0.720208762202641	0	0	0	0	0	0	0	0	0	0	0	0	0	0	0.955504535499179	0	0	0	0	0	0	0	0	0	0	0	0	0
0.984584636268961	0	0	0	0	0	0	0	0	0	0	0.806746889966282	0	0	0	0	0	0.964716061007463	0	0	0	0	0	0	0	0	0	0	0	0	0	0	0	0	0	0	0.931442115531335	0	0	0	0	0	0	0	0	0	0	0	0	0	0	0	0	0	0	0	0	0	0	0	0	0	0	0	0	0	0	0	0	0	0	0	0	0	0	0	0	0	0	0	0	0	0	0	0	0	0	0	0	0
0	0	0	0	0	0	0	0	0	0	0	0	0	0	0.803349211797957	0	0	0	0	0	0	0	0	0	0	0	0	0	0	0.835297321851025	0	0	0	0.825871001261143	0	0	0	0	0	0	0	0	0	0	0	0	0	0	0	0	0	0	0	0	0	0	0	0	0	0	0	0	0	0	0	0	0	0	0	0	0	0	0	0	0	0	0	0	0	0	0	0	0	0	0	0	0	0	0	0
0	0	0	0.76305198467003	0	0	0	0	0	0	0	0	0	0	0	0	0	0	0	0	0	0	0	0	0	0	0	0	0	0	0	0	0	0	0	0	0	0	0	0	0	0	0	0	0.846051968827594	0	0	0	0	0	0	0	0	0	0	0	0	0	0	0	0.87890374431549	0	0	0	0	0	0	0	0	0	0	0	0	0	0	0	0	0	0	0	0	0.987981601668007	0.954850688478105	0	0	0	0	0	0	0
0	0	0	0	0	0	0	0	0	0	0	0.710422030831873	0	0	0	0	0	0	0	0	0	0	0	0	0	0	0	0	0.814550990165235	0.892264765647348	0	0	0	0	0	0	0	0	0	0	0	0	0	0	0	0	0	0	0	0	0	0	0	0	0	0	0	0	0	0	0	0	0	0	0	0	0	0	0	0	0	0	0	0	0	0	0	0	0	0	0	0	0	0	0	0	0	0	0	0
0	0	0.959060943665871	0	0	0	0	0	0	0	0	0	0	0	0	0.877081963167695	0.660836523184335	0	0	0	0	0	0	0	0	0	0	0	0	0	0	0	0.926211538037644	0	0	0	0	0	0	0	0	0	0	0	0	0	0	0	0	0	0	0	0	0	0	0	0	0	0	0	0	0	0	0	0	0	0	0	0	0	0	0	0	0	0	0	0.970365869527614	0	0	0	0	0	0	0	0	0	0	0	0	0
0	0	0	0	0	0	0	0	0	0	0	0	0	0	0	0	0	0	0	0	0	0	0.92109123424192	0	0	0	0	0	0	0	0	0	0	0	0	0	0	0	0	0	0	0	0	0	0.977196624201595	0	0	0	0	0	0	0	0	0	0	0	0	0.677737243119525	0.776840639510344	0	0	0	0	0	0	0	0	0	0	0	0	0	0	0	0	0	0	0	0.732747175097449	0.611070485886673	0	0	0	0	0	0	0	0	0	0
0	0	0	0	0	0	0	0	0	0	0	0	0	0.765017912398669	0	0	0	0	0	0	0	0	0	0	0	0	0	0	0	0	0	0	0	0	0	0	0	0	0	0	0	0	0	0	0.98176331279469	0	0	0	0	0	0	0	0	0	0	0	0	0	0	0	0	0	0	0	0	0	0	0	0	0	0	0	0	0	0	0	0	0	0	0	0	0	0	0	0	0	0	0	0	0
0	0	0	0	0	0	0	0	0	0	0	0	0	0.811868166685459	0.846355896527638	0	0	0	0	0	0	0	0	0	0	0	0	0	0	0	0	0	0	0	0	0	0	0	0	0.846051968827594	0	0	0.977196624201595	0.98176331279469	0	0	0	0	0.810476787517328	0	0	0	0	0	0	0	0	0	0	0	0	0	0	0	0	0	0	0	0	0	0	0	0	0	0	0	0	0	0	0	0	0	0	0	0	0	0	0	0	0
0	0	0	0	0	0	0	0	0	0	0	0	0	0	0	0	0	0	0	0	0	0	0	0	0	0.90072515202893	0	0	0	0	0	0.635033520482508	0	0	0	0	0	0	0	0	0	0	0	0	0	0	0	0	0	0	0	0	0	0	0.750848415937897	0	0	0	0	0	0	0	0	0	0	0	0	0	0	0	0	0	0	0	0	0	0	0	0	0	0	0	0	0	0	0	0	0	0	0
0	0	0	0	0	0	0	0	0	0	0	0	0	0	0	0	0	0	0	0	0	0	0	0	0	0	0	0	0	0	0	0	0	0	0	0	0	0	0	0	0	0	0	0	0	0	0	0	0	0	0	0	0	0	0	0.937043869303281	0	0	0	0	0	0	0	0.792119288415821	0	0	0	0	0	0	0	0	0	0	0	0	0	0	0	0	0	0	0.710115701254927	0	0	0	0	0	0	0
0	0	0	0	0	0	0	0	0	0	0	0.710437422116107	0	0	0	0.747609702128539	0	0	0	0	0	0	0	0	0	0	0	0	0	0	0	0	0	0	0	0	0	0	0	0	0	0	0	0	0	0	0	0	0	0	0	0	0	0	0	0	0	0	0.982060063367104	0	0	0	0	0	0	0.888016630583805	0	0	0	0	0	0	0	0	0	0	0	0	0	0	0	0	0	0	0	0	0	0	0	0
0	0	0	0	0	0	0	0	0	0	0	0	0	0	0	0	0	0	0	0	0	0	0	0	0	0	0	0	0	0	0	0	0	0	0	0	0	0	0	0	0	0	0	0	0.810476787517328	0	0	0	0	0	0	0	0	0	0	0	0	0	0	0	0	0	0	0	0	0	0	0	0	0	0	0	0	0	0	0	0	0	0	0	0	0.830385725565546	0	0	0	0	0	0	0	0
0	0	0	0	0	0	0	0	0.823438365494495	0	0	0	0.674005848173548	0	0	0	0	0	0	0	0	0	0	0	0	0	0	0	0	0	0	0	0	0	0	0	0	0	0	0	0	0	0	0	0	0	0	0	0	0	0	0	0	0	0	0	0	0.650314982803834	0	0	0	0	0	0	0	0	0	0	0	0	0	0	0	0	0	0	0	0	0	0	0	0.837129652956105	0	0	0	0	0	0	0.963246777884647	0
0	0	0	0	0	0	0	0	0.609316723000944	0	0	0	0	0.771667252560721	0	0	0	0	0	0	0	0	0	0	0	0	0	0	0	0	0	0	0	0	0	0	0	0	0	0	0	0	0	0	0	0	0	0	0	0	0	0.753611258297359	0	0	0	0	0	0	0	0	0	0	0	0	0	0	0	0	0	0	0	0	0	0	0	0	0	0	0	0	0	0	0	0	0	0	0	0	0	0
0	0	0	0	0	0.970765003448149	0	0	0	0	0	0	0	0	0	0	0	0	0	0	0	0	0	0	0	0	0	0	0.642832339397776	0	0	0	0	0	0	0	0	0	0	0	0	0	0	0	0	0	0	0	0	0	0.753611258297359	0	0	0	0	0	0	0	0	0	0	0	0	0	0	0	0	0.928472926349452	0	0	0	0	0	0	0	0	0.841694655712087	0	0	0	0	0	0	0	0	0	0.74280453853993	0	0	0
0	0	0	0	0	0	0	0	0	0	0	0	0	0	0	0	0	0	0	0	0	0	0	0	0	0	0	0	0	0	0.706873804311851	0	0	0	0.852578826211765	0	0	0	0	0	0	0	0	0	0	0	0	0	0	0	0	0	0	0	0	0	0	0	0	0	0	0	0	0	0.779339305267887	0	0	0	0	0	0	0	0	0	0	0	0	0	0	0	0	0	0	0	0	0	0	0	0	0
0	0	0	0	0	0	0	0.998811872462263	0	0.75758907814997	0	0	0	0	0	0	0	0	0	0	0	0	0	0	0	0	0	0	0	0	0	0	0	0	0	0	0	0	0	0	0	0	0	0	0	0	0	0	0	0	0	0	0	0	0	0	0	0	0	0	0	0	0	0	0	0	0	0	0	0	0	0	0	0.664126897993644	0.976421736404669	0	0	0	0	0	0	0	0	0	0	0	0	0	0	0
0	0	0	0	0.779638283382266	0	0	0	0	0	0	0	0	0	0	0	0	0	0	0	0	0	0	0.797928469104492	0	0	0	0	0	0	0	0	0	0	0	0	0	0	0	0	0	0	0	0	0	0.750848415937897	0	0	0	0	0	0	0	0	0	0.918881121829442	0.977904393352237	0	0	0	0	0	0	0	0	0	0	0	0	0	0	0	0	0	0	0	0	0	0	0	0	0	0	0	0	0	0	0	0	0
0.907152726293358	0	0	0	0	0	0	0	0	0	0	0	0	0	0	0	0	0	0	0	0	0	0	0	0	0	0.781876914856316	0	0	0	0	0	0	0	0	0	0	0	0	0	0	0	0	0	0	0	0.937043869303281	0	0	0	0	0	0	0	0.918881121829442	0	0	0	0	0	0	0	0	0	0	0	0	0	0	0	0	0	0	0	0	0	0	0	0	0	0	0	0	0	0	0	0	0	0	0
0	0	0	0	0	0	0	0.821950282301648	0	0	0	0	0	0	0	0	0	0	0	0	0	0	0	0	0	0	0	0	0.993509953775222	0	0	0	0.833699772869976	0	0	0	0	0	0	0	0	0	0	0	0	0	0	0	0	0	0	0	0	0	0.977904393352237	0	0	0	0	0	0	0	0	0	0	0	0	0	0	0	0	0	0	0	0	0	0	0	0	0	0	0	0	0	0	0	0	0	0	0
0	0	0	0	0	0	0	0	0	0	0	0	0	0	0	0	0	0	0	0	0	0	0	0	0	0	0	0	0	0	0	0	0	0	0	0	0	0	0	0	0	0	0.677737243119525	0	0	0	0	0	0	0.650314982803834	0	0	0	0	0	0	0	0	0	0	0	0	0	0	0	0	0	0	0	0	0	0	0	0	0	0.937931579852136	0	0	0	0	0	0	0	0	0	0	0	0	0	0
0	0	0	0	0	0	0	0	0	0	0	0	0	0	0	0	0	0	0.984941395611482	0	0	0	0	0	0	0	0	0	0	0	0	0	0	0	0	0	0	0	0	0	0	0	0.776840639510344	0	0	0	0	0.982060063367104	0	0	0	0	0	0	0	0	0	0	0	0	0.990401289700144	0	0	0	0	0	0	0	0	0	0	0	0	0	0	0	0	0	0	0	0	0	0	0	0	0	0	0.920685855721059	0	0
0	0	0	0	0	0	0	0	0.765184606704579	0	0	0	0	0	0	0	0	0	0	0.83159407954123	0	0	0	0.683894939896772	0	0	0	0	0	0	0	0	0	0	0	0	0.811651481002278	0	0	0	0	0	0	0	0	0	0	0	0	0	0	0	0	0	0	0	0	0	0	0	0	0	0	0	0	0	0	0	0	0	0	0	0	0	0	0	0	0	0	0	0	0	0	0	0	0	0	0	0	0
0	0	0	0	0	0	0	0	0	0	0.67836305574854	0	0	0	0	0	0	0	0	0	0	0	0	0	0	0	0	0	0	0	0	0	0	0	0	0	0	0	0	0.87890374431549	0	0	0	0	0	0	0	0	0	0	0	0	0	0	0	0	0	0	0.990401289700144	0	0	0	0	0	0	0	0.928200928329695	0	0	0	0	0	0	0	0	0	0	0	0	0	0	0	0	0	0	0	0	0	0	0
0	0	0	0	0	0	0	0	0	0	0	0	0	0	0	0	0	0	0	0	0	0	0	0	0	0.847539342052825	0	0	0	0	0	0	0	0	0	0	0.720208762202641	0	0	0	0	0	0	0	0	0	0	0	0	0	0	0	0	0	0	0	0	0	0	0	0	0	0	0	0	0	0	0	0	0	0	0	0.881692315968313	0	0	0	0	0	0	0	0	0	0	0	0	0	0	0	0	0
0	0	0	0	0	0	0	0	0	0	0	0	0	0.942994684746214	0	0	0	0	0	0	0	0	0	0	0	0	0	0	0	0	0	0	0	0	0	0	0	0	0	0	0	0	0	0	0	0	0	0	0	0	0	0	0	0	0	0	0	0	0	0	0	0	0	0.785222734874583	0	0	0	0	0	0	0	0	0	0	0	0	0	0	0	0	0	0	0	0	0	0	0	0	0	0
0.867919116457673	0.988265650363837	0	0	0	0	0	0	0	0	0	0	0	0	0	0	0	0	0	0	0	0	0	0	0	0	0	0	0	0	0	0	0	0	0	0	0	0	0	0	0	0	0	0	0	0	0.792119288415821	0	0	0	0	0	0	0	0	0	0	0	0	0	0	0	0.785222734874583	0	0	0.661330732210519	0	0	0	0	0	0	0	0	0	0	0	0	0	0	0	0	0	0	0	0	0	0	0	0
0	0	0	0	0	0	0	0	0	0	0	0	0	0	0	0	0	0	0	0	0	0.745070338305081	0	0.844396346582384	0	0	0	0	0	0	0	0	0	0	0	0	0	0	0	0	0	0	0	0	0	0	0	0	0	0	0	0	0.779339305267887	0	0	0	0	0	0	0	0	0	0	0	0	0	0	0	0	0	0	0	0	0	0	0	0	0	0	0	0	0	0	0	0	0	0.788902040208806	0	0	0
0.689661632173343	0	0	0	0	0	0	0	0	0	0	0	0	0	0	0	0	0	0	0	0	0	0	0	0	0	0	0	0	0	0	0	0	0	0	0	0	0	0	0	0	0	0	0	0	0	0	0.888016630583805	0	0	0	0	0	0	0	0	0	0	0	0	0	0	0	0.661330732210519	0	0	0	0	0	0	0	0	0	0	0	0	0	0	0	0	0	0	0	0	0	0	0	0	0	0
0	0	0	0	0	0	0	0	0	0	0	0	0	0	0	0	0	0	0	0	0	0	0	0	0	0	0	0	0.842063365697206	0	0	0	0.650174453963846	0	0	0	0	0	0	0	0	0	0	0	0	0	0	0	0	0	0	0	0	0	0	0	0	0	0	0	0.928200928329695	0	0	0	0	0	0	0	0	0	0	0	0	0	0	0	0	0	0	0	0	0.844287766927594	0	0	0	0	0	0	0	0
0	0	0	0	0	0	0	0	0	0	0	0	0	0	0	0	0	0	0	0	0	0	0	0	0	0	0	0	0	0.792603883149274	0	0	0	0	0	0	0	0	0	0	0	0	0	0	0	0	0	0	0	0	0	0.928472926349452	0	0	0	0	0	0	0	0	0	0	0	0	0	0	0	0	0	0	0	0	0	0	0	0	0	0	0	0	0	0	0	0	0	0	0	0.582179016160635	0	0
0	0	0	0	0	0	0	0	0	0	0	0	0	0	0	0	0	0	0	0	0	0	0	0	0	0	0	0	0	0	0.552997263554327	0	0	0.929288664088649	0	0	0	0	0	0	0	0	0	0	0	0	0	0	0	0	0	0	0	0	0	0	0	0	0	0	0	0	0	0	0	0	0	0	0	0.742955040619693	0	0	0	0	0	0	0	0	0	0	0	0	0	0	0	0.964983515642611	0	0	0	0
0	0	0	0	0	0	0	0.579514434593989	0	0	0	0	0.818255367137775	0	0	0	0	0	0	0	0	0	0	0	0	0	0	0	0	0	0	0	0	0	0	0	0	0	0	0	0	0	0	0	0	0	0	0	0	0	0	0	0	0	0	0	0	0	0	0	0	0	0	0	0	0	0	0	0.742955040619693	0	0.556979959712431	0	0	0	0	0	0	0	0	0	0	0	0	0	0	0	0	0	0	0.695221168503732
0	0	0	0	0	0	0	0	0	0	0	0	0	0	0	0	0	0	0	0	0	0	0	0	0	0	0	0	0	0	0	0	0	0	0	0	0	0	0	0	0	0	0	0	0	0	0	0	0	0	0	0	0	0	0	0	0	0	0	0	0	0	0	0	0	0	0	0	0	0.556979959712431	0	0	0.77211941112087	0.924982415645206	0	0	0	0	0	0	0	0	0	0	0	0	0	0	0	0
0	0	0	0	0	0	0	0	0	0	0	0	0	0	0	0	0	0	0	0	0.892632454087291	0	0	0	0	0	0	0	0	0	0	0	0	0	0	0	0	0	0	0	0	0	0	0	0	0	0	0	0	0	0	0	0	0	0	0	0	0	0	0	0	0	0	0	0	0	0	0	0	0	0	0	0.987031779357247	0	0	0	0	0	0.567456494094258	0	0	0	0	0	0	0	0	0	0	0
0	0	0	0	0	0	0.97291718029561	0	0	0	0	0	0	0	0	0	0.929455333645966	0	0	0	0	0	0	0	0	0	0.824578151561129	0	0	0	0	0	0	0	0	0	0	0	0	0	0	0	0	0	0	0	0	0	0	0	0	0	0	0	0	0	0	0	0	0	0	0.881692315968313	0	0	0	0	0	0	0	0	0.77211941112087	0.987031779357247	0	0	0	0	0	0	0	0	0.853331486001069	0	0	0	0	0	0.953152699209463	0	0	0
0	0	0	0	0	0	0	0	0	0	0	0	0	0	0	0	0	0	0	0	0	0	0.578642518593252	0	0	0	0	0	0	0	0	0	0	0	0	0	0	0	0	0	0	0	0	0	0	0	0	0	0	0	0	0	0	0.664126897993644	0	0	0	0	0	0	0	0	0	0	0	0	0	0	0	0	0.924982415645206	0	0	0	0	0	0	0	0	0	0	0	0	0	0	0	0	0	0	0
0	0	0	0	0.869576094044178	0	0	0	0	0	0	0	0	0	0	0	0	0	0	0	0	0	0	0	0	0	0	0	0	0	0	0	0	0	0	0	0	0	0	0	0	0	0	0	0	0	0	0	0	0	0	0	0	0.976421736404669	0	0	0	0	0	0	0	0	0	0	0	0	0	0	0	0	0	0	0	0	0	0	0	0.934368778243724	0	0	0	0	0	0	0	0.946096536664995	0	0	0	0
0	0	0	0	0	0	0	0	0	0	0	0	0	0	0	0	0	0	0	0	0	0	0.8595761176851	0	0.911055531241545	0	0	0	0	0	0	0	0	0	0	0	0	0	0	0	0	0	0	0	0	0	0	0	0	0	0	0	0	0	0	0	0	0.937931579852136	0	0	0	0	0	0	0	0	0	0	0	0	0	0	0	0	0	0	0	0.732453240400049	0	0	0	0	0	0	0	0	0	0	0	0
0	0	0	0	0	0	0	0	0	0	0	0	0	0	0	0	0	0	0	0	0	0	0	0	0	0	0	0	0	0	0	0	0.874908689356845	0	0	0	0.955504535499179	0	0	0	0	0.970365869527614	0	0	0	0	0	0	0	0	0	0.841694655712087	0	0	0	0	0	0	0	0	0	0	0	0	0	0	0	0	0	0	0	0	0	0	0	0	0	0	0	0	0	0	0	0	0	0	0	0	0	0.999226826748377
0	0	0	0	0	0	0	0	0	0	0	0	0	0	0	0	0	0	0	0	0	0	0	0	0	0	0	0	0	0	0	0	0	0	0	0	0	0	0	0	0	0	0	0	0	0	0	0	0	0	0	0	0	0	0	0	0	0	0	0	0	0	0	0	0	0	0	0	0	0	0	0	0	0	0.934368778243724	0.732453240400049	0	0	0	0	0	0	0	0	0	0	0	0	0.711727042172612	0
0	0	0	0	0	0	0	0.985539002535474	0	0	0	0	0	0	0	0	0	0	0	0	0	0	0	0	0	0	0	0	0	0	0	0	0	0	0	0	0	0	0	0	0	0	0.732747175097449	0	0	0	0	0	0	0	0	0	0	0	0	0	0	0	0	0	0	0	0	0	0	0	0	0	0	0	0	0.567456494094258	0	0	0	0	0	0	0	0	0	0	0	0	0	0	0	0	0	0
0	0	0	0	0	0	0	0	0	0	0	0	0	0	0	0	0	0	0	0	0	0	0	0	0	0	0	0	0	0	0	0	0	0	0.971729321468365	0	0	0	0	0	0	0	0.611070485886673	0	0	0	0	0	0	0	0	0	0	0	0	0	0	0	0	0	0	0	0	0	0	0	0	0	0	0	0	0	0	0	0	0	0	0	0	0	0	0.853814017114962	0	0	0	0	0	0	0	0
0	0	0	0	0	0	0	0	0	0	0	0	0	0	0	0	0	0	0	0	0	0	0	0	0	0	0	0	0	0	0	0	0	0	0	0	0	0	0	0	0	0	0	0	0	0	0	0	0	0	0	0	0	0	0	0	0	0	0	0	0	0	0	0	0	0	0	0	0	0	0	0	0.853331486001069	0	0	0	0	0	0	0	0	0	0	0	0	0	0	0.952675278095692	0	0
0	0	0	0	0	0	0	0	0	0	0	0	0	0	0	0	0	0	0	0	0	0	0	0	0	0	0	0	0	0	0	0	0	0	0	0	0	0	0	0.987981601668007	0	0	0	0	0	0	0	0	0.830385725565546	0.837129652956105	0	0	0	0	0	0	0	0	0	0	0	0	0	0	0	0	0.844287766927594	0	0	0	0	0	0	0	0	0	0	0	0	0.853814017114962	0	0	0	0	0	0	0	0	0	0
0	0	0	0	0	0	0	0	0	0	0	0	0	0	0	0	0	0	0	0	0	0	0	0	0	0	0	0.932420190445964	0	0	0	0	0	0	0	0	0	0	0	0.954850688478105	0	0	0	0	0	0	0.710115701254927	0	0	0	0	0	0	0	0	0	0	0	0	0	0	0	0	0	0	0	0	0	0	0	0	0	0	0	0	0	0	0	0	0	0	0	0	0	0	0	0	0	0	0
0	0	0	0	0	0	0	0	0	0	0	0	0	0	0	0	0	0	0	0	0	0	0	0	0	0	0	0	0	0	0	0	0	0	0	0	0	0	0	0	0	0	0	0	0	0	0	0	0	0	0	0	0	0	0	0	0	0	0	0	0	0	0	0	0	0	0	0	0	0	0	0	0	0	0	0	0	0	0	0	0	0	0	0	0	0.964798756980946	0.93424480435628	0	0	0
0	0	0	0	0	0	0	0	0	0	0	0	0	0	0	0	0.799196358586628	0	0	0	0	0	0	0	0	0	0	0	0	0	0	0	0	0	0	0	0	0	0	0	0	0	0	0	0	0	0	0	0	0	0	0	0	0	0	0	0	0	0	0	0	0	0	0	0	0	0	0	0	0	0	0	0	0	0	0	0	0	0	0	0	0	0	0	0	0	0	0.637860853680928	0	0
0.979345483869789	0	0	0	0	0	0	0	0	0	0	0	0	0	0	0	0	0	0	0	0	0	0	0	0	0	0	0	0	0	0	0	0	0	0	0	0	0	0	0	0	0	0	0	0	0	0	0	0	0	0	0	0	0	0	0	0	0	0	0	0	0	0	0	0	0	0	0	0.964983515642611	0	0	0	0	0	0.946096536664995	0	0	0	0	0	0	0	0	0.964798756980946	0	0	0	0	0	0
0	0	0	0	0	0	0	0	0	0	0	0	0	0	0	0	0	0.777917512599984	0	0	0	0	0	0	0	0	0	0	0	0	0	0	0	0	0	0	0	0	0	0	0	0	0	0	0	0	0	0	0	0	0	0.74280453853993	0	0	0	0	0	0	0	0	0	0	0	0	0.788902040208806	0	0	0	0	0	0	0	0.953152699209463	0	0	0	0	0	0	0	0	0	0	0.93424480435628	0	0	0	0	0	0
0.747349532821147	0	0.814032682312916	0	0	0	0	0	0	0	0	0	0	0	0	0	0	0	0	0	0	0	0	0	0	0	0	0	0	0	0	0	0	0	0	0	0	0	0	0	0	0	0	0	0	0	0	0	0	0	0	0	0	0	0	0	0	0	0.920685855721059	0	0	0	0	0	0	0	0	0.582179016160635	0	0	0	0	0	0	0	0	0	0	0	0	0.952675278095692	0	0	0	0.637860853680928	0	0	0	0	0
0	0	0	0	0	0	0	0	0	0.895187550837043	0	0	0	0	0	0	0	0	0	0	0	0	0	0	0	0	0	0.745710712600053	0	0	0	0	0	0	0	0	0	0	0	0	0	0	0	0	0	0	0	0	0	0.963246777884647	0	0	0	0	0	0	0	0	0	0	0	0	0	0	0	0	0	0	0	0	0	0	0	0	0	0	0	0.711727042172612	0	0	0	0	0	0	0	0	0	0	0	0.904503199832032
0.78547653617021	0	0	0	0	0	0	0	0	0	0	0	0	0	0.846734424175615	0	0	0	0	0	0	0	0	0	0	0	0	0	0	0	0	0	0	0	0	0	0	0	0	0	0	0	0	0	0	0	0	0	0	0	0	0	0	0	0	0	0	0	0	0	0	0	0	0	0	0	0	0	0	0.695221168503732	0	0	0	0	0	0	0.999226826748377	0	0	0	0	0	0	0	0	0	0	0	0.904503199832032	0
