0	0	0	0	0	0	0	0	0	0	0	0	0	0	0	0	0	0	0	0	0	0	0	0	0	0	0.885612189249482	0	0	0	0	0	0	0	0	0	0	0	0	0.753953216994638	0	0	0	0	0	0	0	0	0	0	0	0	0	0	0	0.564789918983994	0	0	0	0	0	0	0	0	0	0	0	0	0	0	0	0	0	0	0.705802522660296	0	0	0	0	0	0	0	0	0	0	0	0	0	0	0
0	0	0	0	0	0	0.609507475195575	0	0	0	0	0	0	0	0	0	0	0	0	0	0	0	0	0	0	0	0	0	0	0	0	0	0	0	0	0	0	0	0	0	0	0	0	0	0	0	0	0	0	0	0	0	0	0	0	0	0	0	0	0	0	0	0	0	0	0	0	0	0	0	0	0	0.740356384943225	0	0	0	0	0	0	0	0	0	0	0	0	0	0.670580123482833	0	0	0
0	0	0	0	0	0	0	0	0	0	0	0	0	0	0	0	0	0	0	0	0	0	0	0	0	0	0	0	0	0	0	0	0	0	0	0	0.936712557230359	0.923163789086565	0	0	0	0	0	0	0	0	0.918226738550842	0	0	0	0.778166962246119	0	0	0	0	0	0	0	0	0	0	0	0	0	0	0	0	0	0	0	0	0	0	0	0	0	0	0	0	0	0	0	0	0	0	0	0	0	0	0
0	0	0	0	0	0	0	0.706658560318229	0	0	0	0	0	0	0	0	0	0.933748747421468	0	0	0	0	0	0	0	0	0	0	0	0	0	0	0	0	0	0	0	0	0	0	0	0	0	0	0	0	0	0	0	0	0	0	0.821542742740242	0	0	0	0	0	0	0	0	0	0	0	0	0	0	0	0	0	0.937545064653316	0	0	0	0	0.924614372568527	0	0	0	0	0	0	0.934864887359734	0	0	0	0	0	0	0
0	0	0	0	0	0.749821691463173	0.924599087420827	0	0	0	0	0	0	0	0	0	0	0	0	0	0	0	0	0	0	0	0	0	0	0	0	0	0	0	0	0	0	0	0	0	0	0	0	0	0	0	0	0	0	0	0	0	0	0	0	0	0	0	0	0	0	0	0	0	0	0	0	0	0	0	0	0	0	0	0	0	0	0	0	0	0	0	0	0	0	0	0	0	0	0
0	0	0	0	0.749821691463173	0	0	0	0	0.825514015099238	0	0	0	0	0	0	0	0	0	0	0	0.94686898839973	0	0	0	0	0	0	0	0	0	0	0	0	0	0	0	0	0	0	0	0	0	0	0	0	0	0	0	0	0	0	0	0	0	0	0	0	0	0	0	0	0	0	0	0.863261653447922	0	0	0	0	0	0	0	0	0	0	0.58135516631973	0	0	0	0	0	0	0	0	0	0	0	0	0
0	0.609507475195575	0	0	0.924599087420827	0	0	0	0	0	0	0	0	0	0	0	0	0	0	0	0	0	0	0	0	0	0	0	0	0	0	0	0	0	0	0	0	0	0	0	0	0	0	0	0	0	0	0	0	0	0	0	0	0	0.781762966766599	0	0	0	0	0	0.569276485760214	0	0	0	0	0	0	0	0	0	0	0	0	0	0	0	0	0	0	0	0	0	0	0	0	0	0	0	0	0
0	0	0	0.706658560318229	0	0	0	0	0	0	0	0	0	0	0	0	0	0	0	0	0	0	0	0	0	0	0	0	0	0	0	0	0	0	0	0	0	0	0	0	0	0	0	0	0	0	0	0	0	0	0	0	0	0	0	0	0	0	0	0	0	0	0	0	0	0	0	0	0	0	0	0	0	0.870766011526331	0	0	0	0	0	0	0	0	0	0	0	0	0	0	0	0
0	0	0	0	0	0	0	0	0	0.922725316975169	0	0	0	0	0	0.910145805204323	0	0	0	0	0	0	0	0	0	0	0	0	0	0	0	0	0	0	0	0	0	0	0	0	0	0	0	0	0	0	0	0	0	0	0.867107496809809	0	0	0	0	0	0	0	0	0	0	0	0	0	0	0	0	0	0	0	0	0	0	0	0	0	0	0	0	0	0	0	0	0	0	0	0	0	0	0
0	0	0	0	0	0.825514015099238	0	0	0.922725316975169	0	0	0.744842482446908	0	0	0	0	0	0	0	0	0	0	0	0	0	0.856598380442761	0.996316798142992	0	0	0	0	0	0	0	0	0	0	0	0	0	0	0	0	0	0	0	0	0	0	0	0	0	0	0	0	0	0	0	0	0	0	0	0	0	0	0	0	0	0	0	0	0	0	0	0	0	0	0	0	0	0	0.61020814936526	0	0	0	0	0	0	0	0
0	0	0	0	0	0	0	0	0	0	0	0	0	0	0	0.789560080701654	0	0	0	0	0	0	0	0	0.809694421983401	0	0	0	0	0	0	0	0	0	0	0	0	0	0	0	0	0	0	0	0	0	0	0	0	0	0	0	0	0	0	0	0	0	0	0	0	0	0	0	0	0	0	0	0	0	0	0	0	0	0	0	0	0	0	0	0	0	0	0	0	0	0	0	0	0
0	0	0	0	0	0	0	0	0	0.744842482446908	0	0	0	0	0.849817258769905	0	0	0	0	0	0	0	0	0	0	0	0	0	0	0	0	0	0	0	0	0	0	0	0	0	0	0	0	0	0	0	0	0	0	0	0	0	0.776946772647895	0	0	0	0	0	0	0	0	0	0	0	0	0	0	0	0	0	0	0	0	0	0	0	0	0	0	0	0	0	0	0	0	0.997130573206499	0	0	0	0
0	0	0	0	0	0	0	0	0	0	0	0	0	0	0	0	0	0	0	0	0	0	0	0	0	0	0	0	0.675407391259437	0	0	0	0	0	0	0	0	0	0	0	0.861178274706766	0	0	0	0	0	0	0	0	0	0	0	0	0	0	0	0	0.857368503149001	0	0	0	0	0	0	0	0	0	0	0	0	0	0	0.901062174494512	0	0	0	0	0	0	0	0	0	0	0	0	0	0	0	0	0
0	0	0	0	0	0	0	0	0	0	0	0	0	0	0.814726474313889	0.879535132740711	0	0	0	0	0	0	0	0	0	0	0	0	0	0	0	0	0	0	0	0	0	0	0	0	0	0	0	0	0	0	0	0	0	0	0	0	0	0	0	0	0	0	0	0	0	0	0	0	0	0	0	0	0	0	0	0	0	0	0	0	0	0	0	0	0.987514578125164	0	0	0	0	0	0	0	0	0
0	0	0	0	0	0	0	0	0	0	0	0.849817258769905	0	0.814726474313889	0	0	0	0	0	0	0	0.908138716748684	0	0	0	0	0	0	0	0	0	0	0	0	0	0	0	0	0	0	0	0	0	0	0	0	0	0	0	0	0	0	0	0	0	0	0	0	0	0	0	0	0	0	0	0	0	0	0	0	0	0	0	0	0	0	0	0	0	0	0	0	0	0	0	0	0	0	0	0
0	0	0	0	0	0	0	0	0.910145805204323	0	0.789560080701654	0	0	0.879535132740711	0	0	0	0.671345368917632	0	0	0	0	0	0	0.714125227139954	0	0	0	0	0	0	0	0	0	0	0	0	0	0	0	0	0	0	0	0	0	0	0	0	0	0	0	0	0	0	0	0	0	0	0	0	0	0	0	0.883290322806948	0	0	0	0	0	0	0	0	0.973553963049023	0	0	0	0	0	0	0	0	0	0	0	0	0	0	0	0
0	0	0	0	0	0	0	0	0	0	0	0	0	0	0	0	0	0	0	0	0	0	0	0	0	0	0	0	0	0	0	0	0	0	0	0	0	0	0	0	0	0.923747636721991	0	0	0	0	0	0	0	0	0	0	0	0	0	0	0	0	0	0	0	0	0	0	0	0	0	0	0	0	0	0	0	0	0	0	0	0	0	0	0	0	0.934849406623941	0	0.926972470399917	0	0	0	0.879779803578391	0
0	0	0	0.933748747421468	0	0	0	0	0	0	0	0	0	0	0	0.671345368917632	0	0	0	0	0	0	0	0	0.863259305771877	0	0	0	0	0	0	0	0	0	0	0	0	0	0	0	0	0	0	0	0	0	0	0.999292668181092	0	0	0	0	0	0	0	0	0	0	0	0	0	0	0	0.874772117680192	0	0	0	0	0	0	0	0	0	0	0	0	0	0	0	0	0	0	0	0	0	0	0	0	0	0
0	0	0	0	0	0	0	0	0	0	0	0	0	0	0	0	0	0	0	0	0	0	0	0	0	0	0	0.901796817438562	0	0	0	0	0	0	0	0	0	0	0	0	0	0	0	0	0	0	0.628770510126966	0	0	0	0	0	0	0	0	0	0	0	0	0	0	0	0	0	0	0	0	0	0	0	0	0	0	0	0	0	0	0	0	0	0	0	0	0	0	0	0	0	0	0
0	0	0	0	0	0	0	0	0	0	0	0	0	0	0	0	0	0	0	0	0.988955883975871	0	0	0	0	0	0	0	0	0	0	0	0	0	0	0	0	0	0	0	0.878745897869394	0	0	0	0	0	0	0	0	0	0	0	0	0	0	0	0	0	0	0	0	0	0	0	0	0	0	0	0	0	0	0	0	0	0	0	0	0	0	0	0	0	0	0	0	0	0	0	0	0
0	0	0	0	0	0	0	0	0	0	0	0	0	0	0	0	0	0	0	0.988955883975871	0	0	0	0	0	0	0	0	0	0	0	0	0	0	0	0	0	0	0	0	0	0	0	0.989447388976938	0	0.779855381200147	0	0	0	0	0	0	0	0	0	0	0	0	0	0	0	0	0	0	0	0	0	0	0	0	0	0	0	0	0	0	0	0	0	0	0	0	0	0	0	0	0	0	0	0
0	0	0	0	0	0.94686898839973	0	0	0	0	0	0	0	0	0.908138716748684	0	0	0	0	0	0	0	0	0	0	0	0	0	0	0.809194139669764	0	0	0	0	0	0	0	0	0	0	0	0	0	0	0	0	0	0	0	0	0	0	0	0	0	0	0	0	0	0.948119396861897	0	0	0	0	0	0	0	0	0	0	0	0	0	0	0	0	0	0	0	0	0	0	0	0	0	0	0.642158637263138	0	0	0
0	0	0	0	0	0	0	0	0	0	0	0	0	0	0	0	0	0	0	0	0	0	0	0	0	0	0	0	0	0	0	0	0	0	0.968049566879541	0.94222738171974	0	0	0	0	0	0	0	0	0	0	0	0	0.919045430589966	0	0	0	0	0	0	0	0	0	0	0	0	0	0	0	0	0	0	0	0	0	0	0	0	0	0	0	0	0	0.925466488772942	0	0	0	0	0.688981558905488	0	0	0	0	0	0
0	0	0	0	0	0	0	0	0	0	0	0	0	0	0	0	0	0	0	0	0	0	0	0	0.79072250017906	0	0	0	0	0	0	0	0	0	0	0	0	0	0.999087547494633	0	0	0	0	0	0	0	0	0	0	0	0	0	0	0	0	0	0	0	0	0	0	0	0	0	0	0	0	0	0	0	0	0	0	0	0	0	0	0	0	0	0	0	0.788854498009649	0	0	0	0	0	0	0.743148603010521
0	0	0	0	0	0	0	0	0	0	0.809694421983401	0	0	0	0	0.714125227139954	0	0.863259305771877	0	0	0	0	0	0.79072250017906	0	0	0	0	0	0	0	0	0	0	0	0	0	0	0	0	0	0	0	0	0	0	0	0	0	0	0	0	0	0	0	0	0	0	0	0	0	0	0	0	0	0	0	0	0	0	0	0	0	0	0	0	0	0	0	0	0	0	0	0	0	0	0	0	0.979843939672852	0
0	0	0	0	0	0	0	0	0	0.856598380442761	0	0	0	0	0	0	0	0	0	0	0	0	0	0	0	0	0	0	0	0	0	0	0	0	0	0	0	0	0	0	0	0	0	0	0	0.796070040380357	0	0	0	0	0	0	0	0	0	0.697924842817156	0	0	0	0	0	0	0.694977531984673	0	0	0	0	0	0	0	0	0	0	0.817526245035074	0	0	0	0.601732394147017	0	0.916264604826493	0	0	0	0	0	0	0	0.947976563745396	0	0
0.885612189249482	0	0	0	0	0	0	0	0	0.996316798142992	0	0	0	0	0	0	0	0	0	0	0	0	0	0	0	0	0	0	0	0	0	0	0	0	0	0	0	0	0	0	0	0	0	0	0	0	0	0	0.818208958844394	0	0	0	0	0.600776531325301	0	0	0	0	0	0	0	0	0	0	0	0	0	0.826453211120082	0	0	0	0	0	0	0	0	0	0	0	0	0	0	0	0	0	0	0	0	0	0
0	0	0	0	0	0	0	0	0	0	0	0	0	0	0	0	0	0	0.901796817438562	0	0	0	0	0	0	0	0	0	0	0	0	0	0	0	0	0	0	0	0	0	0	0	0	0	0	0	0	0	0	0	0	0	0	0	0	0	0	0	0	0	0	0	0	0.640735536367674	0.73937952614328	0	0	0	0	0	0	0	0	0	0	0	0	0	0	0	0	0	0	0	0	0	0	0	0	0
0	0	0	0	0	0	0	0	0	0	0	0	0.675407391259437	0	0	0	0	0	0	0	0	0	0	0	0	0	0	0	0	0.948191307236678	0	0	0	0	0.877584830103395	0	0	0	0	0	0	0	0	0	0	0	0	0	0	0	0	0	0	0	0	0	0	0	0	0	0	0	0	0	0	0	0	0	0	0	0	0	0	0	0	0	0	0	0	0	0	0	0.999658868649165	0	0	0	0	0	0	0
0	0	0	0	0	0	0	0	0	0	0	0	0	0	0	0	0	0	0	0	0	0.809194139669764	0	0	0	0	0	0	0.948191307236678	0	0	0.958383574456319	0	0	0	0	0	0	0	0	0	0	0	0	0	0	0	0	0	0	0	0	0	0	0	0	0	0	0	0	0	0.832424852368155	0	0.690127770515281	0	0	0	0	0	0	0	0	0	0	0	0	0	0	0	0	0	0	0	0	0	0	0	0	0	0
0	0	0	0	0	0	0	0	0	0	0	0	0	0	0	0	0	0	0	0	0	0	0	0	0	0	0	0	0	0	0	0	0	0	0	0	0	0	0	0	0	0	0	0	0	0	0	0	0	0	0	0	0	0	0	0	0	0.929939105097759	0	0	0	0	0	0	0	0	0.906182934686915	0	0.920937310439459	0	0	0	0	0	0	0	0	0	0	0	0	0	0	0	0	0	0	0	0	0
0	0	0	0	0	0	0	0	0	0	0	0	0	0	0	0	0	0	0	0	0	0	0	0	0	0	0	0	0	0.958383574456319	0	0	0	0.91926803802206	0	0	0	0	0	0	0	0	0	0	0	0	0	0	0	0	0	0	0	0	0	0	0	0	0	0	0	0	0	0	0	0	0	0	0	0	0	0	0	0	0	0	0	0.858328923163935	0	0	0	0	0	0	0	0	0	0	0	0
0	0	0	0	0	0	0	0	0	0	0	0	0	0	0	0	0	0	0	0	0	0	0	0	0	0	0	0	0	0	0	0	0	0	0.932317588866715	0	0	0	0	0	0	0	0	0	0	0	0.666749286724369	0	0	0	0	0	0	0	0	0	0	0	0	0	0	0	0	0	0	0	0	0	0	0	0	0	0	0	0.72691211938164	0	0	0	0	0	0	0	0	0	0	0	0	0	0	0
0	0	0	0	0	0	0	0	0	0	0	0	0	0	0	0	0	0	0	0	0	0	0	0	0	0	0	0	0	0	0	0.91926803802206	0	0	0.886571816866543	0	0	0	0	0.902154540453112	0	0.670912008494301	0	0	0	0	0	0	0	0	0	0	0	0	0	0	0	0	0	0	0	0	0	0	0	0	0	0	0	0	0	0	0	0	0	0	0	0	0.994290833811525	0	0	0	0	0	0	0	0	0	0	0
0	0	0	0	0	0	0	0	0	0	0	0	0	0	0	0	0	0	0	0	0	0	0.968049566879541	0	0	0	0	0	0.877584830103395	0	0	0	0.932317588866715	0.886571816866543	0	0	0	0	0	0	0	0	0	0	0	0	0	0	0	0	0	0	0	0.909935480507854	0	0	0	0	0	0	0	0	0	0	0	0	0	0	0	0	0	0	0	0	0	0	0	0	0	0	0	0	0	0	0	0	0	0	0	0
0	0	0	0	0	0	0	0	0	0	0	0	0	0	0	0	0	0	0	0	0	0	0.94222738171974	0	0	0	0	0	0	0	0	0	0	0	0	0	0	0	0	0.847177290721298	0	0	0	0	0	0	0	0.996208082695257	0	0	0	0	0	0	0	0	0	0	0	0	0	0	0	0	0	0	0	0.890592153856177	0	0	0	0	0	0	0	0	0	0	0	0	0	0.849306502883799	0	0	0.728723215006987	0	0	0	0	0
0	0	0.936712557230359	0	0	0	0	0	0	0	0	0	0	0	0	0	0	0	0	0	0	0	0	0	0	0	0	0	0	0	0	0	0	0	0	0	0	0	0	0	0	0	0	0	0	0	0	0	0	0.702871875274701	0	0	0	0	0	0	0	0	0	0	0	0	0	0	0	0	0	0	0	0	0	0	0	0	0	0	0	0	0	0	0	0	0	0	0	0	0	0	0	0
0	0	0.923163789086565	0	0	0	0	0	0	0	0	0	0	0	0	0	0	0	0	0	0	0	0	0	0	0	0	0	0	0	0	0	0	0	0	0	0	0	0.596762606081356	0	0	0	0	0	0	0	0	0	0	0	0	0	0	0	0	0	0	0	0	0	0	0	0	0	0	0	0	0	0	0	0	0	0	0	0	0	0	0	0	0	0	0	0	0	0	0	0	0	0	0
0	0	0	0	0	0	0	0	0	0	0	0	0	0	0	0	0	0	0	0	0	0	0	0.999087547494633	0	0	0	0	0	0	0	0	0	0	0	0	0	0.596762606081356	0	0.950099646178377	0	0	0	0	0	0	0	0	0	0	0	0	0	0	0	0	0	0	0	0	0	0	0	0	0	0	0	0	0	0	0	0	0	0	0	0	0	0	0	0	0	0	0	0	0	0	0	0	0	0
0.753953216994638	0	0	0	0	0	0	0	0	0	0	0	0	0	0	0	0	0	0	0	0	0	0	0	0	0	0	0	0	0	0	0	0	0.902154540453112	0	0.847177290721298	0	0	0.950099646178377	0	0	0.742974960369524	0	0	0	0	0	0	0	0	0	0	0	0.941946280576941	0	0	0	0	0	0	0	0	0	0	0	0	0	0	0	0	0.785567761940204	0	0	0	0	0	0	0	0	0	0	0	0	0	0	0	0	0	0	0
0	0	0	0	0	0	0	0	0	0	0	0	0.861178274706766	0	0	0	0	0	0	0.878745897869394	0	0	0	0	0	0	0	0	0	0	0	0	0	0	0	0	0	0	0	0	0	0	0	0	0	0	0	0	0.997116647111644	0	0	0	0	0	0	0	0.725281440121473	0.522534028796188	0	0	0	0	0	0	0	0	0	0	0.89996166688229	0	0	0	0	0	0	0	0	0	0	0	0	0	0	0	0	0	0	0	0	0
0	0	0	0	0	0	0	0	0	0	0	0	0	0	0	0	0.923747636721991	0	0	0	0	0	0	0	0	0	0	0	0	0	0	0	0	0.670912008494301	0	0	0	0	0	0.742974960369524	0	0	0	0	0	0	0	0	0	0	0	0	0	0	0	0	0	0	0	0.764325402089801	0	0	0	0	0	0	0	0	0	0.998811234264476	0	0	0	0	0	0	0	0	0	0	0	0	0	0	0	0	0	0	0	0.997881683202672
0	0	0	0	0	0	0	0	0	0	0	0	0	0	0	0	0	0	0	0	0	0	0	0	0	0	0	0	0	0	0	0	0	0	0	0	0	0	0	0	0	0	0	0	0.749886883147995	0	0	0.640740474538075	0	0	0	0.573758256471305	0	0	0	0	0	0	0	0	0	0	0	0	0	0	0	0	0	0	0	0	0	0	0	0	0	0	0	0	0	0	0	0	0	0	0	0	0	0
0	0	0	0	0	0	0	0	0	0	0	0	0	0	0	0	0	0	0	0	0.989447388976938	0	0	0	0	0	0	0	0	0	0	0	0	0	0	0	0	0	0	0	0	0	0	0	0	0.970007052608847	0	0	0	0	0	0	0	0	0.64214227363107	0	0	0	0	0	0	0	0	0	0	0	0	0	0	0	0	0	0	0	0	0	0	0	0	0	0	0	0	0	0	0	0	0	0	0
0	0	0	0	0	0	0	0	0	0	0	0	0	0	0	0	0	0	0	0	0	0	0	0	0	0	0	0	0	0	0	0	0	0	0	0	0	0	0	0	0	0	0.749886883147995	0	0	0.810469823330219	0.782444609930816	0	0	0	0	0	0	0	0	0	0	0	0	0	0	0	0	0	0	0	0	0	0	0	0	0	0	0	0	0	0	0	0	0	0	0	0	0	0	0	0	0	0	0
0	0	0	0	0	0	0	0	0	0	0	0	0	0	0	0	0	0	0	0	0.779855381200147	0	0	0	0	0.796070040380357	0	0	0	0	0	0	0	0	0	0	0	0	0	0	0	0	0	0.970007052608847	0.810469823330219	0	0	0	0	0	0	0.779051228307061	0	0	0	0	0	0	0	0	0	0	0	0	0	0	0	0	0	0	0	0	0	0	0	0	0	0	0	0	0	0.876353332272958	0	0	0	0	0	0	0	0
0	0	0.918226738550842	0	0	0	0	0	0	0	0	0	0	0	0	0	0	0	0.628770510126966	0	0	0	0	0	0	0	0	0	0	0	0	0	0.666749286724369	0	0	0	0	0	0	0	0	0	0	0	0.782444609930816	0	0	0	0	0	0	0	0	0	0	0	0	0	0	0	0	0	0	0	0.621166334877338	0	0	0	0	0	0	0	0	0	0	0.824226663046942	0	0	0	0	0	0	0.726071299470642	0	0	0	0	0	0	0
0	0	0	0	0	0	0	0	0	0	0	0	0	0	0	0	0	0.999292668181092	0	0	0	0	0	0	0	0	0	0	0	0	0	0	0	0	0	0.996208082695257	0	0	0	0	0	0	0.640740474538075	0	0	0	0	0	0	0	0	0	0	0	0	0	0	0	0	0	0	0	0	0	0	0	0	0	0.752145310607542	0	0	0	0	0	0	0	0	0	0	0	0	0	0	0	0	0	0	0	0	0
0	0	0	0	0	0	0	0	0	0	0	0	0	0	0	0	0	0	0	0	0	0	0.919045430589966	0	0	0	0.818208958844394	0	0	0	0	0	0	0	0	0	0	0	0	0	0.997116647111644	0	0	0	0	0	0	0	0	0	0	0	0	0	0	0	0	0	0	0	0	0	0	0	0	0	0	0	0	0	0	0	0	0	0	0	0	0	0	0	0	0	0	0	0	0	0	0	0	0
0	0	0	0	0	0	0	0	0	0	0	0	0	0	0	0	0	0	0	0	0	0	0	0	0	0	0	0	0	0	0	0	0	0	0	0	0.702871875274701	0	0	0	0	0	0	0	0	0	0	0	0	0	0	0.867126904459017	0	0	0	0	0	0	0	0.657497948131847	0	0	0	0	0	0	0	0	0	0	0	0	0	0.976061598265661	0	0.769515679775315	0	0	0	0	0	0	0	0	0	0	0	0	0	0
0	0	0.778166962246119	0	0	0	0	0	0.867107496809809	0	0	0	0	0	0	0	0	0	0	0	0	0	0	0	0	0	0	0	0	0	0	0	0	0	0	0	0	0	0	0	0	0	0	0	0	0	0	0	0	0	0	0	0	0	0	0	0	0	0	0	0	0	0	0	0	0	0	0	0	0	0	0	0	0	0	0	0	0	0	0	0	0	0	0	0	0	0	0	0.918375285252438	0
0	0	0	0	0	0	0	0	0	0	0	0	0	0	0	0	0	0	0	0	0	0	0	0	0	0	0	0	0	0	0	0	0	0	0	0	0	0	0	0	0	0	0.573758256471305	0	0	0.779051228307061	0	0	0	0.867126904459017	0	0	0	0	0	0	0.980790883713515	0	0.920258171917957	0.66247703816966	0	0	0	0	0	0	0	0	0	0	0	0	0	0	0	0	0	0	0	0	0	0	0	0	0	0	0	0	0	0
0	0	0	0.821542742740242	0	0	0	0	0	0	0	0.776946772647895	0	0	0	0	0	0	0	0	0	0	0	0	0	0	0	0	0	0	0	0	0	0	0	0	0	0	0	0	0	0	0	0	0	0	0	0	0	0	0	0	0	0	0	0	0	0	0	0	0	0	0	0	0	0	0	0	0	0	0	0	0	0	0	0	0	0	0	0	0	0	0.729829843802933	0	0	0	0	0	0	0
0	0	0	0	0	0	0	0	0	0	0	0	0	0	0	0	0	0	0	0	0	0	0	0	0	0	0.600776531325301	0	0	0	0	0	0	0	0.909935480507854	0	0	0	0	0.941946280576941	0	0	0	0	0	0	0	0	0	0	0	0	0	0	0	0	0	0	0	0	0	0	0	0	0	0	0	0	0	0	0	0	0	0	0	0	0	0	0	0	0	0	0	0	0	0	0	0	0.874862343172139	0
0	0	0	0	0	0	0.781762966766599	0	0	0	0	0	0	0	0	0	0	0	0	0	0	0	0	0	0	0	0	0	0	0	0	0	0	0	0	0	0	0	0	0	0	0	0	0.64214227363107	0	0	0	0	0	0	0	0	0	0	0	0	0	0	0.690368129807887	0.588045363271116	0	0	0.985236712876507	0	0	0	0	0	0	0	0	0	0	0	0	0	0	0.626808264664238	0	0	0	0	0	0	0	0	0	0	0	0
0.564789918983994	0	0	0	0	0	0	0	0	0	0	0	0	0	0	0	0	0	0	0	0	0	0	0	0	0.697924842817156	0	0	0	0	0	0	0	0	0	0	0	0	0	0	0	0	0	0	0	0	0	0	0	0	0	0	0	0	0	0	0	0	0	0	0	0	0	0	0	0	0.98590061339105	0	0	0	0	0	0	0	0	0	0	0	0	0	0	0	0	0	0	0	0	0	0	0
0	0	0	0	0	0	0	0	0	0	0	0	0	0	0	0	0	0	0	0	0	0	0	0	0	0	0	0	0	0	0	0	0	0	0	0	0	0	0	0	0.725281440121473	0	0	0	0	0	0	0	0	0	0	0.980790883713515	0	0	0	0	0	0	0	0	0	0	0	0	0	0	0	0	0	0	0	0	0	0	0	0	0	0	0	0	0	0	0	0	0	0	0	0	0	0
0	0	0	0	0	0	0	0	0	0	0	0	0.857368503149001	0	0	0	0	0	0	0	0	0	0	0	0	0	0	0	0	0	0.929939105097759	0	0	0	0	0	0	0	0	0	0.522534028796188	0	0	0	0	0	0	0	0	0	0	0	0	0	0	0	0	0	0	0	0	0	0	0	0	0	0	0	0	0	0	0	0	0	0	0	0	0	0	0	0	0	0	0	0	0	0	0	0	0
0	0	0	0	0	0	0	0	0	0	0	0	0	0	0	0	0	0	0	0	0	0	0	0	0	0	0	0	0	0	0	0	0	0	0	0	0	0	0	0	0	0	0	0	0	0	0	0	0	0	0	0.920258171917957	0	0	0.690368129807887	0	0	0	0	0	0	0	0	0	0	0	0	0	0	0	0	0	0	0	0	0	0	0	0	0	0	0	0	0	0	0	0	0	0	0
0	0	0	0	0	0	0	0	0	0	0	0	0	0	0	0	0	0	0	0	0	0.948119396861897	0	0	0	0	0	0	0	0	0	0	0	0	0	0	0	0	0	0	0	0.764325402089801	0	0	0	0	0	0	0	0.657497948131847	0	0.66247703816966	0	0	0.588045363271116	0	0	0	0	0	0	0	0	0	0	0	0	0	0	0	0	0	0	0	0	0	0	0	0	0	0	0	0	0	0	0	0	0	0	0
0	0	0	0	0	0	0.569276485760214	0	0	0	0	0	0	0	0	0	0	0	0	0	0	0	0	0	0	0	0	0	0	0	0	0	0	0	0	0	0	0	0	0	0	0	0	0	0	0	0	0	0	0	0	0	0	0	0	0	0	0	0	0	0	0.761459597191279	0	0	0	0	0	0	0	0	0	0	0	0	0	0	0	0	0	0	0	0	0	0	0	0	0	0	0	0
0	0	0	0	0	0	0	0	0	0	0	0	0	0	0	0	0	0	0	0	0	0	0	0	0	0	0	0	0	0.832424852368155	0	0	0	0	0	0	0	0	0	0	0	0	0	0	0	0	0	0	0	0	0	0	0	0	0	0	0	0	0	0	0.761459597191279	0	0	0	0	0	0	0.855217745578224	0	0	0	0.985001032632252	0	0	0	0	0	0	0	0	0	0	0	0	0	0.766240381325311	0	0.774352829759502	0.599680700331752	0
0	0	0	0	0	0	0	0	0	0	0	0	0	0	0	0	0	0	0	0	0	0	0	0	0	0.694977531984673	0	0	0	0	0	0	0	0	0	0	0	0	0	0	0	0	0	0	0	0	0	0	0	0	0	0	0	0	0.985236712876507	0	0	0	0	0	0	0	0	0	0	0	0	0	0	0	0	0	0	0	0.983555450190501	0	0	0	0	0	0	0	0	0	0	0	0	0	0	0
0	0	0	0	0	0	0	0	0	0	0	0	0	0	0	0	0	0.874772117680192	0	0	0	0	0	0	0	0	0	0.640735536367674	0	0.690127770515281	0	0	0	0	0	0	0	0	0	0	0	0	0	0	0	0	0	0	0	0	0	0	0	0	0	0	0	0	0	0	0	0	0	0	0	0.995298832843202	0.68890104646458	0	0	0	0	0	0	0	0	0	0	0	0	0	0	0	0	0	0	0	0	0	0	0
0	0	0	0	0	0	0	0	0	0	0	0	0	0	0	0.883290322806948	0	0	0	0	0	0	0	0	0	0	0	0.73937952614328	0	0	0	0	0	0	0	0	0	0	0	0	0	0	0	0	0	0	0.621166334877338	0	0	0	0	0	0	0	0	0	0	0	0	0	0	0	0	0	0	0.93010285656203	0	0	0	0	0	0	0	0	0	0	0	0	0	0	0	0	0	0.959147047731285	0	0	0	0	0	0
0	0	0	0	0	0.863261653447922	0	0	0	0	0	0	0	0	0	0	0	0	0	0	0	0	0	0	0	0	0	0	0	0	0	0	0	0	0	0	0	0	0	0	0	0	0	0	0	0	0	0	0	0	0	0	0	0	0	0	0	0	0	0	0	0	0	0.995298832843202	0.93010285656203	0	0	0.983498485271647	0	0	0	0	0	0	0	0	0	0	0	0	0	0	0	0	0	0	0	0	0	0
0	0	0	0	0	0	0	0	0	0	0	0	0	0	0	0	0	0	0	0	0	0	0	0	0	0	0	0	0	0	0.906182934686915	0	0	0	0	0	0	0	0	0	0	0	0	0	0	0	0	0	0	0	0	0	0	0	0	0.98590061339105	0	0	0	0	0	0	0	0.68890104646458	0	0	0	0	0	0	0	0	0	0	0	0	0	0	0	0	0	0	0	0	0	0	0	0	0	0
0	0	0	0	0	0	0	0	0	0	0	0	0	0	0	0	0	0	0	0	0	0	0	0	0	0	0.826453211120082	0	0	0	0	0	0	0	0	0.890592153856177	0	0	0	0	0	0	0	0	0	0	0	0	0	0	0	0	0	0	0	0	0	0	0	0	0	0.855217745578224	0	0	0	0.983498485271647	0	0	0	0	0	0	0	0.747625903063618	0	0	0	0	0	0	0	0	0	0	0	0	0	0	0	0
0	0	0	0	0	0	0	0	0	0	0	0	0	0	0	0	0	0	0	0	0	0	0	0	0	0	0	0	0	0	0.920937310439459	0	0	0	0	0	0	0	0	0	0.89996166688229	0	0	0	0	0	0	0.752145310607542	0	0	0	0	0	0	0	0	0	0	0	0	0	0	0	0	0	0	0	0	0	0	0	0	0	0	0	0	0	0	0	0	0	0.935478090236157	0	0.743453675432247	0	0	0	0	0	0
0	0	0	0	0	0	0	0	0	0	0	0	0	0	0	0	0	0	0	0	0	0	0	0	0	0	0	0	0	0	0	0	0	0	0	0	0	0	0	0	0	0.998811234264476	0	0	0	0	0	0	0	0	0	0	0	0	0	0	0	0	0	0	0	0	0	0	0	0	0	0	0	0	0	0	0.671618552276708	0	0	0	0	0	0	0.856991229044393	0	0	0	0	0	0	0	0	0	0
0	0	0	0.937545064653316	0	0	0	0	0	0	0	0	0	0	0	0	0	0	0	0	0	0	0	0	0	0	0	0	0	0	0	0	0	0	0	0	0	0	0	0.785567761940204	0	0	0	0	0	0	0	0	0	0	0	0	0	0	0	0	0	0	0	0	0	0	0	0	0	0	0	0	0	0	0	0	0.990661600601917	0	0	0	0	0	0	0	0	0	0	0	0	0	0	0	0	0
0	0	0	0	0	0	0	0	0	0	0	0	0	0	0	0	0	0	0	0	0	0	0	0	0	0	0	0	0	0	0	0	0	0	0	0	0	0	0	0	0	0	0	0	0	0	0	0	0	0	0	0	0	0	0	0	0	0	0	0	0	0.985001032632252	0	0	0	0	0	0	0	0	0	0	0.815205856365978	0	0	0	0	0	0	0	0	0	0	0	0	0	0	0	0	0
0	0.740356384943225	0	0	0	0	0	0	0	0	0	0	0.901062174494512	0	0	0	0	0	0	0	0	0	0	0	0	0	0	0	0	0	0	0	0	0	0	0	0	0	0	0	0	0	0	0	0	0	0	0	0	0	0	0	0	0	0	0	0	0	0	0	0	0	0	0	0	0	0	0	0	0.671618552276708	0.990661600601917	0.815205856365978	0	0.889974203664919	0	0	0.883544691437823	0	0	0	0	0	0	0	0	0	0	0	0	0
0	0	0	0	0	0	0	0.870766011526331	0	0	0	0	0	0	0	0.973553963049023	0	0	0	0	0	0	0	0	0	0.817526245035074	0	0	0	0	0	0	0	0	0	0	0	0	0	0	0	0	0	0	0	0	0	0	0	0.976061598265661	0	0	0	0	0	0	0	0	0	0	0	0	0	0	0	0	0	0.747625903063618	0	0	0	0	0.889974203664919	0	0	0	0	0	0	0	0	0.577360104378672	0	0	0	0	0	0	0	0
0.705802522660296	0	0	0	0	0	0	0	0	0	0	0	0	0	0	0	0	0	0	0	0	0	0	0	0	0	0	0	0	0	0	0	0.72691211938164	0	0	0	0	0	0	0	0	0	0	0	0	0	0	0	0	0	0	0	0	0	0	0	0	0	0	0	0	0	0.983555450190501	0	0	0	0	0	0	0	0	0	0	0	0	0	0	0	0	0	0	0	0	0	0	0	0	0	0	0
0	0	0	0.924614372568527	0	0	0	0	0	0	0	0	0	0	0	0	0	0	0	0	0	0	0	0	0	0	0	0	0	0	0	0	0	0	0	0	0	0	0	0	0	0	0	0	0	0	0.824226663046942	0	0	0.769515679775315	0	0	0	0	0	0	0	0	0	0	0	0	0	0	0	0	0	0	0	0	0	0	0	0	0	0	0	0	0	0	0	0	0	0	0	0	0	0	0	0
0	0	0	0	0	0.58135516631973	0	0	0	0	0	0	0	0	0	0	0	0	0	0	0	0	0	0	0	0	0	0	0	0	0	0	0	0	0	0	0	0	0	0	0	0	0	0	0	0	0	0	0	0	0	0	0	0	0	0	0	0	0	0	0	0	0	0	0	0	0	0	0	0	0	0	0.883544691437823	0	0	0	0	0	0	0	0	0	0	0	0	0	0	0	0	0
0	0	0	0	0	0	0	0	0	0	0	0	0	0	0	0	0	0	0	0	0	0	0	0	0	0.601732394147017	0	0	0	0	0	0.858328923163935	0	0	0	0	0	0	0	0	0	0	0	0	0	0	0	0	0	0	0	0	0	0	0.626808264664238	0	0	0	0	0	0	0	0	0	0	0	0	0	0	0	0	0	0	0	0	0	0	0	0	0.858845351206453	0	0	0	0	0	0	0	0	0	0
0	0	0	0	0	0	0	0	0	0	0	0	0	0	0	0	0	0	0	0	0	0	0.925466488772942	0	0	0	0	0	0	0	0	0	0	0.994290833811525	0	0	0	0	0	0	0	0	0	0	0	0	0	0	0	0	0	0	0	0	0	0	0	0	0	0	0	0	0	0	0	0	0	0	0	0	0	0	0	0	0	0	0	0	0	0	0	0	0	0	0	0	0	0	0	0
0	0	0	0	0	0	0	0	0	0	0	0	0	0	0	0	0	0	0	0	0	0	0	0	0	0.916264604826493	0	0	0	0	0	0	0	0	0	0	0	0	0	0	0	0	0	0	0	0	0	0	0	0	0	0	0	0	0	0	0	0	0	0	0	0	0	0	0	0	0	0	0	0.856991229044393	0	0	0	0	0	0	0	0.858845351206453	0	0	0.944619104852282	0	0	0	0	0	0	0	0	0
0	0	0	0	0	0	0	0	0	0	0	0	0	0.987514578125164	0	0	0	0	0	0	0	0	0	0	0	0	0	0	0	0	0	0	0	0	0	0	0	0	0	0	0	0	0	0	0	0	0	0	0	0	0	0	0	0	0	0	0	0	0	0	0	0	0	0	0	0	0	0	0	0	0	0	0	0	0	0	0	0	0	0.944619104852282	0	0	0	0	0	0	0	0	0	0.886468581755598
0	0	0	0	0	0	0	0	0	0.61020814936526	0	0	0	0	0	0	0	0	0	0	0	0	0	0	0	0	0	0	0	0	0	0	0	0	0	0.849306502883799	0	0	0	0	0	0	0	0	0	0.876353332272958	0	0	0	0	0	0	0	0	0	0	0	0	0	0	0	0	0	0	0	0	0	0	0.935478090236157	0	0	0	0	0.577360104378672	0	0	0	0	0	0	0	0	0	0	0	0	0	0	0	0
0	0	0	0.934864887359734	0	0	0	0	0	0	0	0	0	0	0	0	0.934849406623941	0	0	0	0	0	0	0.788854498009649	0	0	0	0	0.999658868649165	0	0	0	0	0	0	0	0	0	0	0	0	0	0	0	0	0	0.726071299470642	0	0	0	0	0	0.729829843802933	0	0	0	0	0	0	0	0	0	0	0	0	0	0	0	0	0	0	0	0	0	0	0	0	0	0	0	0	0	0	0	0	0	0	0	0	0
0	0	0	0	0	0	0	0	0	0	0	0	0	0	0	0	0	0	0	0	0	0	0.688981558905488	0	0	0	0	0	0	0	0	0	0	0	0	0	0	0	0	0	0	0	0	0	0	0	0	0	0	0	0	0	0	0	0	0	0	0	0	0	0	0	0	0	0.959147047731285	0	0	0	0.743453675432247	0	0	0	0	0	0	0	0	0	0	0	0	0	0	0	0	0	0	0	0.941208692834576	0
0	0	0	0	0	0	0	0	0	0	0	0	0	0	0	0	0.926972470399917	0	0	0	0	0	0	0	0	0	0	0	0	0	0	0	0	0	0	0.728723215006987	0	0	0	0	0	0	0	0	0	0	0	0	0	0	0	0	0	0	0	0	0	0	0	0	0	0	0	0	0	0	0	0	0	0	0	0	0	0	0	0	0	0	0	0	0	0	0	0	0	0	0	0	0	0
0	0	0	0	0	0	0	0	0	0	0	0.997130573206499	0	0	0	0	0	0	0	0	0	0	0	0	0	0	0	0	0	0	0	0	0	0	0	0	0	0	0	0	0	0	0	0	0	0	0	0	0	0	0	0	0	0	0	0	0	0	0	0	0	0.766240381325311	0	0	0	0	0	0	0	0	0	0	0	0	0	0	0	0	0	0	0	0	0	0	0	0	0	0	0	0
0	0.670580123482833	0	0	0	0	0	0	0	0	0	0	0	0	0	0	0	0	0	0	0	0.642158637263138	0	0	0	0	0	0	0	0	0	0	0	0	0	0	0	0	0	0	0	0	0	0	0	0	0	0	0	0	0	0	0	0	0	0	0	0	0	0	0	0	0	0	0	0	0	0	0	0	0	0	0	0	0	0	0	0	0	0	0	0	0	0	0	0	0	0	0.762168442418313	0
0	0	0	0	0	0	0	0	0	0	0	0	0	0	0	0	0	0	0	0	0	0	0	0	0	0.947976563745396	0	0	0	0	0	0	0	0	0	0	0	0	0	0	0	0	0	0	0	0	0	0	0	0	0	0	0	0	0	0	0	0	0	0	0	0.774352829759502	0	0	0	0	0	0	0	0	0	0	0	0	0	0	0	0	0	0	0	0	0	0	0	0	0	0	0	0
0	0	0	0	0	0	0	0	0	0	0	0	0	0	0	0	0.879779803578391	0	0	0	0	0	0	0	0.979843939672852	0	0	0	0	0	0	0	0	0	0	0	0	0	0	0	0	0	0	0	0	0	0	0	0	0	0.918375285252438	0	0	0.874862343172139	0	0	0	0	0	0	0	0.599680700331752	0	0	0	0	0	0	0	0	0	0	0	0	0	0	0	0	0	0	0	0	0	0.941208692834576	0	0	0.762168442418313	0	0	0
0	0	0	0	0	0	0	0	0	0	0	0	0	0	0	0	0	0	0	0	0	0	0	0.743148603010521	0	0	0	0	0	0	0	0	0	0	0	0	0	0	0	0	0	0.997881683202672	0	0	0	0	0	0	0	0	0	0	0	0	0	0	0	0	0	0	0	0	0	0	0	0	0	0	0	0	0	0	0	0	0	0	0	0	0	0	0.886468581755598	0	0	0	0	0	0	0	0	0
