0	0	0	0	0	0	0	0	0	0	0	0	0	0	0	0	0	0	0	0	0	0	0	0	0	0	0	0	0	0	0	0	0	0	0	0	0.980622809661257	0	0	0	0	0	0	0	0	0	0	0	0	0	0	0	0	0	0	0	0	0	0	0	0	0	0	0	0	0	0	0	0	0	0	0	0	0	0	0	0	0	0	0	0	0	0	0	0.958934830219349	0	0	0	0.995172461368405	0
0	0	0	0	0	0	0	0	0	0	0	0	0	0	0	0	0	0	0	0	0	0	0	0	0	0	0	0	0	0	0	0.726559511236236	0	0.627013655425264	0	0	0	0	0	0	0	0	0	0	0	0	0	0	0	0	0	0	0	0.723834154476264	0	0	0	0	0	0	0	0	0	0	0	0	0	0	0	0	0	0	0	0	0	0	0	0	0	0	0	0	0	0	0	0	0	0	0	0
0	0	0	0.846685571740479	0	0	0	0	0	0	0	0	0	0	0	0	0	0	0	0	0.966076626998336	0	0	0	0	0	0	0.815690286465348	0	0	0	0	0	0	0	0	0	0	0	0	0	0	0	0	0	0	0	0	0	0	0	0	0	0	0	0	0	0	0	0	0	0	0	0	0	0	0	0	0	0.779209565045306	0	0	0	0	0	0	0	0	0	0	0	0	0	0	0	0	0	0	0	0
0	0	0.846685571740479	0	0	0	0	0	0	0	0.893340856049837	0	0	0	0	0	0	0	0	0	0	0	0	0	0	0	0	0	0	0	0	0	0	0	0	0	0	0.90340422732956	0	0	0	0	0	0	0	0	0	0	0	0	0	0	0	0	0	0	0	0	0	0	0	0	0	0	0	0	0	0	0	0	0	0	0	0	0	0	0	0	0	0.733044827444685	0	0	0.978095851421718	0	0.976571518804114	0	0	0	0	0
0	0	0	0	0	0.903656554859643	0	0	0	0	0	0	0	0	0	0	0	0	0	0	0	0	0	0	0	0	0	0	0	0	0	0	0	0	0	0	0	0	0	0	0	0	0	0	0	0	0	0	0	0	0	0	0	0	0	0	0	0	0	0	0	0.747788919639221	0	0	0	0	0	0	0	0	0	0	0	0	0	0	0	0	0	0	0	0	0.657218333990121	0	0	0	0	0	0	0
0	0	0	0	0.903656554859643	0	0	0	0	0	0	0	0	0	0	0	0	0	0	0	0	0	0	0	0.762218757912666	0	0.993048164547724	0	0	0	0	0	0	0	0	0	0	0	0	0	0	0	0	0	0	0	0	0	0	0	0	0.901577628848423	0	0	0	0	0	0	0	0	0	0	0	0	0	0.735613206194393	0	0	0	0	0	0	0	0	0.711408965383129	0	0	0	0	0	0	0	0	0	0	0	0	0	0	0
0	0	0	0	0	0	0	0	0.972389432895003	0	0	0	0	0	0	0	0	0	0	0	0	0	0	0	0	0	0.955375081908871	0	0	0	0.754602593140701	0	0	0	0	0	0	0	0	0	0	0	0	0	0	0	0	0	0	0	0	0	0	0	0	0	0	0	0	0	0	0	0	0	0	0	0	0	0	0	0	0	0	0	0	0	0	0	0	0	0	0	0	0	0	0	0	0	0	0
0	0	0	0	0	0	0	0	0	0.839116585592175	0	0	0	0.608780317170081	0	0	0	0	0	0	0	0	0	0	0	0	0	0.70990695033564	0	0	0	0	0	0	0	0	0	0	0	0	0	0	0	0.754117672126856	0	0	0	0	0	0	0	0	0	0	0	0	0	0	0	0	0	0.756981650263359	0	0	0	0	0	0	0.646102337303508	0	0	0	0	0	0	0	0	0	0	0	0	0	0	0	0	0	0	0	0	0
0	0	0	0	0	0	0.972389432895003	0	0	0	0	0	0	0	0	0	0	0	0	0.945339002677423	0	0	0	0	0	0	0	0	0	0	0	0	0	0	0	0	0	0	0	0	0	0	0	0	0.63265181454864	0	0	0	0	0.699379825020102	0	0	0	0	0	0	0	0	0	0	0	0	0	0	0	0	0	0	0	0	0	0	0	0	0	0	0	0.590194579169213	0	0	0	0	0	0	0	0	0	0	0	0
0	0	0	0	0	0	0	0.839116585592175	0	0	0	0	0	0	0	0	0	0	0	0	0	0	0	0	0	0	0.989179665284425	0	0	0	0	0	0.855304456090874	0	0	0	0	0	0	0	0	0	0	0	0	0	0	0	0	0	0	0	0	0	0	0	0	0	0	0	0	0	0	0	0	0	0	0	0	0	0	0	0	0	0	0	0	0	0	0	0	0	0	0	0	0	0	0.956259084556101	0	0
0	0	0	0.893340856049837	0	0	0	0	0	0	0	0	0	0	0	0	0	0	0	0	0	0	0	0	0	0	0	0	0	0	0	0	0	0	0	0	0	0	0	0	0	0	0	0	0	0	0	0	0	0	0	0	0	0	0	0	0	0	0	0	0	0	0	0	0.912543239768342	0	0	0	0	0	0	0	0	0	0	0	0	0	0	0	0	0	0	0.551879778392233	0	0	0.811579298682997	0	0	0
0	0	0	0	0	0	0	0	0	0	0	0	0	0	0.801753745469207	0	0	0	0	0	0	0	0	0	0	0	0	0	0	0	0	0	0	0	0	0	0	0	0	0	0	0	0	0	0	0	0	0	0	0	0	0	0	0.981307766852108	0.979719973669261	0	0	0	0	0	0	0	0	0.707795982736699	0	0	0	0	0	0	0	0	0	0	0	0	0	0	0	0	0	0	0	0	0	0	0	0	0	0
0	0	0	0	0	0	0	0	0	0	0	0	0	0	0	0	0	0	0	0	0	0	0	0	0	0	0	0	0	0	0	0	0	0	0	0.678625285696	0	0	0	0	0	0	0	0	0	0	0	0	0.852453332605307	0	0	0.820461545243651	0.637286914939907	0	0	0	0	0	0	0	0	0	0	0	0	0	0	0	0	0.997157221024836	0	0	0	0	0	0	0	0	0	0	0	0	0.790662649906708	0	0	0	0.84204678521806	0	0	0
0	0	0	0	0	0	0	0.608780317170081	0	0	0	0	0	0	0	0	0	0	0	0	0	0	0	0	0	0	0	0	0	0	0.746456571881566	0	0	0	0	0	0	0	0	0	0.970548597529931	0	0	0	0	0	0	0	0	0	0	0	0	0	0	0	0.851974623112367	0	0	0	0	0	0	0	0	0	0	0	0	0	0	0	0	0	0	0	0	0	0	0.855720726655853	0	0	0	0	0	0	0	0	0	0
0	0	0	0	0	0	0	0	0	0	0	0.801753745469207	0	0	0	0	0	0	0	0	0	0	0	0	0	0	0	0	0	0	0	0	0	0	0	0	0	0	0	0	0	0	0	0	0	0	0	0	0	0	0	0	0.923929421321289	0	0	0	0	0	0	0	0	0	0	0	0	0	0	0	0	0	0	0	0	0	0	0	0	0	0	0	0	0	0	0	0	0.694316195685871	0	0	0	0
0	0	0	0	0	0	0	0	0	0	0	0	0	0	0	0	0	0	0	0	0	0.921997145953008	0	0	0	0	0	0	0	0	0	0	0	0	0	0	0	0	0	0	0	0.917495292509397	0	0	0	0	0	0	0	0	0	0	0	0	0	0	0	0	0	0	0	0	0	0	0	0	0	0	0	0	0	0	0	0	0	0	0	0	0	0	0	0	0	0.580207451991643	0.989905475649314	0	0	0	0	0
0	0	0	0	0	0	0	0	0	0	0	0	0	0	0	0	0	0	0	0	0	0	0	0	0.879365084364708	0	0	0	0	0	0	0	0	0	0	0.578461552626554	0	0	0	0	0	0	0	0.819690002058819	0	0	0	0	0	0	0	0	0	0	0	0	0	0	0	0	0.528256084711165	0	0	0	0	0	0	0	0	0	0	0	0	0	0	0	0	0	0	0	0	0	0	0	0	0	0	0	0	0
0	0	0	0	0	0	0	0	0	0	0	0	0	0	0	0	0	0	0	0	0	0	0	0	0	0	0.90726228681248	0	0	0	0	0	0	0	0	0	0	0	0	0	0	0	0	0	0	0	0	0	0	0.858039265396607	0	0	0	0	0	0	0	0	0.944882977208345	0	0	0	0	0	0	0	0	0	0	0	0	0	0	0	0	0	0	0	0	0	0	0	0	0	0	0	0.911357748137214	0	0	0
0	0	0	0	0	0	0	0	0	0	0	0	0	0	0	0	0	0	0	0	0.755712594906462	0	0	0	0	0	0	0	0	0	0	0	0	0	0	0	0	0.999745880709252	0	0	0	0	0	0	0	0	0	0	0	0	0	0	0.996600185699684	0	0	0	0	0	0	0	0	0	0	0	0	0	0	0	0	0	0	0	0	0	0	0	0	0	0	0	0	0	0	0	0	0	0	0	0	0
0	0	0	0	0	0	0	0	0.945339002677423	0	0	0	0	0	0	0	0	0	0	0	0	0	0	0	0	0	0	0	0	0	0	0	0	0	0	0	0	0	0.990630288386152	0	0	0	0	0	0	0	0	0	0	0	0	0	0	0	0	0	0.883029089233999	0	0	0	0	0	0	0	0	0	0	0	0	0	0	0	0	0	0	0	0	0	0	0	0	0	0	0	0	0	0	0	0	0
0	0	0.966076626998336	0	0	0	0	0	0	0	0	0	0	0	0	0	0	0	0.755712594906462	0	0	0	0	0	0	0	0	0	0	0	0	0	0	0	0	0	0	0	0	0	0	0	0	0	0	0	0	0	0	0	0	0	0	0	0	0	0	0	0	0	0	0	0	0	0	0	0	0	0	0	0	0	0	0	0	0	0	0	0	0	0	0	0	0.631788892472607	0	0	0	0	0	0
0	0	0	0	0	0	0	0	0	0	0	0	0	0	0	0.921997145953008	0	0	0	0	0	0	0	0.774366934640254	0	0	0	0	0	0	0	0	0	0	0	0	0	0	0	0	0	0	0	0	0	0	0	0	0	0	0	0	0	0	0.981951632219409	0	0	0	0	0	0	0	0	0	0	0.726467660220991	0	0	0	0	0.81997530548778	0	0	0	0	0	0	0	0	0	0	0	0	0	0	0	0	0	0	0
0	0	0	0	0	0	0	0	0	0	0	0	0	0	0	0	0	0	0	0	0	0	0	0	0	0	0	0	0	0	0	0	0	0	0	0.989004301451668	0	0	0	0	0	0	0	0	0	0	0	0	0	0	0	0	0	0	0	0	0.9820565264792	0	0	0	0	0	0	0	0	0	0	0	0	0	0	0	0	0.848928571657226	0	0	0	0	0	0	0	0	0	0	0	0	0	0	0	0
0	0	0	0	0	0	0	0	0	0	0	0	0	0	0	0	0	0	0	0	0	0.774366934640254	0	0	0	0	0	0	0	0	0	0	0	0	0	0	0	0	0	0	0	0	0	0	0	0	0	0	0	0.795180855838939	0	0	0.851836986970329	0	0	0	0.993510935974745	0	0	0	0	0	0	0	0	0	0	0	0	0	0	0	0	0	0	0	0	0.833666281111955	0	0	0	0	0	0	0	0	0	0	0	0
0	0	0	0	0	0.762218757912666	0	0	0	0	0	0	0	0	0	0	0.879365084364708	0	0	0	0	0	0	0	0	0	0	0	0	0	0	0	0	0	0	0	0.9489480945268	0	0	0	0	0	0	0	0.918205940615175	0	0	0	0	0	0	0	0	0	0	0	0.864129398783588	0	0	0	0	0	0	0	0	0	0	0	0	0	0	0	0	0	0	0	0	0	0.645279430000646	0	0	0	0	0	0	0	0	0	0.905614965625586	0
0	0	0	0	0	0	0	0	0	0	0	0	0	0	0	0	0	0	0	0	0	0	0	0	0	0	0	0	0	0.71982270775478	0	0	0	0	0	0	0	0	0	0	0	0	0	0	0	0	0	0	0	0	0	0	0	0	0	0	0	0	0.888897344722208	0	0	0	0.734957188948005	0	0	0	0	0	0	0	0	0	0	0	0	0	0	0	0	0	0	0	0	0	0	0	0	0	0	0
0	0	0	0	0	0.993048164547724	0.955375081908871	0	0	0.989179665284425	0	0	0	0	0	0	0	0.90726228681248	0	0	0	0	0	0	0	0	0	0	0	0	0	0	0	0	0	0	0	0	0	0	0	0	0	0	0	0	0	0	0	0	0	0	0	0	0	0	0	0	0	0	0	0	0	0	0	0	0	0	0	0	0	0	0	0	0	0	0	0	0	0	0	0	0	0	0	0	0	0	0	0
0	0	0.815690286465348	0	0	0	0	0.70990695033564	0	0	0	0	0	0	0	0	0	0	0	0	0	0	0	0	0	0	0	0	0	0	0	0	0	0	0	0	0	0	0	0	0	0	0	0	0	0	0	0	0	0	0	0	0	0	0	0	0	0	0	0	0.828806099693038	0	0	0	0	0.93317526211269	0	0	0	0	0	0	0	0	0	0	0	0	0	0	0	0	0	0	0	0	0	0	0	0
0	0	0	0	0	0	0	0	0	0	0	0	0	0	0	0	0	0	0	0	0	0	0	0	0	0	0	0	0	0	0.690185682022616	0	0	0	0	0	0	0	0	0.91328599839188	0	0	0	0	0	0	0	0	0	0	0	0	0	0	0	0	0	0	0	0.94112036904193	0	0	0	0	0	0	0	0	0	0	0.536883963544673	0	0	0	0	0	0	0	0	0	0	0	0	0	0	0	0	0	0	0
0	0	0	0	0	0	0	0	0	0	0	0	0	0	0	0	0	0	0	0	0	0	0	0	0	0.71982270775478	0	0	0	0	0	0	0	0	0	0	0	0	0	0	0	0	0.98592518330255	0	0.795251171564243	0	0	0	0	0	0	0	0	0	0	0	0	0	0	0	0	0	0	0	0	0	0	0	0	0	0	0	0	0	0	0	0.995574914292848	0	0	0	0	0	0	0	0	0	0	0	0	0
0	0	0	0	0	0	0.754602593140701	0	0	0	0	0	0	0.746456571881566	0	0	0	0	0	0	0	0	0	0	0	0	0	0	0.690185682022616	0	0	0	0	0	0	0	0	0	0	0	0	0	0	0	0	0	0	0	0	0	0	0	0	0	0	0	0	0	0	0.817126149234724	0	0	0	0	0	0	0	0	0	0	0	0	0	0	0	0	0	0	0	0	0.871028613312663	0	0	0	0	0	0	0	0	0
0	0.726559511236236	0	0	0	0	0	0	0	0	0	0	0	0	0	0	0	0	0	0	0	0	0	0	0	0	0	0	0	0	0	0	0	0	0	0	0	0	0	0	0	0	0	0	0.903833600873067	0	0	0	0	0	0	0	0	0	0	0	0	0	0	0	0	0	0	0	0	0	0	0	0	0	0	0	0	0	0	0	0	0	0	0	0	0	0	0	0	0	0	0	0	0
0	0	0	0	0	0	0	0	0	0.855304456090874	0	0	0	0	0	0	0	0	0	0	0	0	0	0	0	0	0	0	0	0	0	0	0	0	0	0	0	0	0	0	0	0	0	0	0	0	0	0	0	0	0	0	0	0	0	0	0.629304503994149	0	0	0	0	0	0	0	0	0	0	0	0	0	0	0	0	0	0	0	0	0	0	0	0	0	0	0	0	0	0	0	0	0.622630062363772
0	0.627013655425264	0	0	0	0	0	0	0	0	0	0	0	0	0	0	0	0	0	0	0	0	0	0	0	0	0	0	0	0	0	0	0	0	0	0	0	0	0	0	0	0	0	0	0	0	0	0	0	0	0	0	0	0	0	0.945959613850123	0	0	0	0	0	0	0	0	0	0	0.829460570919193	0.701535091818323	0	0	0	0	0	0	0	0	0	0	0	0	0	0	0	0	0	0	0	0	0	0
0	0	0	0	0	0	0	0	0	0	0	0	0	0	0	0	0	0	0	0	0	0	0	0	0	0	0	0	0	0	0	0	0	0	0	0	0	0	0	0	0.882302055531297	0.9089383726097	0	0	0	0	0.900293219297699	0	0	0.794414773349634	0	0	0	0	0	0	0	0	0	0	0	0.772592648675041	0	0	0	0	0	0	0	0	0	0	0	0	0	0	0	0	0	0	0	0	0	0	0	0	0	0	0	0
0	0	0	0	0	0	0	0	0	0	0	0	0.678625285696	0	0	0	0.578461552626554	0	0	0	0	0	0.989004301451668	0	0	0	0	0	0	0	0	0	0	0	0	0	0	0	0	0.968007133172827	0	0	0	0	0	0	0	0	0	0	0	0	0	0	0	0	0	0	0	0	0	0	0	0	0	0	0	0	0	0	0	0	0	0	0	0	0	0	0	0	0	0	0	0	0	0	0	0	0	0
0.980622809661257	0	0	0	0	0	0	0	0	0	0	0	0	0	0	0	0	0	0	0	0	0	0	0	0.9489480945268	0	0	0	0	0	0	0	0	0	0	0	0	0	0	0	0	0	0.77055739926155	0	0	0	0	0	0	0	0	0	0	0	0	0	0	0	0	0	0	0	0	0	0	0	0	0	0	0	0	0	0	0	0	0	0	0	0	0	0.766054066751803	0	0	0	0	0	0	0	0	0
0	0	0	0.90340422732956	0	0	0	0	0	0	0	0	0	0	0	0	0	0	0.999745880709252	0	0	0	0	0	0	0	0	0	0	0	0	0	0	0	0	0	0	0	0	0	0	0	0	0	0	0	0	0	0	0	0	0	0	0	0	0	0	0	0	0	0	0	0	0	0	0	0	0.544186110393281	0	0	0	0	0	0	0	0	0	0	0	0	0	0	0	0	0	0	0	0	0	0
0	0	0	0	0	0	0	0	0	0	0	0	0	0	0	0	0	0	0	0.990630288386152	0	0	0	0	0	0	0	0	0	0	0	0	0	0	0	0	0	0	0	0	0.915053592564265	0	0	0	0	0	0	0	0	0	0	0	0	0	0	0	0	0	0	0	0	0	0	0	0	0	0	0	0	0	0	0	0	0	0	0	0	0	0	0	0	0	0	0	0	0	0	0	0	0
0	0	0	0	0	0	0	0	0	0	0	0	0	0	0	0	0	0	0	0	0	0	0	0	0	0	0	0	0.91328599839188	0	0	0	0	0	0	0.968007133172827	0	0	0	0	0	0	0	0	0	0	0	0	0	0	0	0	0	0	0	0	0	0	0	0	0	0	0	0	0.837944405421527	0	0	0	0	0	0	0	0	0	0	0	0	0	0	0	0	0	0	0	0	0	0	0	0	0
0	0	0	0	0	0	0	0	0	0	0	0	0	0.970548597529931	0	0	0	0	0	0	0	0	0	0	0	0	0	0	0	0	0	0	0	0	0.882302055531297	0	0	0	0.915053592564265	0	0	0.82083723337606	0	0	0	0	0	0.712073828898349	0	0	0	0	0	0	0	0	0	0	0	0	0	0	0	0	0	0	0	0	0	0	0	0	0	0	0	0	0	0	0	0	0	0	0	0	0	0	0	0	0	0
0	0	0	0	0	0	0	0	0	0	0	0	0	0	0	0.917495292509397	0	0	0	0	0	0	0	0	0	0	0	0	0	0	0	0	0	0	0.9089383726097	0	0	0	0	0	0.82083723337606	0	0.986115165520342	0	0	0	0	0	0	0	0	0	0	0	0	0	0	0	0	0.948005281261909	0	0	0	0	0	0	0	0	0	0	0	0	0	0	0	0	0	0	0	0	0	0	0	0	0	0	0	0	0	0
0	0	0	0	0	0	0	0	0	0	0	0	0	0	0	0	0	0	0	0	0	0	0	0	0	0	0	0	0	0.98592518330255	0	0	0	0	0	0	0.77055739926155	0	0	0	0	0.986115165520342	0	0	0	0	0	0	0	0	0	0	0	0	0	0	0	0	0	0	0	0	0	0	0	0	0	0	0	0	0	0	0	0	0	0	0	0	0	0	0	0	0	0	0	0	0	0	0	0
0	0	0	0	0	0	0	0.754117672126856	0	0	0	0	0	0	0	0	0.819690002058819	0	0	0	0	0	0	0	0	0	0	0	0	0	0	0	0	0	0	0	0	0	0	0	0	0	0	0	0	0	0	0	0	0	0	0	0	0	0	0	0	0	0	0	0	0	0	0	0	0	0	0	0	0	0	0	0	0	0	0	0	0	0	0	0	0	0	0	0	0	0	0	0	0
0	0	0	0	0	0	0	0	0.63265181454864	0	0	0	0	0	0	0	0	0	0	0	0	0	0	0	0.918205940615175	0	0	0	0	0.795251171564243	0	0.903833600873067	0	0	0	0	0	0	0	0	0	0	0	0	0	0	0	0	0	0	0	0	0	0	0	0	0	0	0	0.639711440552825	0	0	0	0	0	0	0	0	0	0	0	0	0	0	0	0	0	0	0	0	0	0	0	0	0	0	0	0	0	0
0	0	0	0	0	0	0	0	0	0	0	0	0	0	0	0	0	0	0	0	0	0	0	0	0	0	0	0	0	0	0	0	0	0	0	0	0	0	0	0	0	0	0	0	0	0	0	0	0.943413540586338	0	0.948687622434071	0	0	0	0	0	0	0	0	0	0	0	0	0.841974485085504	0	0	0	0	0	0	0	0	0	0	0	0	0	0	0	0	0	0	0	0	0	0	0	0	0	0
0	0	0	0	0	0	0	0	0	0	0	0	0	0	0	0	0	0	0	0	0	0	0	0	0	0	0	0	0	0	0	0	0	0	0.900293219297699	0	0	0	0	0	0	0	0	0	0	0	0	0	0	0	0	0	0	0	0	0	0	0	0	0	0	0	0	0	0	0	0	0	0	0	0	0	0	0	0	0	0	0	0	0	0	0	0	0	0.724660173340622	0	0	0	0	0
0	0	0	0	0	0	0	0	0	0	0	0	0	0	0	0	0	0	0	0	0	0	0	0	0	0	0	0	0	0	0	0	0	0	0	0	0	0	0	0	0.712073828898349	0	0	0	0	0	0	0	0	0	0	0	0	0	0	0	0	0	0	0	0	0	0	0	0	0	0	0	0	0.816950517868423	0	0	0	0	0	0	0.829627765662973	0	0	0	0	0	0	0	0	0	0	0	0	0
0	0	0	0	0	0	0	0	0	0	0	0	0.852453332605307	0	0	0	0	0	0	0	0	0	0	0	0	0	0	0	0	0	0	0	0	0	0	0	0	0	0	0	0	0	0	0	0	0.943413540586338	0	0	0	0	0	0	0	0	0	0	0	0	0	0	0	0	0	0	0	0	0.964647134329846	0	0	0	0	0	0	0	0	0	0	0	0	0	0	0	0	0.820385506787577	0	0	0	0	0	0
0	0	0	0	0	0	0	0	0.699379825020102	0	0	0	0	0	0	0	0	0.858039265396607	0	0	0	0	0	0.795180855838939	0	0	0	0	0	0	0	0	0	0	0.794414773349634	0	0	0	0	0	0	0	0	0	0	0	0	0	0	0	0	0	0.694325962586164	0	0	0	0	0	0	0	0	0	0	0	0	0	0	0	0	0	0	0	0	0	0	0	0	0	0	0	0	0	0	0	0	0	0	0	0	0
0	0	0	0	0	0	0	0	0	0	0	0	0	0	0	0	0	0	0	0	0	0	0	0	0	0	0	0	0	0	0	0	0	0	0	0	0	0	0	0	0	0	0	0	0	0.948687622434071	0	0	0	0	0	0	0	0	0	0	0	0	0	0	0	0	0.749092996262563	0	0	0	0	0	0	0	0	0	0	0	0	0	0.651519505150022	0	0	0	0	0	0	0	0	0	0	0.865252537985407	0	0
0	0	0	0	0	0.901577628848423	0	0	0	0	0	0	0.820461545243651	0	0	0	0	0	0	0	0	0	0	0	0	0	0	0	0	0	0	0	0	0	0	0	0	0	0	0	0	0	0	0	0	0	0	0	0	0	0	0	0	0.985968684268394	0	0	0	0	0	0	0	0	0	0	0	0	0	0	0	0	0	0	0	0	0	0	0	0	0	0	0	0	0	0	0	0	0	0	0	0
0	0	0	0	0	0	0	0	0	0	0	0	0.637286914939907	0	0.923929421321289	0	0	0	0.996600185699684	0	0	0	0	0.851836986970329	0	0	0	0	0	0	0	0	0	0	0	0	0	0	0	0	0	0	0	0	0	0	0	0	0	0.694325962586164	0	0	0	0	0	0	0	0	0	0	0	0	0	0	0.937922341711715	0	0.882454843679486	0	0	0	0	0	0	0	0	0.864152263577582	0	0	0	0	0	0	0	0	0	0	0	0	0	0.996630657680329
0	0.723834154476264	0	0	0	0	0	0	0	0	0	0.981307766852108	0	0	0	0	0	0	0	0	0	0	0	0	0	0	0	0	0	0	0	0	0	0	0	0	0	0	0	0	0	0	0	0	0	0	0	0	0	0	0	0.985968684268394	0	0	0.883833632671086	0	0	0	0	0	0	0	0	0	0	0.763225435603785	0	0	0	0	0	0	0	0	0	0.829764059472104	0	0	0	0	0	0	0	0	0	0	0	0	0	0
0	0	0	0	0	0	0	0	0	0	0	0.979719973669261	0	0	0	0	0	0	0	0	0	0.981951632219409	0	0	0	0	0	0	0	0	0	0	0	0	0	0	0	0	0	0	0	0	0	0	0	0	0	0	0	0	0	0	0	0.883833632671086	0	0	0	0	0	0	0	0	0	0	0	0	0	0	0	0	0	0	0	0.845489452822644	0	0	0	0	0	0	0	0.87552083622987	0	0	0	0	0	0	0	0
0	0	0	0	0	0	0	0	0	0	0	0	0	0	0	0	0	0	0	0	0	0	0	0	0	0	0	0	0	0	0	0	0	0.945959613850123	0	0	0	0	0	0	0	0	0	0	0	0	0	0	0	0	0	0	0	0	0	0	0	0	0	0	0	0	0	0.816677382015281	0	0	0	0	0	0	0	0	0	0	0	0	0	0	0	0	0	0	0	0	0	0	0	0.956053076719706	0	0
0	0	0	0	0	0	0	0	0	0	0	0	0	0.851974623112367	0	0	0	0	0	0.883029089233999	0	0	0.9820565264792	0.993510935974745	0.864129398783588	0	0	0	0	0	0	0	0.629304503994149	0	0	0	0	0	0	0	0	0	0	0	0	0	0	0	0	0	0	0	0	0	0	0	0	0.897393675962008	0.999935872370003	0	0	0	0	0	0	0	0	0	0	0	0	0	0	0	0	0.833294874357345	0	0	0	0	0	0	0	0	0	0	0	0	0	0
0	0	0	0	0	0	0	0	0	0	0	0	0	0	0	0	0	0	0	0	0	0	0	0	0	0	0	0	0	0	0	0	0	0	0	0	0	0	0	0	0	0	0	0	0	0	0	0	0	0	0	0	0	0	0	0	0.897393675962008	0	0	0	0	0.846343196295844	0	0	0	0	0	0	0	0	0	0	0	0	0	0	0	0	0	0	0	0	0	0	0	0	0	0	0	0
0	0	0	0	0	0	0	0	0	0	0	0	0	0	0	0	0	0.944882977208345	0	0	0	0	0	0	0	0.888897344722208	0	0	0	0	0	0	0	0	0	0	0	0	0	0	0	0	0	0	0	0	0	0	0	0	0	0	0	0	0	0	0.999935872370003	0	0	0	0	0	0	0	0	0	0	0	0	0	0	0	0	0	0	0	0	0	0	0	0	0	0	0	0	0	0	0	0	0
0	0	0	0	0	0	0	0	0	0	0	0	0	0	0	0	0	0	0	0	0	0	0	0	0	0	0	0	0.94112036904193	0	0.817126149234724	0	0	0	0	0	0	0	0	0	0	0.948005281261909	0	0	0.639711440552825	0	0	0	0	0	0	0	0	0	0	0	0	0	0	0	0	0.986309721382388	0	0	0	0	0	0	0	0	0	0.940243767479986	0	0	0	0	0	0	0	0	0	0	0	0	0	0	0	0	0	0
0	0	0	0	0	0	0	0	0	0	0	0	0	0	0	0	0.528256084711165	0	0	0	0	0	0	0	0	0	0	0.828806099693038	0	0	0	0	0	0	0	0	0	0	0	0	0	0	0	0	0	0	0	0	0	0	0	0	0	0	0	0	0	0	0	0	0	0	0	0	0	0	0	0	0	0	0	0	0	0	0	0	0	0	0	0	0	0	0	0	0	0	0	0	0	0
0	0	0	0	0.747788919639221	0	0	0.756981650263359	0	0	0	0	0	0	0	0	0	0	0	0	0	0	0	0	0	0	0	0	0	0	0	0	0	0	0.772592648675041	0	0	0	0	0	0	0	0	0	0	0	0	0	0	0	0	0	0	0	0	0	0	0.846343196295844	0	0.986309721382388	0	0	0	0	0	0	0	0	0	0	0	0	0.673055598416326	0	0	0	0	0	0	0	0	0	0	0	0	0	0	0	0	0
0	0	0	0	0	0	0	0	0	0	0	0	0	0	0	0	0	0	0	0	0	0	0	0	0	0.734957188948005	0	0	0	0	0	0	0	0	0	0	0	0	0	0	0	0	0	0	0	0	0	0	0	0	0.749092996262563	0	0	0	0	0	0	0	0	0	0	0	0	0	0	0	0.805334816905278	0	0	0	0	0.903261616839649	0	0	0	0	0	0	0	0	0.940779400866516	0	0	0	0	0	0	0	0	0
0	0	0	0	0	0	0	0	0	0	0	0.707795982736699	0	0	0	0	0	0	0	0	0	0	0	0	0	0	0	0	0	0	0	0	0	0	0	0	0	0	0	0	0	0	0	0	0	0.841974485085504	0	0	0	0	0	0	0	0	0	0.816677382015281	0	0	0	0	0	0	0	0	0	0	0	0	0	0	0	0	0	0	0.702900147768661	0	0	0	0	0	0	0	0	0	0	0	0	0	0	0
0	0	0	0	0	0	0	0	0	0	0.912543239768342	0	0	0	0	0	0	0	0	0	0	0	0	0	0	0	0	0	0	0	0	0	0	0	0	0	0	0	0	0.837944405421527	0	0	0	0	0	0	0	0	0	0	0	0	0.937922341711715	0	0	0	0	0	0	0	0	0	0	0	0	0.612916563031399	0	0	0	0	0	0	0	0	0	0	0	0	0	0	0	0	0	0	0	0	0	0	0	0
0	0	0	0	0	0.735613206194393	0	0	0	0	0	0	0	0	0	0	0	0	0	0	0	0.726467660220991	0	0	0	0	0	0.93317526211269	0	0	0	0	0	0	0	0	0	0	0	0	0	0	0	0	0	0	0	0	0	0	0	0	0	0.763225435603785	0	0	0	0	0	0	0	0	0	0	0.612916563031399	0	0	0	0	0	0	0	0	0	0	0	0.870796608330838	0	0	0	0	0	0	0	0	0	0	0	0	0
0	0	0	0	0	0	0	0	0	0	0	0	0	0	0	0	0	0	0	0	0	0	0	0	0	0	0	0	0	0	0	0	0	0.829460570919193	0	0	0	0	0	0	0	0	0	0	0	0	0	0	0.964647134329846	0	0	0	0.882454843679486	0	0	0	0	0	0	0	0	0	0.805334816905278	0	0	0	0	0	0	0	0	0	0	0	0	0	0	0	0.613292330389775	0	0	0	0	0	0	0	0	0	0	0
0	0	0	0	0	0	0	0	0	0	0	0	0	0	0	0	0	0	0	0	0	0	0	0	0	0	0	0	0	0	0	0	0	0.701535091818323	0	0	0	0.544186110393281	0	0	0	0	0	0	0	0	0	0	0	0	0	0	0	0	0	0	0	0	0	0	0	0	0	0	0	0	0	0	0	0	0	0	0	0	0	0	0	0	0	0	0	0	0	0	0	0.891394928476637	0	0	0	0
0	0	0	0	0	0	0	0.646102337303508	0	0	0	0	0	0	0	0	0	0	0	0	0	0	0	0	0	0	0	0	0	0	0	0	0	0	0	0	0	0	0	0	0	0	0	0	0	0	0	0	0	0	0	0	0	0	0	0	0	0	0	0	0	0	0	0	0	0	0	0	0	0	0	0	0	0	0	0	0	0	0	0	0	0	0	0	0	0	0.809021546185825	0	0	0
0	0	0.779209565045306	0	0	0	0	0	0	0	0	0	0.997157221024836	0	0	0	0	0	0	0	0	0	0	0	0	0	0	0	0	0	0	0	0	0	0	0	0	0	0	0	0	0	0	0	0	0	0	0.816950517868423	0	0	0	0	0	0	0	0	0	0	0	0	0	0	0	0	0	0	0	0	0	0	0	0	0	0	0	0	0	0	0	0	0	0	0	0	0	0	0	0	0.928335232882627	0
0	0	0	0	0	0	0	0	0	0	0	0	0	0	0	0	0	0	0	0	0	0.81997530548778	0	0	0	0	0	0	0.536883963544673	0	0	0	0	0	0	0	0	0	0	0	0	0	0	0	0	0	0	0	0	0	0	0	0	0	0	0	0	0	0	0	0	0	0	0	0	0	0	0	0	0	0	0.872643945321678	0	0	0	0	0.791296237350077	0	0	0	0	0	0	0	0	0	0	0	0	0
0	0	0	0	0	0	0	0	0	0	0	0	0	0	0	0	0	0	0	0	0	0	0	0	0	0	0	0	0	0	0	0	0	0	0	0	0	0	0	0	0	0	0	0	0	0	0	0	0	0	0	0	0	0	0	0	0	0	0	0.940243767479986	0	0	0.903261616839649	0	0	0	0	0	0	0	0.872643945321678	0	0	0	0	0	0	0	0	0	0	0	0	0	0	0	0	0	0	0
0	0	0	0	0	0	0	0	0	0	0	0	0	0	0	0	0	0	0	0	0	0	0	0	0	0	0	0	0	0	0	0	0	0	0	0	0	0	0	0	0	0	0	0	0	0	0	0	0	0	0	0	0	0	0	0	0	0	0	0	0	0.673055598416326	0	0	0	0	0	0	0	0	0	0	0	0	0	0	0	0	0	0.574254054338454	0	0.921973770643841	0	0	0	0	0	0	0	0
0	0	0	0	0	0	0	0	0	0	0	0	0	0	0	0	0	0	0	0	0	0	0.848928571657226	0	0	0	0	0	0	0	0	0	0	0	0	0	0	0	0	0	0	0	0	0	0	0	0	0	0	0	0	0	0	0	0.845489452822644	0	0	0	0	0	0	0	0	0	0	0	0	0	0	0	0	0	0	0	0	0.956250102638562	0	0	0	0	0	0.886647355998706	0	0	0	0	0	0	0	0
0	0	0	0	0	0.711408965383129	0	0	0	0	0	0	0	0	0	0	0	0	0	0	0	0	0	0	0	0	0	0	0	0	0	0	0	0	0	0	0	0	0	0	0	0	0	0	0	0	0	0	0	0	0	0	0	0	0	0	0	0	0	0	0	0	0	0.702900147768661	0	0	0	0	0	0	0	0	0	0	0	0	0	0	0	0	0	0	0	0	0	0	0	0.916754187988502	0	0
0	0	0	0	0	0	0	0	0	0	0	0	0	0	0	0	0	0	0	0	0	0	0	0	0	0	0	0	0	0	0	0	0	0	0	0	0	0	0	0	0	0	0	0	0	0	0	0	0	0	0	0	0.864152263577582	0.829764059472104	0	0	0.833294874357345	0	0	0	0	0	0	0	0	0	0	0	0	0	0	0	0	0.956250102638562	0	0	0	0	0	0	0	0	0	0	0	0	0	0	0	0
0	0	0	0	0	0	0	0	0	0	0	0	0	0	0	0	0	0	0	0	0	0	0	0	0	0	0	0	0	0.995574914292848	0	0	0	0	0	0	0	0	0	0	0	0	0	0	0	0	0	0.829627765662973	0	0	0.651519505150022	0	0	0	0	0	0	0	0	0	0	0	0	0	0	0.870796608330838	0	0	0	0	0.791296237350077	0	0	0	0	0	0	0	0	0	0	0	0	0	0.577009753045477	0	0	0	0	0
0	0	0	0	0	0	0	0	0.590194579169213	0	0	0	0	0	0	0	0	0	0	0	0	0	0	0.833666281111955	0	0	0	0	0	0	0	0	0	0	0	0	0	0	0	0	0	0	0	0	0	0	0	0	0	0	0	0	0	0	0	0	0	0	0	0	0	0	0	0	0	0	0	0	0	0	0	0	0	0	0	0	0	0	0	0	0	0	0	0	0	0	0	0	0	0
0	0	0	0	0	0	0	0	0	0	0	0	0	0	0	0	0	0	0	0	0	0	0	0	0.645279430000646	0	0	0	0	0	0	0	0	0	0	0	0	0	0	0	0	0	0	0	0	0	0	0	0	0	0	0	0	0	0	0	0	0	0	0	0	0	0	0	0	0	0.613292330389775	0	0	0	0	0	0	0	0	0	0	0	0	0	0	0	0	0	0	0	0	0	0	0
0	0	0	0.733044827444685	0	0	0	0	0	0	0	0	0	0.855720726655853	0	0	0	0	0	0	0	0	0	0	0	0	0	0	0	0	0	0	0	0	0	0	0	0	0	0	0	0	0	0	0	0	0	0	0	0	0	0	0	0	0	0	0	0	0	0	0	0	0	0	0	0	0	0	0	0	0	0	0.574254054338454	0	0	0	0	0	0	0	0	0	0	0	0	0	0	0	0	0
0	0	0	0	0	0	0	0	0	0	0	0	0	0	0	0	0	0	0	0	0	0	0	0	0	0	0	0	0	0	0.871028613312663	0	0	0	0	0	0.766054066751803	0	0	0	0	0	0	0	0	0	0	0	0	0	0	0	0	0	0	0	0	0	0	0	0	0	0.940779400866516	0	0	0	0	0	0	0	0	0	0	0	0	0	0	0	0	0	0	0	0	0	0	0	0	0.828750075219534	0	0
0	0	0	0	0	0	0	0	0	0	0	0	0	0	0	0	0	0	0	0	0	0	0	0	0	0	0	0	0	0	0	0	0	0	0	0	0	0	0	0	0	0	0	0	0	0	0	0	0	0	0	0	0	0	0.87552083622987	0	0	0	0	0	0	0	0	0	0	0	0	0	0	0	0	0	0.921973770643841	0.886647355998706	0	0	0	0	0	0	0	0	0	0	0	0	0	0	0	0
0	0	0	0.978095851421718	0.657218333990121	0	0	0	0	0	0	0	0.790662649906708	0	0	0	0	0	0	0	0	0	0	0	0	0	0	0	0	0	0	0	0	0	0	0	0	0	0	0	0	0	0	0	0	0	0	0	0	0	0	0	0	0	0	0	0	0	0	0	0	0	0	0	0	0	0	0	0	0	0	0	0	0	0	0	0	0	0	0	0	0	0	0	0	0	0	0	0	0
0	0	0	0	0	0	0	0	0	0	0.551879778392233	0	0	0	0	0.580207451991643	0	0	0	0	0.631788892472607	0	0	0	0	0	0	0	0	0	0	0	0	0	0	0	0	0	0	0	0	0	0	0	0	0	0	0	0.820385506787577	0	0	0	0	0	0	0	0	0	0	0	0	0	0	0	0	0	0	0	0	0	0	0	0	0	0	0	0	0	0	0	0	0	0	0	0	0	0	0	0	0
0.958934830219349	0	0	0.976571518804114	0	0	0	0	0	0	0	0	0	0	0	0.989905475649314	0	0	0	0	0	0	0	0	0	0	0	0	0	0	0	0	0	0	0	0	0	0	0	0	0	0	0	0	0	0	0.724660173340622	0	0	0	0	0	0	0	0	0	0	0	0	0	0	0	0	0	0	0	0	0	0	0	0	0	0	0	0	0	0.577009753045477	0	0	0	0	0	0	0	0	0	0	0	0	0
0	0	0	0	0	0	0	0	0	0	0	0	0	0	0.694316195685871	0	0	0	0	0	0	0	0	0	0	0	0	0	0	0	0	0	0	0	0	0	0	0	0	0	0	0	0	0	0	0	0	0	0	0	0	0	0	0	0	0	0	0	0	0	0	0	0	0	0	0	0	0.891394928476637	0	0	0	0	0	0	0	0	0	0	0	0	0	0	0	0	0	0	0	0	0	0
0	0	0	0	0	0	0	0	0	0	0.811579298682997	0	0.84204678521806	0	0	0	0	0.911357748137214	0	0	0	0	0	0	0	0	0	0	0	0	0	0	0	0	0	0	0	0	0	0	0	0	0	0	0	0	0	0	0	0	0	0	0	0	0	0	0	0	0	0	0	0	0	0	0	0	0	0	0.809021546185825	0	0	0	0	0	0	0	0	0	0	0	0	0	0	0	0	0	0	0	0	0
0	0	0	0	0	0	0	0	0	0.956259084556101	0	0	0	0	0	0	0	0	0	0	0	0	0	0	0	0	0	0	0	0	0	0	0	0	0	0	0	0	0	0	0	0	0	0	0	0	0	0	0	0	0.865252537985407	0	0	0	0	0.956053076719706	0	0	0	0	0	0	0	0	0	0	0	0	0	0	0	0	0	0	0.916754187988502	0	0	0	0	0	0.828750075219534	0	0	0	0	0	0	0	0.624289946154608	0
0.995172461368405	0	0	0	0	0	0	0	0	0	0	0	0	0	0	0	0	0	0	0	0	0	0	0	0.905614965625586	0	0	0	0	0	0	0	0	0	0	0	0	0	0	0	0	0	0	0	0	0	0	0	0	0	0	0	0	0	0	0	0	0	0	0	0	0	0	0	0	0	0	0	0	0.928335232882627	0	0	0	0	0	0	0	0	0	0	0	0	0	0	0	0	0	0.624289946154608	0	0
0	0	0	0	0	0	0	0	0	0	0	0	0	0	0	0	0	0	0	0	0	0	0	0	0	0	0	0	0	0	0	0	0.622630062363772	0	0	0	0	0	0	0	0	0	0	0	0	0	0	0	0	0	0	0	0.996630657680329	0	0	0	0	0	0	0	0	0	0	0	0	0	0	0	0	0	0	0	0	0	0	0	0	0	0	0	0	0	0	0	0	0	0	0	0	0
