0	0.413361854384606	0.425018388103346	0	0	0	0	0	0.402346313663564	0	0	0	0.451890665231756	0	0	0	0	0	0	0	0	0	0	0	0	0.4521530991791	0	0	0	0	0	0	0	0	0	0	0	0	0.39854563157454	0	0	0	0	0	0	0	0.45020109631357	0	0	0	0	0	0	0	0.426264985881582	0	0	0	0	0.458840489791095	0	0	0	0	0	0	0	0
0.413361854384606	0	0	0	0.440123830035143	0	0	0	0	0	0	0	0	0.450867011091237	0.396482092613524	0	0.435450534690823	0	0	0	0	0.40012511111619	0	0	0	0	0	0	0	0	0.441426209452763	0	0	0	0	0	0	0	0	0.432708641252921	0	0	0.408081530558405	0	0	0	0	0	0	0	0	0	0	0	0	0	0	0	0	0	0	0	0	0	0	0	0	0
0.425018388103346	0	0	0	0	0	0	0	0	0	0	0	0	0	0	0	0	0	0	0	0	0	0	0.433816165966494	0.402867826226416	0	0	0	0	0	0	0	0	0	0.393259910976602	0	0	0	0	0.40329132983132	0.419734491777301	0	0	0	0.413575666025659	0	0	0	0	0	0.426256478459358	0	0	0	0	0.432243759050965	0	0	0	0	0	0	0	0	0	0	0	0
0	0	0	0	0	0	0	0	0	0	0	0	0	0	0	0	0	0	0	0.441958143555526	0	0	0	0	0	0	0	0	0	0	0	0	0	0	0	0	0	0	0	0	0.393240400089259	0	0	0	0	0.412743172607497	0	0	0	0.428298910028337	0	0	0	0	0	0	0.451652183662445	0	0.413492513238004	0	0.422164770211012	0	0	0	0.438946690476819	0	0	0
0	0.440123830035143	0	0	0	0.430850252183449	0	0	0	0	0	0.416379990623534	0	0	0	0	0	0	0	0	0.443012223537152	0	0	0	0	0	0	0	0.401359778420435	0	0	0	0	0	0	0	0	0	0	0.452483068624162	0	0.401546085137364	0	0.445132755668323	0	0	0.410832277768524	0	0	0	0.426370723110637	0	0	0	0	0	0	0	0	0	0	0.445587517651849	0	0	0	0	0.440618885994565	0
0	0	0	0	0.430850252183449	0	0.427936388574948	0	0	0	0	0	0	0	0.435136424155964	0.457368962264832	0	0	0	0	0	0	0.454456651404724	0.419898835286424	0	0	0	0.439804782506846	0	0	0	0	0	0	0	0	0.438297393235869	0	0	0	0	0	0	0	0.436620384264526	0.411317991566984	0	0	0	0.447985712342735	0	0	0	0	0.448135289336385	0	0.415597944183634	0	0	0	0	0	0.451774222610626	0	0	0	0	0
0	0	0	0	0	0.427936388574948	0	0	0	0	0	0.428141385864683	0	0	0	0	0	0	0	0	0	0	0	0	0	0	0	0	0.450679292636811	0	0	0	0	0	0	0.406631135862659	0	0	0.440168451306708	0	0.419928430633985	0	0	0	0	0.446769239638831	0	0	0	0	0	0	0	0	0.407446638492343	0	0.444361287719708	0	0	0	0	0	0	0	0	0	0	0
0	0	0	0	0	0	0	0	0	0	0.418218592115328	0	0	0	0	0	0	0	0	0	0	0	0	0	0	0	0	0.430320357779953	0.447558606232325	0	0	0.404014380666813	0	0	0	0	0	0	0	0	0	0	0	0	0	0	0	0.438219373001523	0	0.422500373749176	0.453286222310224	0	0	0	0	0	0	0.458761626907441	0	0	0	0	0.449228587941739	0	0.457378540430531	0	0	0.420672002560771
0.402346313663564	0	0	0	0	0	0	0	0	0	0	0	0	0	0	0.412777024382533	0	0	0	0	0	0	0.455224231771033	0	0.439872466151929	0	0	0	0	0	0	0	0	0	0	0	0	0	0	0	0	0	0	0	0	0.446548732783565	0	0	0	0.40457069406903	0	0	0	0	0	0	0.424242876316113	0	0	0	0	0	0	0	0	0.431880317563753	0	0.401120238941913
0	0	0	0	0	0	0	0	0	0	0	0	0	0	0	0	0	0	0	0	0	0.429878021216807	0	0	0	0	0	0	0.442157919096731	0	0	0.449437138775112	0.429032806932076	0	0	0	0	0	0	0.43880011915834	0	0	0	0	0.432754929936444	0	0	0.409353801048164	0.45696660926007	0	0	0	0	0	0	0	0	0	0	0	0	0	0	0	0.453886547166966	0	0	0
0	0	0	0	0	0	0	0.418218592115328	0	0	0	0	0	0	0	0	0	0	0	0	0	0	0	0	0	0	0	0	0	0	0	0	0	0	0	0	0	0	0.406080525894528	0	0	0	0	0	0	0.419564033908481	0.422326287448539	0.400886335431576	0	0	0	0	0	0	0	0	0	0	0	0	0	0.43922685125488	0.403587206299915	0	0.432036479348902	0	0	0
0	0	0	0	0.416379990623534	0	0.428141385864683	0	0	0	0	0	0	0.405165942105672	0	0.435382776654206	0	0	0	0	0	0	0	0	0	0	0	0	0	0	0	0	0	0	0	0.438520383993155	0.412731932547354	0	0	0	0	0	0	0	0.403806792930318	0	0	0	0	0	0	0	0	0	0	0	0	0	0	0	0	0.444601052860138	0	0	0	0	0	0
0.451890665231756	0	0	0	0	0	0	0	0	0	0	0	0	0	0	0	0.439782274258198	0	0	0	0	0	0	0	0	0	0	0.420781705752547	0.457639315136587	0.446814923138397	0	0	0.39974141661194	0.427215235895078	0.425771401642832	0	0	0	0	0	0.396366077433499	0	0	0	0	0.407356596131024	0	0	0	0	0	0.457006103662569	0	0	0	0	0	0	0	0	0	0	0	0.429983483989635	0	0	0	0
0	0.450867011091237	0	0	0	0	0	0	0	0	0	0.405165942105672	0	0	0	0	0	0	0	0	0	0	0	0	0	0	0	0	0	0.449957400437811	0	0	0	0.4503972357681	0	0	0	0	0	0.418340187259122	0	0	0.43262550973249	0	0.42715441418294	0	0	0	0	0.407286856395518	0	0.406373948219533	0	0	0	0	0	0.45429354420037	0	0	0.401773786754921	0	0.393153554458823	0.441908826450147	0	0	0	0
0	0.396482092613524	0	0	0	0.435136424155964	0	0	0	0	0	0	0	0	0	0	0	0	0	0.443882086042229	0	0	0	0	0	0	0	0	0	0.456429202572091	0	0	0	0	0.458459919685811	0	0	0	0	0	0	0	0	0	0	0	0	0.448172730493808	0	0	0	0	0	0	0	0	0	0	0.417009194905075	0	0	0	0	0.403286841254792	0	0	0	0.426165308871205
0	0	0	0	0	0.457368962264832	0	0	0.412777024382533	0	0	0.435382776654206	0	0	0	0	0	0	0	0.433981944151621	0	0	0	0	0	0	0	0	0	0	0	0	0	0	0	0	0	0	0	0	0	0	0.395062742358914	0	0	0	0	0	0	0.416743331288171	0	0	0	0	0	0	0	0	0	0	0	0	0	0	0.43056285192685	0	0	0
0	0.435450534690823	0	0	0	0	0	0	0	0	0	0	0.439782274258198	0	0	0	0	0	0	0.448270396165595	0.426177110674455	0	0	0.432914039838081	0.439836716756985	0.457890437094829	0	0	0.437608399627724	0	0	0	0	0	0	0.410962011929504	0	0	0	0	0	0	0	0	0	0	0	0	0	0	0	0	0	0	0	0	0	0	0	0	0	0	0	0	0	0	0.399132809360167	0
0	0	0	0	0	0	0	0	0	0	0	0	0	0	0	0	0	0	0	0	0	0	0	0	0	0	0.403627443280652	0	0	0	0	0	0	0	0	0.425118099132768	0	0	0.450114781450104	0	0	0	0	0	0	0	0	0	0	0	0	0	0	0	0	0	0	0	0	0	0	0	0	0	0	0	0	0
0	0	0	0	0	0	0	0	0	0	0	0	0	0	0	0	0	0	0	0	0	0	0	0	0	0	0.435660950911474	0	0.430464768692371	0	0	0	0	0	0	0	0	0	0	0	0	0	0	0	0	0.412536079459333	0	0	0.401093544090796	0	0	0.422404166878393	0	0.444699708171632	0.416559612831561	0	0	0	0	0	0	0.433563280577467	0	0	0	0	0	0
0	0	0	0.441958143555526	0	0	0	0	0	0	0	0	0	0	0.443882086042229	0.433981944151621	0.448270396165595	0	0	0	0.437299534367575	0	0	0.438748899456144	0	0	0	0	0	0	0	0	0	0	0	0	0	0	0	0.449785617605104	0	0.408871039131078	0	0	0	0.393206231131137	0.415989936280471	0.453028342745371	0	0	0	0	0	0.431953901854637	0	0	0	0	0.401130854840739	0	0	0	0	0.458972523247332	0	0	0	0
0	0	0	0	0.443012223537152	0	0	0	0	0	0	0	0	0	0	0	0.426177110674455	0	0	0.437299534367575	0	0	0	0	0	0	0.397941124147586	0.451611606993976	0	0	0.393816828543463	0	0	0	0	0	0	0	0	0	0	0	0	0.449178876245778	0.395898611506364	0	0.450608742516084	0	0.435915566940966	0	0	0	0	0.403190434433995	0	0	0	0	0	0	0	0	0	0	0	0	0	0
0	0.40012511111619	0	0	0	0	0	0	0	0.429878021216807	0	0	0	0	0	0	0	0	0	0	0	0	0	0.437894257151686	0	0.431308532028915	0	0.422955497497282	0	0	0	0	0	0.393378871199732	0	0.435443890443987	0	0	0	0	0	0.453322060395648	0	0	0	0	0.396624961394782	0	0	0	0	0	0	0	0	0	0	0	0.431243740662793	0.447065872784657	0.438392049062406	0.411429705873947	0	0	0	0	0.441761475206531	0
0	0	0	0	0	0.454456651404724	0	0	0.455224231771033	0	0	0	0	0	0	0	0	0	0	0	0	0	0	0	0	0	0	0	0	0	0.39406661606415	0	0	0	0.425600993997772	0	0	0	0	0	0.446406202418385	0	0	0	0	0	0.415390949067772	0	0	0	0.438404616782179	0	0	0	0	0	0	0	0	0	0.424966105284746	0	0	0	0	0	0	0.42181184037677
0	0	0.433816165966494	0	0	0.419898835286424	0	0	0	0	0	0	0	0	0	0	0.432914039838081	0	0	0.438748899456144	0	0.437894257151686	0	0	0	0	0	0	0	0	0	0	0	0	0	0.406233053911907	0	0	0	0	0	0	0	0	0.422330975789643	0	0	0	0	0.396898838562583	0	0	0	0	0	0	0	0	0	0	0	0	0	0	0	0	0	0
0	0	0.402867826226416	0	0	0	0	0	0.439872466151929	0	0	0	0	0	0	0	0.439836716756985	0	0	0	0	0	0	0	0	0	0.445421854822619	0	0	0	0	0	0.446598668310323	0	0.404847597916166	0	0	0	0	0.406561934940012	0	0	0.413558969004768	0	0.446051942472833	0	0	0	0.455832374941814	0	0	0	0	0.441703375219304	0.393550844980742	0	0	0	0	0	0	0	0	0	0.404140448650437	0	0	0
0.4521530991791	0	0	0	0	0	0	0	0	0	0	0	0	0	0	0	0.457890437094829	0	0	0	0	0.431308532028915	0	0	0	0	0	0	0	0.457966298836684	0	0	0	0	0	0.414319128633935	0	0	0	0	0	0	0	0	0	0	0	0.423132118589565	0	0	0	0	0.418474290044549	0	0	0	0.419013699796562	0.401731330164606	0	0	0	0	0	0	0	0	0	0
0	0	0	0	0	0	0	0	0	0	0	0	0	0	0	0	0	0.403627443280652	0.435660950911474	0	0.397941124147586	0	0	0	0.445421854822619	0	0	0	0	0.432278793007015	0	0	0	0	0.419768333042342	0	0	0	0	0.422015333730518	0	0.425386538788691	0	0	0.45343158949804	0.442555175684663	0.421216903607753	0	0	0	0.410858808178518	0	0.438332620964238	0	0	0.44808996703715	0	0	0	0	0	0	0.414665570708618	0.405812362409339	0.42759473230891	0	0	0
0	0	0	0	0	0.439804782506846	0	0.430320357779953	0	0	0	0	0.420781705752547	0	0	0	0	0	0	0	0.451611606993976	0.422955497497282	0	0	0	0	0	0	0	0	0	0	0	0	0	0	0	0.425838189034635	0	0	0	0	0	0	0	0	0	0	0	0	0	0	0	0	0.428758162358237	0	0	0	0	0	0	0	0.439053790562966	0	0	0	0	0.420519578769744
0	0	0	0	0.401359778420435	0	0.450679292636811	0.447558606232325	0	0.442157919096731	0	0	0.457639315136587	0	0	0	0.437608399627724	0	0.430464768692371	0	0	0	0	0	0	0	0	0	0	0	0	0	0	0	0.442168654012564	0	0	0.428950411156862	0	0.449832289334186	0	0	0	0	0	0	0	0	0	0	0	0	0	0	0	0	0	0	0	0	0	0	0	0	0	0	0	0
0	0	0	0	0	0	0	0	0	0	0	0	0.446814923138397	0.449957400437811	0.456429202572091	0	0	0	0	0	0	0	0	0	0	0.457966298836684	0.432278793007015	0	0	0	0	0.424662191563666	0	0	0	0	0	0	0	0	0	0	0.416651980569729	0	0	0	0	0	0	0	0	0	0	0	0.429309642016206	0	0.431127795204585	0	0	0	0	0.395103830669958	0	0	0	0	0	0.39530855836572
0	0.441426209452763	0	0	0	0	0	0	0	0	0	0	0	0	0	0	0	0	0	0	0.393816828543463	0	0.39406661606415	0	0	0	0	0	0	0	0	0	0	0	0	0	0	0	0	0	0	0	0	0	0	0	0	0	0.449316780313391	0.432188987835809	0.457526301029062	0	0	0.404567568852724	0	0	0	0	0	0	0	0	0	0	0.456264525711731	0	0	0
0	0	0	0	0	0	0	0.404014380666813	0	0.449437138775112	0	0	0	0	0	0	0	0	0	0	0	0	0	0	0	0	0	0	0	0.424662191563666	0	0	0.435237182884644	0.455655487489302	0	0	0	0	0	0	0	0	0	0	0.404185634430822	0	0	0	0	0	0	0	0	0	0	0	0	0	0	0	0	0	0.407408672392654	0	0.404504191597492	0	0	0
0	0	0	0	0	0	0	0	0	0.429032806932076	0	0	0.39974141661194	0	0	0	0	0	0	0	0	0	0	0	0.446598668310323	0	0	0	0	0	0	0.435237182884644	0	0	0	0	0	0	0	0.400587265953052	0	0	0	0	0	0	0.419807210146774	0	0	0	0	0	0	0	0	0	0	0	0	0	0	0	0	0	0	0	0	0
0	0	0	0	0	0	0	0	0	0	0	0	0.427215235895078	0.4503972357681	0	0	0	0	0	0	0	0.393378871199732	0	0	0	0	0	0	0	0	0	0.455655487489302	0	0	0	0	0	0.403492647858222	0	0	0	0	0	0	0	0	0	0.431658277642573	0	0	0	0	0.412828227053644	0	0	0	0	0	0	0	0	0	0	0	0	0	0	0
0	0	0.393259910976602	0	0	0	0	0	0	0	0	0	0.425771401642832	0	0.458459919685811	0	0	0	0	0	0	0	0.425600993997772	0	0.404847597916166	0	0.419768333042342	0	0.442168654012564	0	0	0	0	0	0	0	0	0	0	0	0	0	0	0	0	0	0.417254317820879	0	0	0	0.421586769327144	0	0	0	0.415455375368533	0	0	0	0.414009054622048	0.426140656415309	0	0	0	0	0	0	0	0.452305085066843
0	0	0	0	0	0	0.406631135862659	0	0	0	0	0.438520383993155	0	0	0	0	0.410962011929504	0.425118099132768	0	0	0	0.435443890443987	0	0.406233053911907	0	0.414319128633935	0	0	0	0	0	0	0	0	0	0	0.453707772617895	0	0	0.456910362080888	0	0	0	0	0	0.410550793255308	0	0.451265458933282	0	0	0	0.407329713996299	0	0	0	0	0	0	0	0	0	0	0	0	0	0	0.424732288134432	0
0	0	0	0	0	0.438297393235869	0	0	0	0	0	0.412731932547354	0	0	0	0	0	0	0	0	0	0	0	0	0	0	0	0	0	0	0	0	0	0	0	0.453707772617895	0	0.437931461091	0	0	0	0	0	0	0.423673044620085	0.397789956373253	0	0	0	0	0	0	0	0	0	0	0.4122185798746	0	0	0	0	0	0	0	0.409024995736497	0	0	0
0	0	0	0	0	0	0	0	0	0	0	0	0	0	0	0	0	0	0	0	0	0	0	0	0	0	0	0.425838189034635	0.428950411156862	0	0	0	0	0.403492647858222	0	0	0.437931461091	0	0	0	0	0.415086278237338	0	0	0	0	0	0.428408368164199	0.405232295079691	0	0.423599178922836	0	0	0	0	0	0	0	0	0	0.427040307864873	0	0	0	0	0	0	0
0.39854563157454	0	0	0	0	0	0.440168451306708	0	0	0	0.406080525894528	0	0	0	0	0	0	0.450114781450104	0	0	0	0	0	0	0	0	0	0	0	0	0	0	0	0	0	0	0	0	0	0	0	0	0	0	0	0	0.43130456661072	0	0	0	0	0	0	0	0	0	0	0	0	0	0	0	0	0	0	0	0	0
0	0.432708641252921	0.40329132983132	0	0.452483068624162	0	0	0	0	0.43880011915834	0	0	0	0.418340187259122	0	0	0	0	0	0.449785617605104	0	0	0	0	0.406561934940012	0	0.422015333730518	0	0.449832289334186	0	0	0	0.400587265953052	0	0	0.456910362080888	0	0	0	0	0	0	0	0.449657060504123	0	0	0	0	0	0	0.437648570943522	0	0.436451568093494	0.403999174136091	0	0.405160762856153	0	0	0	0	0	0.407808968600842	0	0	0.425555752956993	0	0	0.446396633826856
0	0	0.419734491777301	0.393240400089259	0	0	0.419928430633985	0	0	0	0	0	0.396366077433499	0	0	0	0	0	0	0	0	0	0.446406202418385	0	0	0	0	0	0	0	0	0	0	0	0	0	0	0	0	0	0	0.446798606809377	0	0	0	0	0	0	0	0	0	0.411520281928054	0	0	0	0	0	0	0	0	0	0	0	0	0	0	0	0
0	0	0	0	0.401546085137364	0	0	0	0	0	0	0	0	0	0	0	0	0	0	0.408871039131078	0	0.453322060395648	0	0	0	0	0.425386538788691	0	0	0	0	0	0	0	0	0	0	0.415086278237338	0	0	0.446798606809377	0	0	0	0	0	0	0	0	0	0	0	0	0	0	0.400184360178159	0	0	0.441674549078086	0	0	0	0	0.401238459977321	0	0.432037097097649	0.421563342170035	0
0	0.408081530558405	0	0	0	0	0	0	0	0	0	0	0	0.43262550973249	0	0.395062742358914	0	0	0	0	0	0	0	0	0.413558969004768	0	0	0	0	0.416651980569729	0	0	0	0	0	0	0	0	0	0	0	0	0	0	0.434732069904162	0	0	0	0	0	0	0	0	0	0.415819627989106	0	0	0.431389270620448	0.440037336327624	0	0	0	0	0	0	0	0	0.449400325306679
0	0	0	0	0.445132755668323	0	0	0	0	0	0	0	0	0	0	0	0	0	0	0	0.449178876245778	0	0	0	0	0	0	0	0	0	0	0	0	0	0	0	0	0	0	0.449657060504123	0	0	0	0	0	0	0	0	0	0	0	0	0	0	0	0	0	0.402178703628022	0	0	0	0	0	0	0	0	0	0
0	0	0.413575666025659	0	0	0.436620384264526	0	0	0	0.432754929936444	0	0.403806792930318	0	0.42715441418294	0	0	0	0	0	0	0.395898611506364	0	0	0.422330975789643	0.446051942472833	0	0.45343158949804	0	0	0	0	0.404185634430822	0	0	0	0	0.423673044620085	0	0	0	0	0	0.434732069904162	0	0	0.407350551933659	0	0	0.433946101478532	0	0	0	0	0	0	0	0.416379161564532	0	0	0	0	0	0	0	0	0	0	0
0	0	0	0.412743172607497	0	0.411317991566984	0.446769239638831	0	0.446548732783565	0	0.419564033908481	0	0.407356596131024	0	0	0	0	0	0.412536079459333	0.393206231131137	0	0	0	0	0	0	0.442555175684663	0	0	0	0	0	0	0	0	0.410550793255308	0.397789956373253	0	0	0	0	0	0	0	0.407350551933659	0	0	0	0.431585390819549	0	0	0.457313917930409	0	0.443140907159537	0	0.407131008726033	0	0	0	0	0	0	0	0	0	0	0	0
0.45020109631357	0	0	0	0.410832277768524	0	0	0	0	0	0.422326287448539	0	0	0	0	0	0	0	0	0.415989936280471	0.450608742516084	0.396624961394782	0.415390949067772	0	0	0	0.421216903607753	0	0	0	0	0	0.419807210146774	0	0.417254317820879	0	0	0	0.43130456661072	0	0	0	0	0	0	0	0	0	0	0	0	0.451775205613956	0.403928276170676	0.406975888752082	0	0.411902532715511	0	0	0	0	0	0	0	0	0	0	0	0
0	0	0	0	0	0	0	0.438219373001523	0	0.409353801048164	0.400886335431576	0	0	0	0.448172730493808	0	0	0	0	0.453028342745371	0	0	0	0	0	0.423132118589565	0	0	0	0	0	0	0	0.431658277642573	0	0.451265458933282	0	0.428408368164199	0	0	0	0	0	0	0	0	0	0	0	0	0.451698930534915	0	0	0	0	0	0	0	0.427662074083576	0.416859681176474	0	0	0	0	0.429452183255778	0	0	0
0	0	0	0	0	0	0	0	0	0.45696660926007	0	0	0	0	0	0	0	0	0.401093544090796	0	0.435915566940966	0	0	0	0.455832374941814	0	0	0	0	0	0.449316780313391	0	0	0	0	0	0	0.405232295079691	0	0	0	0	0	0	0.433946101478532	0.431585390819549	0	0	0	0	0	0.393877728814695	0	0.424554489446847	0	0	0	0	0	0	0	0.415808630953449	0	0	0	0	0	0
0	0	0	0.428298910028337	0	0.447985712342735	0	0.422500373749176	0.40457069406903	0	0	0	0	0.407286856395518	0	0.416743331288171	0	0	0	0	0	0	0	0.396898838562583	0	0	0	0	0	0	0.432188987835809	0	0	0	0	0	0	0	0	0	0	0	0	0	0	0	0	0	0	0	0	0.430002042655711	0	0	0	0.429615050316897	0	0	0	0	0.40690099928539	0	0	0	0	0	0	0
0	0	0.426256478459358	0	0.426370723110637	0	0	0.453286222310224	0	0	0	0	0	0	0	0	0	0	0	0	0	0	0.438404616782179	0	0	0	0.410858808178518	0	0	0	0.457526301029062	0	0	0	0.421586769327144	0	0	0.423599178922836	0	0.437648570943522	0	0	0	0	0	0	0	0.451698930534915	0	0	0	0	0	0	0	0	0	0	0	0	0	0	0	0	0	0	0	0
0	0	0	0	0	0	0	0	0	0	0	0	0.457006103662569	0.406373948219533	0	0	0	0	0.422404166878393	0	0	0	0	0	0	0	0	0	0	0	0	0	0	0	0	0.407329713996299	0	0	0	0	0.411520281928054	0	0	0	0	0.457313917930409	0.451775205613956	0	0.393877728814695	0.430002042655711	0	0	0	0	0	0	0	0.42920929434171	0	0	0	0	0	0.401752347744183	0	0	0	0
0	0	0	0	0	0	0	0	0	0	0	0	0	0	0	0	0	0	0	0	0	0	0	0	0	0.418474290044549	0.438332620964238	0	0	0	0	0	0	0.412828227053644	0	0	0	0	0	0.436451568093494	0	0	0	0	0	0	0.403928276170676	0	0	0	0	0	0	0	0	0	0	0	0	0.428780173167552	0	0.454504053750404	0.432612721770169	0	0	0	0.432371368813362	0
0	0	0	0	0	0	0	0	0	0	0	0	0	0	0	0	0	0	0.444699708171632	0.431953901854637	0.403190434433995	0	0	0	0.441703375219304	0	0	0	0	0	0.404567568852724	0	0	0	0	0	0	0	0	0.403999174136091	0	0	0	0	0	0.443140907159537	0.406975888752082	0	0.424554489446847	0	0	0	0	0	0.431178391972925	0.411342316331007	0	0	0	0	0	0	0	0	0	0	0	0.413391553633713
0.426264985881582	0	0	0	0	0.448135289336385	0.407446638492343	0	0	0	0	0	0	0	0	0	0	0	0.416559612831561	0	0	0	0	0	0.393550844980742	0	0	0.428758162358237	0	0.429309642016206	0	0	0	0	0.415455375368533	0	0	0	0	0	0	0	0.415819627989106	0	0	0	0	0	0	0	0	0	0	0.431178391972925	0	0	0	0	0	0	0.415861554391532	0	0	0	0	0	0	0
0	0	0.432243759050965	0	0	0	0	0	0	0	0	0	0	0	0	0	0	0	0	0	0	0	0	0	0	0	0.44808996703715	0	0	0	0	0	0	0	0	0	0	0	0	0.405160762856153	0	0.400184360178159	0	0	0	0.407131008726033	0.411902532715511	0	0	0.429615050316897	0	0	0	0.411342316331007	0	0	0.405766425862278	0	0	0	0	0	0	0	0	0	0.397977544763563	0
0	0	0	0.451652183662445	0	0.415597944183634	0.444361287719708	0	0.424242876316113	0	0	0	0	0	0	0	0	0	0	0	0	0	0	0	0	0.419013699796562	0	0	0	0.431127795204585	0	0	0	0	0	0	0.4122185798746	0	0	0	0	0	0	0	0.416379161564532	0	0	0	0	0	0	0	0	0	0	0.405766425862278	0	0	0	0	0	0	0	0	0	0	0	0
0	0	0	0	0	0	0	0.458761626907441	0	0	0	0	0	0.45429354420037	0	0	0	0	0	0	0	0	0	0	0	0.401731330164606	0	0	0	0	0	0	0	0	0	0	0	0	0	0	0	0	0.431389270620448	0.402178703628022	0	0	0	0	0	0	0	0.42920929434171	0	0	0	0	0	0	0	0	0	0.429232427535479	0	0	0.425934525988772	0	0	0
0	0	0	0.413492513238004	0	0	0	0	0	0	0	0	0	0	0.417009194905075	0	0	0	0	0.401130854840739	0	0.431243740662793	0	0	0	0	0	0	0	0	0	0	0	0	0.414009054622048	0	0	0	0	0	0	0.441674549078086	0.440037336327624	0	0	0	0	0.427662074083576	0	0	0	0	0	0	0	0	0	0	0	0	0	0.416590812243025	0	0	0	0	0.407179129985025	0
0.458840489791095	0	0	0	0	0	0	0	0	0	0	0	0	0	0	0	0	0	0	0	0	0.447065872784657	0	0	0	0	0	0	0	0	0	0	0	0	0.426140656415309	0	0	0	0	0	0	0	0	0	0	0	0	0.416859681176474	0	0	0	0	0.428780173167552	0	0	0	0	0	0	0	0	0	0	0	0	0	0	0
0	0	0	0.422164770211012	0	0	0	0	0	0	0	0	0	0.401773786754921	0	0	0	0	0	0	0	0.438392049062406	0.424966105284746	0	0	0	0	0	0	0	0	0	0	0	0	0	0	0.427040307864873	0	0	0	0	0	0	0	0	0	0	0	0.40690099928539	0	0	0	0	0.415861554391532	0	0	0	0	0	0	0	0	0	0	0	0.417066782106093	0.406209417181653
0	0	0	0	0.445587517651849	0	0	0	0	0	0.43922685125488	0.444601052860138	0	0	0	0	0	0	0.433563280577467	0	0	0.411429705873947	0	0	0	0	0	0	0	0.395103830669958	0	0	0	0	0	0	0	0	0	0.407808968600842	0	0	0	0	0	0	0	0	0.415808630953449	0	0	0	0.454504053750404	0	0	0	0	0.429232427535479	0.416590812243025	0	0	0	0.448381663512118	0	0	0	0	0
0	0	0	0	0	0.451774222610626	0	0.449228587941739	0	0	0.403587206299915	0	0	0.393153554458823	0	0	0	0	0	0	0	0	0	0	0	0	0.414665570708618	0.439053790562966	0	0	0	0.407408672392654	0	0	0	0	0	0	0	0	0	0	0	0	0	0	0	0	0	0	0	0	0.432612721770169	0	0	0	0	0	0	0	0	0.448381663512118	0	0.421508205436429	0	0	0	0
0	0	0	0	0	0	0	0	0	0	0	0	0.429983483989635	0.441908826450147	0.403286841254792	0	0	0	0	0.458972523247332	0	0	0	0	0	0	0.405812362409339	0	0	0	0	0	0	0	0	0	0	0	0	0	0	0.401238459977321	0	0	0	0	0	0	0	0	0	0.401752347744183	0	0	0	0	0	0	0	0	0	0	0.421508205436429	0	0	0	0	0
0	0	0	0.438946690476819	0	0	0	0.457378540430531	0	0.453886547166966	0.432036479348902	0	0	0	0	0.43056285192685	0	0	0	0	0	0	0	0	0.404140448650437	0	0.42759473230891	0	0	0	0.456264525711731	0.404504191597492	0	0	0	0	0.409024995736497	0	0	0.425555752956993	0	0	0	0	0	0	0	0.429452183255778	0	0	0	0	0	0	0	0	0	0.425934525988772	0	0	0	0	0	0	0	0	0.422259359294319	0
0	0	0	0	0	0	0	0	0.431880317563753	0	0	0	0	0	0	0	0	0	0	0	0	0	0	0	0	0	0	0	0	0	0	0	0	0	0	0	0	0	0	0	0	0.432037097097649	0	0	0	0	0	0	0	0	0	0	0	0	0	0	0	0	0	0	0	0	0	0	0	0	0	0
0	0	0	0	0.440618885994565	0	0	0	0	0	0	0	0	0	0	0	0.399132809360167	0	0	0	0	0.441761475206531	0	0	0	0	0	0	0	0	0	0	0	0	0	0.424732288134432	0	0	0	0	0	0.421563342170035	0	0	0	0	0	0	0	0	0	0	0.432371368813362	0	0	0.397977544763563	0	0	0.407179129985025	0	0.417066782106093	0	0	0	0.422259359294319	0	0	0.441854611640225
0	0	0	0	0	0	0	0.420672002560771	0.401120238941913	0	0	0	0	0	0.426165308871205	0	0	0	0	0	0	0	0.42181184037677	0	0	0	0	0.420519578769744	0	0.39530855836572	0	0	0	0	0.452305085066843	0	0	0	0	0.446396633826856	0	0	0.449400325306679	0	0	0	0	0	0	0	0	0	0	0.413391553633713	0	0	0	0	0	0	0.406209417181653	0	0	0	0	0	0.441854611640225	0
